0 0.946875 0.47890625 0.015625 0.0390625
0 0.25546875 0.26875 0.0203125 0.053125
0 0.1125 0.19296875 0.01875 0.0421875
0 0.26875 0.309375 0.028125 0.0703125
4 0.734375 0.425 0.0203125 0.05
0 0.6546875 0.37421875 0.0140625 0.040625
0 0.18515625 0.3578125 0.04375 0.10625
4 0.3078125 0.24921875 0.015625 0.040625
4 0.6359375 0.4078125 0.021875 0.05625
0 0.5328125 0.3453125 0.015625 0.04375
0 0.2 0.23125 0.01875 0.0453125
4 0.84609375 0.459375 0.01875 0.0453125
1 0.215625 0.321875 0.0546875 0.1515625
4 0.39453125 0.2953125 0.0171875 0.0453125
4 0.5515625 0.41484375 0.03125 0.0765625
1 0.146875 0.3390625 0.0734375 0.184375
4 0.1953125 0.203125 0.0140625 0.034375
2 0.471875 0.27109375 0.0078125 0.025
0 0.78671875 0.41640625 0.0140625 0.0375
2 0.4171875 0.2875 0.0140625 0.0375
2 0.4515625 0.27734375 0.009375 0.028125
1 0.49453125 0.48046875 0.0640625 0.2
2 0.52890625 0.28125 0.00625 0.01875
2 0.48671875 0.26640625 0.0078125 0.0203125
2 0.54296875 0.309375 0.009375 0.028125
2 0.50703125 0.2734375 0.0078125 0.0203125
2 0.546875 0.2984375 0.00625 0.021875
4 0.52578125 0.75 0.0875 0.2140625
1 0.50234375 0.43515625 0.0515625 0.1609375
4 0.48359375 0.47890625 0.0296875 0.10625
2 0.5375 0.33125 0.0125 0.0390625