4 0.61484375 0.34921875 0.025 0.0671875
0 0.81015625 0.3171875 0.01875 0.0515625
0 0.7234375 0.28515625 0.0140625 0.0375
4 0.21484375 0.428125 0.0375 0.0984375
4 0.6375 0.31171875 0.0171875 0.05
4 0.471875 0.39375 0.034375 0.0875
0 0.5265625 0.25859375 0.009375 0.0265625
0 0.096875 0.2734375 0.009375 0.028125
4 0.478125 0.2671875 0.0109375 0.03125
0 0.4265625 0.25390625 0.0078125 0.025
4 0.54609375 0.27578125 0.0125 0.0359375
4 0.04375 0.29375 0.015625 0.0375
4 0.6046875 0.2890625 0.0140625 0.0390625
0 0.21875 0.2609375 0.009375 0.025
4 0.140625 0.2796875 0.0109375 0.03125
0 0.86328125 0.3828125 0.0296875 0.0796875
4 0.4 0.26328125 0.0109375 0.028125
0 0.62578125 0.2671875 0.0109375 0.0296875
0 0.75234375 0.50390625 0.05625 0.1421875
0 0.3265625 0.25546875 0.0078125 0.025
4 0.3203125 0.26484375 0.0109375 0.028125
4 0.23359375 0.26875 0.0109375 0.0296875