4 0.409375 0.371875 0.0265625 0.06875
0 0.31015625 0.28984375 0.0203125 0.0453125
0 0.15859375 0.28125 0.0296875 0.0640625
0 0.93671875 0.45546875 0.009375 0.021875
0 0.4640625 0.296875 0.0109375 0.0296875
0 0.4640625 0.27890625 0.009375 0.025
1 0.834375 0.40859375 0.0125 0.03125
0 0.4203125 0.3 0.0140625 0.0375
4 0.57578125 0.35 0.0140625 0.0359375
4 0.36640625 0.4515625 0.0453125 0.1109375
1 0.859375 0.41328125 0.0109375 0.03125
4 0.5171875 0.3625 0.01875 0.0453125
4 0.78515625 0.3875 0.009375 0.01875
0 0.12578125 0.12109375 0.0078125 0.0203125
4 0.58359375 0.3296875 0.009375 0.028125
4 0.2890625 0.18046875 0.00625 0.0171875
0 0.7953125 0.3890625 0.00625 0.015625
0 0.32265625 0.19921875 0.0078125 0.01875
0 0.3921875 0.2265625 0.0078125 0.0203125
0 0.72734375 0.35234375 0.00625 0.0140625
1 0.88046875 0.42421875 0.0125 0.03125
4 0.54453125 0.29921875 0.009375 0.021875
4 0.18359375 0.12578125 0.0046875 0.0125
4 0.8234375 0.40703125 0.009375 0.0203125
0 0.1390625 0.10546875 0.0046875 0.0125
4 0.49296875 0.2671875 0.0078125 0.0203125
4 0.37265625 0.21328125 0.00625 0.015625
4 0.6453125 0.81953125 0.0421875 0.115625
4 0.27109375 0.15703125 0.0046875 0.0125
0 0.43671875 0.253125 0.0078125 0.0203125
4 0.71328125 0.35078125 0.00625 0.0171875
4 0.74609375 0.36640625 0.00625 0.0171875
0 0.76328125 0.37265625 0.00625 0.0140625
0 0.18203125 0.1453125 0.009375 0.021875
4 0.22265625 0.1546875 0.0078125 0.01875
4 0.12578125 0.10390625 0.00625 0.015625
4 0.16015625 0.128125 0.009375 0.0203125
0 0.25 0.171875 0.0078125 0.0203125
0 0.86640625 0.42265625 0.0078125 0.01875
4 0.44296875 0.240625 0.00625 0.0171875
4 0.1140625 0.1078125 0.00625 0.0171875
4 0.2328125 0.14453125 0.0046875 0.0125
4 0.684375 0.3359375 0.00625 0.0140625
1 0.81328125 0.3953125 0.0125 0.0328125
4 0.659375 0.32265625 0.00625 0.0140625
0 0.64921875 0.31015625 0.0046875 0.0140625
0 0.24765625 0.14609375 0.0046875 0.0109375
0 0.828125 0.40390625 0.00625 0.0171875
0 0.19921875 0.12890625 0.0046875 0.0125
4 0.55546875 0.2703125 0.003125 0.0109375
4 0.4625 0.23125 0.0046875 0.0125
4 0.63046875 0.30703125 0.00625 0.0140625
4 0.890625 0.44296875 0.009375 0.021875
4 0.30859375 0.171875 0.0046875 0.0140625
0 0.68828125 0.33125 0.0046875 0.0140625
4 0.5921875 0.28828125 0.0046875 0.0109375