0 0.5078125 0.534375 0.03125 0.10625
0 0.19609375 0.69921875 0.0609375 0.2015625
0 0.16015625 0.39375 0.015625 0.053125
0 0.68828125 0.48125 0.0203125 0.0640625
0 0.36875 0.3796875 0.0109375 0.0328125
0 0.29296875 0.38828125 0.0109375 0.040625
4 0.25703125 0.36171875 0.0109375 0.0375
0 0.3265625 0.34296875 0.00625 0.021875
0 0.153125 0.31640625 0.0078125 0.0203125
0 0.4140625 0.37109375 0.0109375 0.03125
4 0.271875 0.3453125 0.00625 0.025
0 0.065625 0.30859375 0.0078125 0.021875
0 0.81953125 0.47734375 0.0171875 0.05625
4 0.1203125 0.36328125 0.0109375 0.0390625
4 0.13515625 0.32265625 0.0078125 0.028125
2 0.5953125 0.3625 0.0046875 0.015625
4 0.46328125 0.325 0.003125 0.0109375
4 0.21015625 0.33125 0.00625 0.021875
2 0.5734375 0.3578125 0.0046875 0.0140625
0 0.27578125 0.33203125 0.00625 0.0171875
0 0.384375 0.35546875 0.009375 0.028125
4 0.29375 0.35703125 0.0078125 0.0296875
2 0.35625 0.31953125 0.0046875 0.0140625