0 0.4 0.428125 0.0140625 0.03515625
0 0.340625 0.49140625 0.02734375 0.06015625
0 0.9 0.4015625 0.0109375 0.0234375
0 0.8015625 0.3984375 0.01015625 0.01953125
0 0.41484375 0.41171875 0.0109375 0.028125
0 0.48203125 0.384375 0.00546875 0.01796875
0 0.42578125 0.403125 0.01015625 0.0234375
0 0.43515625 0.39375 0.00703125 0.01953125
0 0.44140625 0.38671875 0.00703125 0.01640625
0 0.540625 0.3859375 0.00625 0.01484375
4 0.840625 0.40625 0.0125 0.02890625
4 0.590625 0.43046875 0.015625 0.03515625
4 0.74140625 0.39921875 0.0109375 0.02890625
4 0.67734375 0.49375 0.03125 0.06796875
4 0.53671875 0.3921875 0.00859375 0.025
4 0.565625 0.40859375 0.009375 0.02421875
4 0.6296875 0.39375 0.00703125 0.01875
4 0.684375 0.396875 0.00859375 0.0234375
4 0.5546875 0.4046875 0.009375 0.021875
4 0.553125 0.390625 0.009375 0.01953125
4 0.5890625 0.39140625 0.00859375 0.01875
2 0.36328125 0.378125 0.00546875 0.009375
2 0.49140625 0.38046875 0.0046875 0.00625
2 0.6046875 0.378125 0.0046875 0.00859375
2 0.8125 0.38046875 0.0046875 0.00859375
2 0.74453125 0.37890625 0.0078125 0.01015625