0 0.48359375 0.3578125 0.025 0.0734375
0 0.4078125 0.32421875 0.0171875 0.0546875
0 0.20625 0.31015625 0.015625 0.0453125
0 0.075 0.3203125 0.015625 0.0453125
0 0.51796875 0.425 0.0328125 0.103125
4 0.67578125 0.328125 0.0234375 0.0640625
0 0.31328125 0.31015625 0.015625 0.046875
4 0.82734375 0.39921875 0.0390625 0.096875
4 0.40234375 0.2859375 0.0140625 0.0390625
4 0.11875 0.29765625 0.0125 0.034375
4 0.26953125 0.28671875 0.0109375 0.0359375
4 0.53515625 0.29609375 0.015625 0.046875
0 0.396875 0.69453125 0.08125 0.2328125