0 0.59375 0.3625 0.0125 0.05
4 0.76328125 0.459375 0.021875 0.0734375
4 0.67890625 0.46796875 0.0265625 0.0875
4 0.89765625 0.478125 0.021875 0.0703125
4 0.6296875 0.53828125 0.034375 0.1265625
0 0.76484375 0.39375 0.0125 0.0453125
0 0.9359375 0.4328125 0.0125 0.0453125
0 0.4125 0.35625 0.01875 0.065625
0 0.19296875 0.39765625 0.03125 0.103125
4 0.7453125 0.77109375 0.0640625 0.1796875
3 0.21875 0.1984375 0.003125 0.0140625
3 0.3640625 0.2375 0.0046875 0.0171875
3 0.08203125 0.16484375 0.003125 0.0109375
3 0.290625 0.2125 0.003125 0.0140625
3 0.3265625 0.2234375 0.003125 0.0140625
3 0.3296875 0.2234375 0.003125 0.0140625
3 0.36171875 0.234375 0.003125 0.0140625
3 0.37109375 0.2296875 0.003125 0.0140625
3 0.4328125 0.25 0.003125 0.0140625
3 0.43984375 0.2546875 0.0046875 0.0171875
3 0.08125 0.1609375 0.0015625 0.009375
3 0.075 0.17421875 0.003125 0.015625
3 0.08671875 0.16484375 0.003125 0.0109375
3 0.08984375 0.15625 0.003125 0.009375
3 0.1328125 0.17890625 0.003125 0.0125
3 0.1359375 0.1796875 0.003125 0.0125
3 0.1453125 0.18203125 0.003125 0.0109375
3 0.14921875 0.184375 0.003125 0.0140625
3 0.15 0.171875 0.0015625 0.0078125
3 0.1546875 0.18125 0.003125 0.0140625
3 0.16328125 0.184375 0.003125 0.0109375
3 0.16484375 0.17578125 0.0015625 0.0078125
3 0.1671875 0.1796875 0.003125 0.0109375
3 0.1703125 0.18515625 0.003125 0.0109375
3 0.1765625 0.18671875 0.003125 0.0125