0 0.15703125 0.50546875 0.0359375 0.0296875
0 0.06171875 0.453125 0.0234375 0.025
0 0.42421875 0.56171875 0.034375 0.0421875
0 0.34296875 0.4953125 0.0140625 0.01875
0 0.65703125 0.57578125 0.0234375 0.021875
0 0.50859375 0.51875 0.0109375 0.015625
0 0.45625 0.5 0.00625 0.0109375
4 0.734375 0.89296875 0.1359375 0.1859375
4 0.425 0.609375 0.0546875 0.0484375
4 0.1796875 0.55546875 0.046875 0.05625
4 0.21328125 0.484375 0.0203125 0.025
4 0.3859375 0.52734375 0.0234375 0.0296875
4 0.890625 0.6515625 0.04375 0.0359375
4 0.60859375 0.55 0.015625 0.021875
4 0.53671875 0.53515625 0.015625 0.0203125
4 0.45234375 0.5046875 0.009375 0.0140625