0 0.58203125 0.2765625 0.009375 0.025
4 0.5859375 0.29296875 0.0125 0.028125
0 0.5421875 0.2640625 0.009375 0.025
4 0.215625 0.17109375 0.0140625 0.0328125
4 0.42265625 0.23203125 0.0125 0.028125
4 0.2921875 0.190625 0.0140625 0.03125
0 0.5078125 0.253125 0.009375 0.025
0 0.6109375 0.28515625 0.009375 0.0234375
0 0.1515625 0.13828125 0.0125 0.028125
4 0.1296875 0.15234375 0.0171875 0.0375
0 0.26015625 0.16875 0.0109375 0.0265625
4 0.146875 0.353125 0.0546875 0.1203125
4 0.51640625 0.26875 0.0125 0.028125
0 0.63125 0.2890625 0.009375 0.0203125
0 0.45390625 0.23203125 0.009375 0.025
0 0.36015625 0.19921875 0.009375 0.021875
4 0.73203125 0.325 0.00625 0.0171875
0 0.64765625 0.29296875 0.0078125 0.01875
0 0.6578125 0.2921875 0.00625 0.0171875
0 0.9484375 0.40078125 0.00625 0.0140625
4 0.64296875 0.31015625 0.009375 0.025
4 0.86796875 0.36796875 0.00625 0.0140625
4 0.3671875 0.2125 0.0125 0.0265625
0 0.81171875 0.3375 0.00625 0.0109375
0 0.6890625 0.29140625 0.00625 0.0125
4 0.83125 0.35 0.00625 0.0109375
4 0.68515625 0.31953125 0.009375 0.0234375
4 0.91328125 0.3875 0.0078125 0.015625
4 0.71015625 0.32421875 0.0078125 0.0203125
4 0.7734375 0.32578125 0.00625 0.0109375
4 0.71796875 0.30546875 0.00625 0.0109375
4 0.74609375 0.31484375 0.00625 0.0109375
4 0.7125 0.30625 0.00625 0.0140625
0 0.65546875 0.29453125 0.00625 0.015625
4 0.725 0.3171875 0.00625 0.0171875
1 0.95625 0.40078125 0.0109375 0.0265625
4 0.80546875 0.33828125 0.00625 0.0125
1 0.965625 0.40703125 0.0109375 0.0265625
0 0.6640625 0.28203125 0.0046875 0.0109375
0 0.85859375 0.359375 0.00625 0.0125
0 0.765625 0.31953125 0.00625 0.0109375
4 0.40078125 0.596875 0.0875 0.1875
4 0.71953125 0.3125 0.00625 0.0140625
0 0.65546875 0.2828125 0.00625 0.0140625
4 0.72890625 0.30859375 0.0046875 0.0125
0 0.72421875 0.303125 0.0046875 0.0125
4 0.959375 0.40859375 0.0078125 0.0203125
0 0.6578125 0.284375 0.0046875 0.0125
4 0.72421875 0.328125 0.0078125 0.0171875
4 0.728125 0.3203125 0.0078125 0.01875