0 0.81796875 0.47109375 0.0515625 0.121875
4 0.8046875 0.2453125 0.0046875 0.0140625
0 0.76171875 0.23203125 0.0046875 0.0109375
4 0.7046875 0.22734375 0.003125 0.0125
0 0.26953125 0.61015625 0.078125 0.1953125
4 0.80390625 0.2265625 0.003125 0.009375
4 0.6984375 0.246875 0.0046875 0.0171875
4 0.7375 0.228125 0.003125 0.0109375
4 0.82890625 0.253125 0.0046875 0.0125
4 0.79140625 0.2203125 0.003125 0.0078125
4 0.75703125 0.2265625 0.003125 0.0109375
4 0.77109375 0.22578125 0.003125 0.0109375
0 0.79921875 0.22890625 0.003125 0.0109375
0 0.77578125 0.23046875 0.003125 0.0109375
4 0.7640625 0.2484375 0.00625 0.0171875
4 0.66015625 0.225 0.003125 0.0109375
4 0.73359375 0.24140625 0.0046875 0.0140625
0 0.6796875 0.22734375 0.0046875 0.0125
4 0.684375 0.22734375 0.003125 0.0109375
0 0.7140625 0.23046875 0.003125 0.0109375
4 0.725 0.22890625 0.003125 0.0109375
4 0.825 0.21953125 0.003125 0.0078125
0 0.81484375 0.23046875 0.003125 0.009375
0 0.74296875 0.23203125 0.003125 0.0109375
0 0.78125 0.23984375 0.0046875 0.0140625
2 0.765625 0.23515625 0.0046875 0.0125
0 0.82890625 0.24140625 0.0046875 0.0140625
4 0.68671875 0.22265625 0.003125 0.009375
4 0.6890625 0.24140625 0.0046875 0.0140625
4 0.7234375 0.22109375 0.003125 0.0078125
4 0.75546875 0.2203125 0.003125 0.009375
0 0.6546875 0.22890625 0.003125 0.0109375
4 0.65234375 0.22421875 0.003125 0.0109375
4 0.65 0.2421875 0.0046875 0.015625
0 0.64765625 0.23984375 0.0046875 0.0140625
0 0.690625 0.2359375 0.0046875 0.0140625
0 0.734375 0.23828125 0.003125 0.0125