1 0.51015625 0.3328125 0.028125 0.103125
0 0.91484375 0.21875 0.0078125 0.025
1 0.7390625 0.3078125 0.03125 0.103125
0 0.128125 0.3484375 0.0125 0.0421875
0 0.446875 0.3328125 0.015625 0.053125
4 0.88046875 0.3484375 0.0296875 0.0828125
4 0.75390625 0.24453125 0.009375 0.03125
0 0.25 0.33125 0.0109375 0.0421875
1 0.69296875 0.29921875 0.0265625 0.090625
4 0.71015625 0.32109375 0.021875 0.0625
0 0.353125 0.325 0.0125 0.0453125
4 0.83359375 0.23515625 0.0078125 0.028125
4 0.65 0.29453125 0.015625 0.0484375
2 0.41484375 0.2875 0.009375 0.03125
2 0.47734375 0.2609375 0.0078125 0.025
0 0.4328125 0.71015625 0.0703125 0.234375
2 0.3953125 0.27421875 0.0078125 0.025
0 0.52421875 0.35859375 0.0171875 0.06875
0 0.79609375 0.22890625 0.0078125 0.025
2 0.38203125 0.26484375 0.00625 0.0203125
0 0.60859375 0.25703125 0.0078125 0.0296875
0 0.56640625 0.42109375 0.0296875 0.0984375
0 0.54296875 0.27578125 0.009375 0.0359375
2 0.5171875 0.27109375 0.009375 0.03125
4 0.93046875 0.2265625 0.009375 0.0296875
4 0.16484375 0.32421875 0.009375 0.0359375
4 0.30859375 0.3046875 0.0109375 0.034375
1 0.53984375 0.3484375 0.03125 0.1203125
4 0.6921875 0.2578125 0.0078125 0.03125
2 0.45 0.25390625 0.00625 0.0203125
4 0.653125 0.27265625 0.0109375 0.0375
2 0.43125 0.25 0.0046875 0.01875
4 0.428125 0.2953125 0.0109375 0.0390625
2 0.371875 0.25859375 0.0046875 0.01875
2 0.3921875 0.25546875 0.0046875 0.01875
0 0.69375 0.24140625 0.00625 0.0234375
3 0.41796875 0.24375 0.003125 0.0125
2 0.4125 0.253125 0.0046875 0.0171875
3 0.37734375 0.253125 0.003125 0.0140625