4 0.875 0.28046875 0.021875 0.0671875
0 0.19921875 0.36640625 0.0125 0.0453125
0 0.44765625 0.39765625 0.025 0.0859375
0 0.07890625 0.390625 0.0140625 0.0453125
0 0.3 0.3546875 0.015625 0.05
0 0.88671875 0.17734375 0.009375 0.025
1 0.56171875 0.2921875 0.025 0.0875
1 0.36953125 0.34296875 0.0265625 0.0984375
0 0.38828125 0.36328125 0.01875 0.065625
4 0.53828125 0.30703125 0.015625 0.053125
2 0.2140625 0.31640625 0.0078125 0.028125
4 0.5046875 0.2609375 0.009375 0.0328125
4 0.13359375 0.35703125 0.0109375 0.0359375
4 0.55390625 0.2421875 0.0046875 0.0265625
4 0.47734375 0.2953125 0.0109375 0.04375
1 0.403125 0.3484375 0.0296875 0.1078125
0 0.6828125 0.20625 0.00625 0.021875
0 0.43125 0.58125 0.0546875 0.1703125
4 0.6765625 0.3046875 0.01875 0.0640625
0 0.58828125 0.22734375 0.0078125 0.0234375
0 0.37109375 0.2953125 0.00625 0.03125
4 0.853125 0.1890625 0.0078125 0.028125
2 0.34140625 0.29609375 0.0109375 0.03125
2 0.24375 0.32421875 0.009375 0.0328125
4 0.62109375 0.22578125 0.0078125 0.028125
4 0.26171875 0.3296875 0.0109375 0.0359375
4 0.6953125 0.21171875 0.0078125 0.025
0 0.49921875 0.2484375 0.0046875 0.025
1 0.5203125 0.29140625 0.0234375 0.08125
2 0.19296875 0.309375 0.00625 0.0234375
0 0.4265625 0.27265625 0.0078125 0.028125
4 0.77265625 0.19921875 0.00625 0.0265625
4 0.471875 0.27734375 0.00625 0.0359375
0 0.78046875 0.190625 0.00625 0.025
2 0.29609375 0.29296875 0.0078125 0.025
2 0.2640625 0.29140625 0.00625 0.0203125
2 0.17734375 0.30625 0.00625 0.0171875
2 0.19921875 0.30078125 0.0046875 0.01875
2 0.2390625 0.2890625 0.0046875 0.01875
2 0.221875 0.2953125 0.0046875 0.01875