4 0.546875 0.38984375 0.021875 0.065625
0 0.21796875 0.3875 0.028125 0.084375
0 0.28515625 0.34296875 0.01875 0.0578125
0 0.5375 0.334375 0.0125 0.0421875
0 0.80390625 0.3609375 0.0109375 0.0359375
1 0.23828125 0.35546875 0.0375 0.1234375
0 0.66171875 0.34296875 0.0109375 0.0359375
0 0.27265625 0.3125 0.0140625 0.0453125
4 0.32109375 0.2890625 0.0109375 0.034375
1 0.184375 0.375 0.0453125 0.1453125
1 0.49375 0.4046875 0.028125 0.1375
0 0.221875 0.290625 0.0125 0.0390625
4 0.40234375 0.3140625 0.0109375 0.0390625
4 0.09609375 0.25234375 0.009375 0.03125
4 0.7390625 0.375 0.0140625 0.0453125
4 0.63671875 0.3734375 0.01875 0.053125
4 0.86015625 0.3890625 0.0140625 0.0453125
0 0.14296875 0.27421875 0.0140625 0.0359375
2 0.5515625 0.3046875 0.00625 0.0265625
2 0.54296875 0.3234375 0.009375 0.034375
0 0.04453125 0.26015625 0.0109375 0.034375
4 0.49140625 0.60859375 0.053125 0.16875
2 0.46015625 0.290625 0.0078125 0.0265625
2 0.425 0.30546875 0.009375 0.034375
2 0.48203125 0.28203125 0.00625 0.021875
4 0.21484375 0.26953125 0.009375 0.03125
2 0.49765625 0.2765625 0.0046875 0.01875
2 0.540625 0.2828125 0.0046875 0.0171875
2 0.51875 0.2796875 0.0046875 0.01875
1 0.478125 0.4359375 0.040625 0.1640625
2 0.56015625 0.28515625 0.0046875 0.01875
2 0.55625 0.29375 0.00625 0.021875