4 0.68125 0.61015625 0.0609375 0.1171875
0 0.53203125 0.45625 0.025 0.0546875
0 0.45234375 0.47421875 0.0359375 0.0703125
0 0.6375 0.4546875 0.0203125 0.0421875
4 0.68984375 0.51953125 0.0328125 0.06875
0 0.31875 0.53359375 0.05625 0.1140625
0 0.44296875 0.39375 0.0140625 0.0296875
0 0.809375 0.46484375 0.0171875 0.0359375
0 0.77890625 0.45234375 0.015625 0.0296875
0 0.5484375 0.415625 0.0140625 0.0296875
0 0.74140625 0.46171875 0.0171875 0.0359375
4 0.9546875 0.51796875 0.0203125 0.0390625
4 0.2703125 0.33046875 0.0109375 0.0234375
0 0.22109375 0.3265625 0.0125 0.025
0 0.71796875 0.43984375 0.0140625 0.0296875
0 0.278125 0.34453125 0.0109375 0.025
0 0.140625 0.31171875 0.0125 0.025
4 0.825 0.45390625 0.0140625 0.028125
4 0.20078125 0.3140625 0.009375 0.0203125
0 0.6359375 0.42890625 0.0125 0.028125
4 0.571875 0.4125 0.0125 0.0265625
4 0.746875 0.4359375 0.0125 0.025
4 0.11328125 0.303125 0.0109375 0.0234375
4 0.896875 0.48046875 0.0171875 0.03125
4 0.80234375 0.50625 0.025 0.0515625
0 0.35859375 0.37109375 0.0125 0.025
4 0.88125 0.5109375 0.0234375 0.046875
4 0.66484375 0.42421875 0.0125 0.025
4 0.39296875 0.37421875 0.0125 0.025
4 0.33046875 0.35234375 0.0109375 0.0234375
4 0.4765625 0.39609375 0.0125 0.0265625
4 0.93984375 0.5015625 0.0171875 0.034375