0 0.4546875 0.32265625 0.0140625 0.0390625
0 0.61328125 0.3078125 0.009375 0.028125
0 0.671875 0.30390625 0.0078125 0.025
0 0.34375 0.33828125 0.0171875 0.0484375
4 0.5375 0.44375 0.0328125 0.09375
0 0.72734375 0.30234375 0.0078125 0.0234375
0 0.54140625 0.31328125 0.0109375 0.034375
4 0.7640625 0.32734375 0.009375 0.03125
4 0.6359375 0.36953125 0.0203125 0.059375
0 0.2390625 0.375 0.025 0.06875
4 0.9234375 0.32265625 0.009375 0.025
0 0.05859375 0.4515625 0.040625 0.1078125
4 0.80234375 0.31796875 0.0109375 0.028125
4 0.8515625 0.31640625 0.0078125 0.025
0 0.79140625 0.30390625 0.0078125 0.0234375
4 0.69921875 0.23984375 0.0046875 0.0109375
4 0.70625 0.34375 0.0140625 0.040625
0 0.8578125 0.30859375 0.0078125 0.0203125
0 0.775 0.24765625 0.0046875 0.0109375
4 0.7421875 0.24296875 0.0046875 0.0125
0 0.56953125 0.23515625 0.0046875 0.0140625
4 0.596875 0.23203125 0.003125 0.0140625
4 0.875 0.2546875 0.0046875 0.0109375
4 0.66640625 0.23671875 0.0046875 0.0109375
0 0.80546875 0.2515625 0.0046875 0.0125
4 0.90390625 0.26015625 0.0046875 0.0125
4 0.846875 0.25390625 0.0046875 0.0109375
4 0.63515625 0.2359375 0.0046875 0.0125
4 0.7921875 0.24609375 0.0046875 0.0125
0 0.840625 0.25625 0.0046875 0.0140625
0 0.70234375 0.24296875 0.0046875 0.0140625
4 0.78828125 0.24296875 0.003125 0.0109375
0 0.62265625 0.23984375 0.0046875 0.0140625
4 0.73515625 0.23828125 0.0046875 0.0109375
4 0.92265625 0.259375 0.0046875 0.0109375
0 0.925 0.26640625 0.0046875 0.0109375
4 0.7609375 0.24140625 0.0046875 0.0109375
0 0.92578125 0.25703125 0.003125 0.0109375
4 0.640625 0.7703125 0.0390625 0.134375
0 0.7390625 0.2453125 0.0046875 0.0125
4 0.559375 0.2265625 0.003125 0.0109375
0 0.878125 0.26015625 0.0046875 0.0125
0 0.6703125 0.24296875 0.0046875 0.0140625
4 0.53203125 0.22578125 0.003125 0.0109375
0 0.5 0.225 0.003125 0.0125
0 0.878125 0.253125 0.0015625 0.00625
0 0.53046875 0.23046875 0.003125 0.0125