0 0.60703125 0.33125 0.0078125 0.025
4 0.1203125 0.32890625 0.0234375 0.06875
0 0.14140625 0.2234375 0.00625 0.0203125
0 0.7734375 0.3625 0.0078125 0.025
0 0.33125 0.2734375 0.00625 0.021875
4 0.35 0.2828125 0.0078125 0.0265625
4 0.41328125 0.2984375 0.0078125 0.0265625
0 0.89765625 0.3875 0.0078125 0.025
1 0.396875 0.28515625 0.0109375 0.0421875
4 0.8078125 0.38046875 0.009375 0.0296875
0 0.38125 0.28515625 0.00625 0.021875
4 0.6140625 0.34609375 0.0078125 0.0296875
4 0.28203125 0.465625 0.0375 0.1140625
4 0.15859375 0.23671875 0.0078125 0.025
0 0.52578125 0.31484375 0.0078125 0.0234375
4 0.70546875 0.36171875 0.0078125 0.028125
0 0.70078125 0.3484375 0.0078125 0.025
4 0.934375 0.40546875 0.0109375 0.0296875
0 0.2140625 0.24375 0.00625 0.0203125
0 0.278125 0.2609375 0.00625 0.0203125
4 0.2171875 0.25078125 0.0078125 0.025
1 0.4296875 0.296875 0.0109375 0.0390625
4 0.5125 0.32421875 0.0078125 0.028125
1 0.42578125 0.28828125 0.0078125 0.0375
4 0.28125 0.26640625 0.0078125 0.025
1 0.4546875 0.29375 0.009375 0.0390625
4 0.1046875 0.22265625 0.0078125 0.025
0 0.43828125 0.296875 0.0078125 0.0234375