0 0.06328125 0.22421875 0.00546875 0.02421875
0 0.7921875 0.37421875 0.00625 0.02421875
4 0.33203125 0.50078125 0.03515625 0.1203125
4 0.17734375 0.3078125 0.01015625 0.0421875
1 0.23828125 0.3734375 0.01875 0.1203125
1 0.27265625 0.39921875 0.03203125 0.1421875
4 0.80078125 0.4015625 0.0109375 0.03828125
0 0.84609375 0.39375 0.00703125 0.0296875
4 0.715625 0.3671875 0.00703125 0.0296875
4 0.2015625 0.3453125 0.01328125 0.05625
0 0.075 0.21953125 0.0046875 0.01953125
0 0.78203125 0.36796875 0.0046875 0.0203125
4 0.16328125 0.28125 0.00859375 0.0359375
4 0.57890625 0.7421875 0.06484375 0.2109375
0 0.1 0.21015625 0.003125 0.01640625
4 0.2703125 0.23671875 0.003125 0.01484375
4 0.6734375 0.33671875 0.0046875 0.01953125
0 0.74375 0.35078125 0.00390625 0.01953125
0 0.58828125 0.30546875 0.003125 0.01484375
0 0.08203125 0.2109375 0.00390625 0.0171875
4 0.68515625 0.34765625 0.00625 0.02421875
4 0.165625 0.22578125 0.003125 0.0171875
4 0.20859375 0.228125 0.003125 0.01484375
0 0.1171875 0.2109375 0.003125 0.01484375
4 0.5171875 0.2921875 0.003125 0.01640625
4 0.33359375 0.24921875 0.003125 0.01484375
4 0.15703125 0.26171875 0.00703125 0.03046875
0 0.92109375 0.340625 0.00234375 0.0140625
0 0.403125 0.26015625 0.00234375 0.01171875
0 0.88125 0.33125 0.003125 0.01171875
0 0.69296875 0.33359375 0.00390625 0.0171875
4 0.3953125 0.26328125 0.003125 0.01484375
0 0.63359375 0.315625 0.003125 0.01640625
4 0.578125 0.30703125 0.003125 0.01640625
0 0.278125 0.2359375 0.00234375 0.01328125
0 0.53984375 0.29375 0.003125 0.01484375
4 0.24921875 0.41015625 0.02265625 0.08125
0 0.44453125 0.2703125 0.003125 0.0140625
0 0.31796875 0.24296875 0.00234375 0.01171875
0 0.49375 0.28125 0.00234375 0.0140625
4 0.6359375 0.3234375 0.00390625 0.01875
4 0.45234375 0.27734375 0.003125 0.01484375
0 0.21875 0.225 0.003125 0.01328125
0 0.15703125 0.215625 0.003125 0.0140625
0 0.359375 0.2515625 0.00234375 0.01171875
4 0.15234375 0.24765625 0.00546875 0.02421875
4 0.14921875 0.24140625 0.00390625 0.021875