4 0.6015625 0.77734375 0.028125 0.1390625
4 0.27734375 0.42265625 0.02734375 0.103125
4 0.24765625 0.31328125 0.015625 0.06015625
4 0.325 0.27734375 0.01171875 0.04140625
4 0.44140625 0.27421875 0.0078125 0.03515625
4 0.5734375 0.28828125 0.0078125 0.03125
4 0.7234375 0.31328125 0.0078125 0.0328125
4 0.875 0.3421875 0.009375 0.0328125
4 0.63515625 0.2546875 0.003125 0.01484375
0 0.06328125 0.2515625 0.0125 0.04921875
0 0.165625 0.2453125 0.009375 0.0390625
0 0.303125 0.24921875 0.00859375 0.03125
0 0.41328125 0.25625 0.00625 0.028125
0 0.48984375 0.26484375 0.00546875 0.02578125
0 0.56953125 0.27421875 0.00546875 0.02265625
0 0.6296875 0.25546875 0.003125 0.01484375
0 0.65234375 0.28671875 0.00546875 0.025
0 0.74453125 0.303125 0.00625 0.02578125
0 0.85390625 0.32421875 0.00625 0.02578125