0 0.16953125 0.746875 0.1359375 0.175
0 0.4046875 0.56328125 0.0421875 0.0515625
0 0.565625 0.55625 0.0203125 0.028125
0 0.5515625 0.521875 0.0109375 0.0140625
0 0.64140625 0.55390625 0.015625 0.0203125
0 0.634375 0.58671875 0.03125 0.0375
0 0.8078125 0.621875 0.028125 0.0359375
0 0.81875 0.59921875 0.0171875 0.0234375
0 0.8234375 0.56875 0.00625 0.0078125
0 0.86484375 0.590625 0.0109375 0.0140625
0 0.87734375 0.58125 0.00625 0.009375
0 0.778125 0.58046875 0.0140625 0.01875
0 0.76015625 0.5546875 0.00625 0.009375
0 0.73984375 0.56484375 0.0109375 0.0140625
0 0.72578125 0.54921875 0.00625 0.009375
0 0.70234375 0.54765625 0.0078125 0.0109375
0 0.6953125 0.55078125 0.009375 0.0125
4 0.453125 0.5515625 0.0328125 0.0390625
4 0.50390625 0.58125 0.034375 0.046875
4 0.5625 0.51953125 0.009375 0.0125
4 0.5984375 0.55078125 0.0171875 0.021875
4 0.64296875 0.53515625 0.0078125 0.0109375
4 0.87890625 0.590625 0.0109375 0.0125
4 0.75546875 0.56875 0.0125 0.015625
4 0.7625 0.56015625 0.0078125 0.0109375
2 0.053125 0.54296875 0.059375 0.078125
2 0.47890625 0.5328125 0.0203125 0.0265625
2 0.5078125 0.52109375 0.0125 0.0171875
2 0.60859375 0.53515625 0.0109375 0.015625
2 0.63984375 0.5359375 0.0078125 0.0109375
2 0.634375 0.665625 0.0625 0.0765625
2 0.77265625 0.65 0.04375 0.053125
2 0.81484375 0.61875 0.025 0.0328125
2 0.85 0.5984375 0.015625 0.0203125
2 0.83046875 0.5859375 0.0125 0.0171875
2 0.8171875 0.57421875 0.009375 0.0109375
2 0.72109375 0.57890625 0.01875 0.0234375
2 0.740625 0.55703125 0.0078125 0.0109375