0 0.15546875 0.61328125 0.06875 0.1734375
0 0.45703125 0.4796875 0.03125 0.078125
0 0.60390625 0.4640625 0.025 0.0625
0 0.9421875 0.4984375 0.015625 0.0375
0 0.8140625 0.465625 0.0140625 0.0375
0 0.69765625 0.46640625 0.01875 0.0515625
0 0.14296875 0.3296875 0.0125 0.034375
4 0.88671875 0.78359375 0.0828125 0.1921875
0 0.07109375 0.3421875 0.0171875 0.0453125
2 0.37265625 0.32421875 0.0046875 0.015625
4 0.215625 0.27890625 0.0046875 0.0140625
2 0.0921875 0.2671875 0.0046875 0.0140625
2 0.34921875 0.31875 0.0046875 0.0140625
2 0.190625 0.28359375 0.0046875 0.015625
2 0.15859375 0.28046875 0.0046875 0.0140625
4 0.23359375 0.2828125 0.0046875 0.0140625
0 0.11171875 0.31171875 0.0109375 0.03125
2 0.08828125 0.2578125 0.0046875 0.0125
2 0.128125 0.2734375 0.0046875 0.0171875
2 0.14296875 0.26796875 0.0046875 0.0140625
2 0.39609375 0.3265625 0.0046875 0.0140625
2 0.42109375 0.33203125 0.0046875 0.0125
4 0.91171875 0.59140625 0.0390625 0.090625