4 0.3609375 0.36875 0.01796875 0.07421875
4 0.2640625 0.296875 0.01171875 0.04765625
4 0.190625 0.23984375 0.00625 0.0296875
4 0.16015625 0.21640625 0.00546875 0.021875
4 0.6703125 0.59296875 0.0421875 0.15078125
4 0.21875 0.26171875 0.0078125 0.0359375
4 0.171875 0.22578125 0.00625 0.02421875
1 0.1515625 0.2046875 0.00546875 0.02734375
2 0.05 0.18984375 0.0015625 0.01484375
2 0.12734375 0.1921875 0.003125 0.01328125
2 0.13125 0.1953125 0.003125 0.01328125
2 0.13671875 0.19921875 0.003125 0.01328125
2 0.1421875 0.203125 0.003125 0.0171875
2 0.0515625 0.18671875 0.003125 0.01484375
2 0.05390625 0.18515625 0.003125 0.01328125
2 0.05703125 0.1828125 0.00234375 0.0109375
2 0.059375 0.18046875 0.00234375 0.0109375
2 0.0609375 0.1796875 0.00234375 0.0109375
2 0.1234375 0.18984375 0.003125 0.01171875
2 0.1203125 0.1875 0.00234375 0.01015625