0 0.3 0.26015625 0.00703125 0.03046875
0 0.4234375 0.2703125 0.00625 0.03046875
0 0.8 0.33359375 0.0078125 0.03515625
4 0.94375 0.38828125 0.0140625 0.04765625
0 0.8625 0.34453125 0.00859375 0.03515625
0 0.66640625 0.30703125 0.00625 0.03125
0 0.9484375 0.3578125 0.0046875 0.03515625
4 0.215625 0.27734375 0.01171875 0.0421875
4 0.1375 0.2796875 0.0140625 0.046875
4 0.05625 0.29375 0.015625 0.05859375
0 0.5453125 0.2859375 0.0046875 0.03046875
4 0.43359375 0.2921875 0.009375 0.0390625
4 0.6375 0.32265625 0.009375 0.03984375
4 0.54140625 0.30625 0.009375 0.03828125
4 0.3171875 0.28125 0.01015625 0.0390625
0 0.16171875 0.25234375 0.00859375 0.03359375
4 0.309375 0.47890625 0.034375 0.1296875
4 0.81171875 0.3625 0.0125 0.046875
4 0.68046875 0.72890625 0.0609375 0.2296875