4 0.75078125 0.56796875 0.02890625 0.10546875
0 0.9 0.4421875 0.0125 0.04453125
4 0.6046875 0.4765625 0.01875 0.06875
0 0.33828125 0.42734375 0.01171875 0.04921875
0 0.321875 0.4 0.009375 0.0390625
0 0.3734375 0.4796875 0.01796875 0.071875
0 0.33125 0.60703125 0.0390625 0.1359375
4 0.63828125 0.4109375 0.009375 0.03515625
0 0.37109375 0.38828125 0.00703125 0.0296875
4 0.50078125 0.40078125 0.00859375 0.03359375
4 0.5953125 0.38359375 0.00625 0.02421875
4 0.784375 0.3734375 0.00390625 0.0203125
4 0.79765625 0.39375 0.00546875 0.02578125
0 0.44453125 0.37578125 0.00625 0.02578125
0 0.68828125 0.3671875 0.00546875 0.01875
4 0.7234375 0.38125 0.0046875 0.021875
4 0.890625 0.390625 0.00546875 0.0203125
4 0.6234375 0.3984375 0.00703125 0.0296875
4 0.53359375 0.3921875 0.00703125 0.028125
0 0.49921875 0.36953125 0.00546875 0.02421875
4 0.7921875 0.4578125 0.0140625 0.05859375
4 0.6921875 0.43125 0.0109375 0.04375
4 0.76484375 0.3765625 0.00546875 0.02265625
4 0.74296875 0.39453125 0.00703125 0.02578125
0 0.5765625 0.36953125 0.00546875 0.021875
0 0.646875 0.3703125 0.00390625 0.0203125
4 0.921875 0.3796875 0.00546875 0.01953125
4 0.6640625 0.38359375 0.0046875 0.02421875
4 0.48359375 0.415625 0.01015625 0.03984375
0 0.9140625 0.4046875 0.00546875 0.02578125
0 0.7375 0.3640625 0.003125 0.0171875
4 0.6828125 0.39453125 0.00625 0.03046875
4 0.9265625 0.3890625 0.00546875 0.021875
0 0.93125 0.375 0.00390625 0.0171875
0 0.7921875 0.42265625 0.00859375 0.03671875
4 0.80234375 0.37109375 0.00390625 0.01875
4 0.87109375 0.37109375 0.003125 0.01875
0 0.72109375 0.36484375 0.003125 0.0140625
4 0.825 0.36640625 0.003125 0.01484375
0 0.7625 0.36171875 0.003125 0.01640625
4 0.54140625 0.44375 0.0125 0.053125
0 0.76875 0.40859375 0.00859375 0.03515625
0 0.85234375 0.40625 0.00703125 0.0359375
4 0.85 0.39375 0.0046875 0.025
0 0.84453125 0.36484375 0.00390625 0.01640625
0 0.8875 0.365625 0.00390625 0.01875
4 0.77265625 0.34453125 0.003125 0.0109375
4 0.7828125 0.34453125 0.00234375 0.0109375
4 0.78515625 0.34609375 0.003125 0.01171875
4 0.83125 0.34609375 0.0015625 0.0078125
0 0.81328125 0.34453125 0.003125 0.01328125
0 0.8109375 0.34765625 0.00234375 0.00859375
0 0.79921875 0.34609375 0.00234375 0.01015625
2 0.8671875 0.3515625 0.00234375 0.01015625
4 0.88203125 0.35234375 0.003125 0.01328125
2 0.80390625 0.3484375 0.00234375 0.01015625