2 0.33203125 0.3546875 0.01796875 0.0703125
2 0.23984375 0.28671875 0.01171875 0.046875
1 0.6453125 0.53515625 0.0578125 0.23359375
2 0.16328125 0.2328125 0.00625 0.028125
2 0.190625 0.25390625 0.0078125 0.03359375
2 0.14375 0.21875 0.00625 0.02421875
1 0.55625 0.4765625 0.04921875 0.19921875
4 0.59375 0.540625 0.0390625 0.1359375
2 0.1296875 0.209375 0.00546875 0.0203125
2 0.1203125 0.20234375 0.00390625 0.0171875
2 0.1125 0.1953125 0.00390625 0.01640625
2 0.10625 0.190625 0.00390625 0.0140625
2 0.10078125 0.18671875 0.003125 0.01328125
2 0.096875 0.184375 0.003125 0.01171875