0 0.48125 0.2796875 0.009375 0.025
0 0.66484375 0.29453125 0.0109375 0.0296875
0 0.75 0.29921875 0.0125 0.03125
0 0.8359375 0.30234375 0.0140625 0.0359375
0 0.39375 0.2734375 0.009375 0.021875
4 0.60625 0.30078125 0.0140625 0.0359375
4 0.7078125 0.30703125 0.015625 0.0390625
4 0.103125 0.27890625 0.009375 0.025
4 0.31796875 0.50546875 0.05625 0.134375
0 0.575 0.2859375 0.0109375 0.028125
0 0.14375 0.278125 0.009375 0.025
4 0.2046875 0.278125 0.0109375 0.0265625
4 0.37734375 0.28359375 0.0109375 0.0296875
0 0.30546875 0.2703125 0.0078125 0.0203125
4 0.82734375 0.3140625 0.01875 0.04375
4 0.4515625 0.28984375 0.0125 0.03125
0 0.03203125 0.2828125 0.009375 0.021875
0 0.22890625 0.2734375 0.0078125 0.0203125
4 0.52265625 0.29375 0.0125 0.034375
4 0.2875 0.2796875 0.0109375 0.028125
1 0.92109375 0.31015625 0.025 0.071875