0 0.30234375 0.53359375 0.0328125 0.109375
0 0.2640625 0.43515625 0.01875 0.0609375
4 0.70234375 0.534375 0.034375 0.1015625
0 0.07109375 0.3828125 0.0125 0.0421875
4 0.42890625 0.40625 0.0140625 0.0453125
0 0.7984375 0.40390625 0.0125 0.0421875
4 0.565625 0.44921875 0.0203125 0.0671875
4 0.9234375 0.4671875 0.028125 0.0703125
4 0.58203125 0.39140625 0.0125 0.0390625
4 0.703125 0.41953125 0.0171875 0.0515625
0 0.1984375 0.40234375 0.015625 0.046875
4 0.4453125 0.35859375 0.0078125 0.025
4 0.31796875 0.3859375 0.0125 0.0390625
4 0.22421875 0.37265625 0.0109375 0.034375
0 0.08046875 0.32421875 0.003125 0.0140625
4 0.34296875 0.34375 0.00625 0.01875
0 0.66484375 0.38125 0.009375 0.0328125
4 0.128125 0.3375 0.0046875 0.01875
4 0.11328125 0.353125 0.0078125 0.025
0 0.46875 0.346875 0.00625 0.0203125
4 0.21015625 0.33125 0.0046875 0.015625
4 0.40078125 0.35 0.00625 0.021875
4 0.50078125 0.37265625 0.009375 0.03125
4 0.20078125 0.328125 0.003125 0.015625
4 0.29140625 0.33828125 0.0046875 0.01875
4 0.27890625 0.31953125 0.003125 0.0109375
4 0.24375 0.33515625 0.0046875 0.0171875
0 0.40703125 0.33984375 0.0046875 0.0171875
4 0.13515625 0.33125 0.003125 0.015625
0 0.26796875 0.325 0.003125 0.0125
4 0.140625 0.3625 0.0078125 0.0296875
0 0.31328125 0.32109375 0.003125 0.0109375
0 0.08984375 0.3203125 0.003125 0.0140625
0 0.58125 0.3671875 0.00625 0.028125
0 0.515625 0.35625 0.0078125 0.021875
0 0.26015625 0.32734375 0.003125 0.0140625
4 0.23984375 0.321875 0.0015625 0.0109375
0 0.0984375 0.31875 0.003125 0.0109375
0 0.29296875 0.32265625 0.003125 0.0109375
4 0.275 0.31796875 0.003125 0.009375
0 0.0703125 0.32734375 0.0046875 0.015625
4 0.140625 0.32890625 0.003125 0.0140625
4 0.11953125 0.34296875 0.0046875 0.0203125
0 0.3203125 0.31875 0.0015625 0.009375
0 0.05859375 0.33125 0.0046875 0.0171875
0 0.34453125 0.3359375 0.0046875 0.0171875
0 0.2640625 0.33046875 0.0046875 0.0140625
4 0.28046875 0.31796875 0.0015625 0.0109375