0 0.25078125 0.2265625 0.00625 0.02734375
0 0.93359375 0.35078125 0.00625 0.02421875
4 0.253125 0.41796875 0.028125 0.10078125
0 0.13203125 0.21796875 0.00703125 0.0296875
4 0.18203125 0.31171875 0.015625 0.06328125
0 0.6421875 0.28828125 0.00546875 0.021875
4 0.36328125 0.24921875 0.00703125 0.028125
0 0.41796875 0.246875 0.0046875 0.021875
0 0.82890625 0.32890625 0.0046875 0.025
4 0.2578125 0.2453125 0.0078125 0.03359375
4 0.47890625 0.26484375 0.00625 0.02578125
4 0.60546875 0.29140625 0.00546875 0.02578125
4 0.184375 0.26328125 0.01171875 0.04453125
4 0.8734375 0.3484375 0.0078125 0.0296875
4 0.73046875 0.31875 0.00703125 0.028125
0 0.4890625 0.2578125 0.00546875 0.02265625
0 0.5625 0.2703125 0.0046875 0.01953125
0 0.73515625 0.30859375 0.0046875 0.021875
0 0.34921875 0.23828125 0.00546875 0.02421875
4 0.55390625 0.23671875 0.0015625 0.01015625
4 0.5265625 0.73984375 0.06171875 0.2109375
4 0.246875 0.20078125 0.003125 0.0109375
4 0.29609375 0.20078125 0.003125 0.0109375
4 0.2671875 0.19921875 0.003125 0.0109375
4 0.24140625 0.1953125 0.00234375 0.00859375
0 0.2546875 0.19140625 0.0015625 0.00859375
4 0.2515625 0.18984375 0.0015625 0.00625
0 0.05 0.21953125 0.003125 0.03046875
4 0.559375 0.2296875 0.0015625 0.0078125
4 0.2984375 0.20390625 0.003125 0.01171875
4 0.28359375 0.190625 0.0015625 0.0078125
0 0.56953125 0.2453125 0.00234375 0.01328125
0 0.325 0.19765625 0.0015625 0.00625
4 0.328125 0.20390625 0.00234375 0.01015625
0 0.2796875 0.1921875 0.0015625 0.00625
0 0.33203125 0.203125 0.0015625 0.00859375
4 0.51015625 0.23515625 0.0015625 0.00859375
4 0.55234375 0.2234375 0.0015625 0.0078125
2 0.25 0.19765625 0.00234375 0.01015625
4 0.73671875 0.24765625 0.0015625 0.00625
4 0.3203125 0.19765625 0.0015625 0.0078125
4 0.5328125 0.22890625 0.00078125 0.00546875
2 0.246875 0.18984375 0.0015625 0.0078125
4 0.29921875 0.19609375 0.0015625 0.01015625
0 0.26875 0.19765625 0.00234375 0.0109375
4 0.33671875 0.19921875 0.00234375 0.00859375
0 0.2390625 0.19453125 0.00234375 0.0109375