4 0.68515625 0.35078125 0.0234375 0.0765625
0 0.33828125 0.5265625 0.0375 0.125
0 0.31171875 0.4109375 0.021875 0.0703125
0 0.41484375 0.27890625 0.0078125 0.0296875
0 0.3640625 0.28203125 0.0078125 0.025
0 0.84140625 0.19921875 0.0078125 0.025
4 0.55078125 0.2859375 0.0109375 0.0421875
0 0.31796875 0.28359375 0.0078125 0.025
4 0.54765625 0.32109375 0.015625 0.0546875
0 0.0890625 0.321875 0.0078125 0.021875
0 0.33125 0.3578125 0.015625 0.053125
4 0.51328125 0.25859375 0.0078125 0.0296875
4 0.86875 0.21015625 0.009375 0.0296875
0 0.4453125 0.284375 0.009375 0.0328125
0 0.1828125 0.30234375 0.00625 0.0171875
4 0.57265625 0.26328125 0.0109375 0.034375
4 0.4484375 0.24453125 0.0046875 0.0171875
4 0.44296875 0.2609375 0.00625 0.021875
4 0.21171875 0.2796875 0.003125 0.0109375
0 0.2625 0.290625 0.00625 0.0203125
4 0.65625 0.228125 0.0078125 0.0234375
0 0.53515625 0.2265625 0.0046875 0.0140625
4 0.6 0.23046875 0.00625 0.0203125
0 0.6375 0.2203125 0.00625 0.0203125
0 0.36953125 0.3234375 0.0125 0.04375
4 0.3609375 0.25390625 0.0046875 0.015625
4 0.3671875 0.26640625 0.00625 0.021875
0 0.06796875 0.30703125 0.0046875 0.015625
4 0.77578125 0.21484375 0.009375 0.025
4 0.3140625 0.26171875 0.0046875 0.0125
0 0.1765625 0.28046875 0.003125 0.009375
4 0.2625 0.26953125 0.003125 0.0109375
4 0.5453125 0.23203125 0.00625 0.0203125
0 0.121875 0.2953125 0.0046875 0.0140625
4 0.19609375 0.290625 0.00625 0.015625
0 0.76796875 0.2046875 0.0078125 0.0234375
4 0.16640625 0.2875 0.0046875 0.0140625
4 0.7125 0.22109375 0.0078125 0.025
4 0.28515625 0.27890625 0.00625 0.021875
4 0.06015625 0.31328125 0.0046875 0.0140625
4 0.11328125 0.30234375 0.0046875 0.0171875
0 0.69609375 0.21484375 0.00625 0.01875
4 0.42265625 0.24765625 0.0046875 0.0171875
4 0.48671875 0.23828125 0.0046875 0.0171875
0 0.5921875 0.225 0.0046875 0.0171875
0 0.3046875 0.259375 0.0046875 0.0140625
0 0.22421875 0.271875 0.003125 0.0109375
0 0.4546875 0.23828125 0.003125 0.015625
4 0.3921875 0.25 0.0046875 0.0171875
4 0.11171875 0.3078125 0.00625 0.021875
0 0.33359375 0.2546875 0.003125 0.0140625
0 0.428125 0.23984375 0.003125 0.0140625
0 0.37109375 0.2484375 0.003125 0.0140625
0 0.27421875 0.2640625 0.0046875 0.0140625