0 0.6109375 0.5421875 0.04765625 0.16953125
0 0.77421875 0.40234375 0.02109375 0.10859375
0 0.71796875 0.284375 0.0125 0.053125
0 0.6390625 0.26796875 0.009375 0.0421875
0 0.5484375 0.26328125 0.0078125 0.03671875
0 0.4546875 0.26640625 0.00703125 0.0328125
0 0.34765625 0.27734375 0.0078125 0.03125
0 0.23515625 0.29609375 0.00859375 0.03359375
0 0.13984375 0.31640625 0.009375 0.03671875
4 0.85546875 0.26171875 0.01171875 0.04921875
4 0.73203125 0.24765625 0.009375 0.03828125
4 0.6078125 0.24375 0.0078125 0.03125
4 0.4890625 0.24921875 0.00625 0.0296875
4 0.35703125 0.26328125 0.00625 0.02734375
4 0.21953125 0.28515625 0.00703125 0.0296875
4 0.09921875 0.31015625 0.0078125 0.03125
2 0.86484375 0.2453125 0.01015625 0.03984375
2 0.88046875 0.22109375 0.00703125 0.03125
2 0.8890625 0.20625 0.00625 0.025
2 0.8953125 0.1953125 0.0046875 0.0203125
2 0.925 0.19375 0.00546875 0.021875
1 0.7828125 0.35390625 0.021875 0.15546875
1 0.7515625 0.3953125 0.04296875 0.18984375