0 0.21171875 0.3296875 0.015625 0.053125
0 0.07421875 0.378125 0.0296875 0.084375
0 0.3515625 0.30078125 0.0078125 0.03125
4 0.509375 0.4828125 0.0265625 0.1
4 0.4828125 0.384375 0.0140625 0.0546875
0 0.2953125 0.31328125 0.0109375 0.0390625
4 0.5 0.32109375 0.0078125 0.0296875
4 0.653125 0.3296875 0.00625 0.021875
4 0.49140625 0.3390625 0.009375 0.0375
0 0.50859375 0.3015625 0.0046875 0.0203125
0 0.45546875 0.296875 0.0046875 0.0203125
0 0.6875 0.32109375 0.003125 0.0171875
4 0.77734375 0.33984375 0.0046875 0.0171875
4 0.76640625 0.3203125 0.003125 0.0140625
4 0.315625 0.21015625 0.003125 0.009375
4 0.7 0.29921875 0.003125 0.0109375
0 0.23828125 0.20625 0.003125 0.0125
4 0.203125 0.19140625 0.003125 0.0140625
0 0.6515625 0.290625 0.003125 0.0125
0 0.40234375 0.2953125 0.0078125 0.0265625
0 0.640625 0.31796875 0.0046875 0.01875
0 0.17109375 0.19296875 0.003125 0.0140625
0 0.29140625 0.21328125 0.003125 0.0125
4 0.784375 0.3328125 0.0046875 0.0140625
0 0.578125 0.3109375 0.003125 0.0203125
4 0.153125 0.18125 0.003125 0.0140625
0 0.5171875 0.25546875 0.003125 0.009375
4 0.72890625 0.3375 0.0046875 0.0203125
4 0.74375 0.309375 0.003125 0.0109375
0 0.71328125 0.32109375 0.003125 0.0109375
0 0.3234375 0.2171875 0.003125 0.0109375
4 0.575 0.31796875 0.00625 0.0234375
0 0.11796875 0.18203125 0.003125 0.0140625
0 0.696875 0.30234375 0.003125 0.0125
0 0.71484375 0.31171875 0.003125 0.0140625
4 0.1140625 0.175 0.003125 0.0125
0 0.5703125 0.271875 0.003125 0.0109375
0 0.41875 0.23359375 0.0015625 0.0078125
4 0.52578125 0.31484375 0.0078125 0.0265625
4 0.06875 0.16796875 0.0046875 0.015625
4 0.0765625 0.16953125 0.003125 0.0109375
4 0.08125 0.1703125 0.003125 0.0109375
4 0.09453125 0.1734375 0.003125 0.0109375
4 0.128125 0.175 0.003125 0.0109375
4 0.16328125 0.18046875 0.003125 0.009375
4 0.20859375 0.18828125 0.003125 0.0078125
4 0.2484375 0.20234375 0.0046875 0.0140625
4 0.2828125 0.20703125 0.003125 0.0109375
4 0.31015625 0.20625 0.003125 0.009375
4 0.3421875 0.21328125 0.0015625 0.009375
4 0.3578125 0.2171875 0.003125 0.0109375
4 0.36796875 0.21796875 0.003125 0.0109375
4 0.39375 0.221875 0.0015625 0.0078125
4 0.40390625 0.22578125 0.003125 0.0109375
4 0.43125 0.2296875 0.0015625 0.0078125
4 0.4515625 0.23671875 0.003125 0.0109375
4 0.46796875 0.23828125 0.0015625 0.0078125
4 0.49765625 0.24765625 0.003125 0.009375
4 0.50546875 0.246875 0.003125 0.00625
4 0.53203125 0.2515625 0.003125 0.0109375
4 0.54375 0.2578125 0.003125 0.0109375
4 0.5578125 0.25625 0.003125 0.009375
4 0.56640625 0.265625 0.003125 0.0109375
4 0.59140625 0.26328125 0.003125 0.0109375
4 0.59921875 0.2734375 0.003125 0.0125
4 0.6234375 0.26953125 0.003125 0.0109375
4 0.640625 0.28359375 0.003125 0.0125
4 0.64921875 0.2734375 0.003125 0.0109375
4 0.70703125 0.2875 0.003125 0.009375
4 0.76796875 0.3015625 0.003125 0.009375
4 0.7984375 0.3078125 0.003125 0.009375
4 0.8421875 0.31953125 0.003125 0.0109375
4 0.8796875 0.3296875 0.003125 0.0109375
4 0.9140625 0.33984375 0.003125 0.0125
4 0.94765625 0.35234375 0.003125 0.0125
0 0.9453125 0.34296875 0.003125 0.0125
0 0.91015625 0.3359375 0.003125 0.0109375
0 0.8703125 0.32578125 0.003125 0.0109375
0 0.82421875 0.315625 0.003125 0.009375
0 0.78359375 0.30546875 0.003125 0.009375
0 0.6359375 0.2703125 0.0015625 0.0078125
0 0.60703125 0.28046875 0.003125 0.0125
0 0.6046875 0.26328125 0.0015625 0.0078125
0 0.54375 0.26328125 0.003125 0.0125
0 0.5375 0.25 0.0015625 0.0078125
0 0.4796875 0.24609375 0.003125 0.009375
0 0.44921875 0.23984375 0.003125 0.009375
0 0.43828125 0.23046875 0.0015625 0.0078125
0 0.4015625 0.221875 0.0015625 0.0078125
0 0.390625 0.22734375 0.003125 0.009375
0 0.3578125 0.2203125 0.003125 0.0109375
0 0.3375 0.209375 0.0015625 0.00625
0 0.23984375 0.190625 0.003125 0.009375
0 0.21640625 0.18515625 0.003125 0.009375
0 0.1921875 0.18203125 0.003125 0.0078125
0 0.14453125 0.1734375 0.003125 0.009375
0 0.096875 0.165625 0.003125 0.0109375
0 0.06171875 0.16328125 0.003125 0.0109375
0 0.26796875 0.1953125 0.0015625 0.0078125