0 0.37421875 0.3140625 0.0265625 0.0609375
0 0.18515625 0.34140625 0.0375 0.0953125
4 0.54296875 0.39296875 0.0296875 0.071875
4 0.73984375 0.40390625 0.0171875 0.0453125
0 0.665625 0.35703125 0.0140625 0.0390625
0 0.80078125 0.39765625 0.015625 0.0375
4 0.85234375 0.43671875 0.0171875 0.04375
0 0.94921875 0.45234375 0.015625 0.0375
4 0.63515625 0.38671875 0.021875 0.0546875
4 0.47578125 0.45234375 0.0421875 0.10625
0 0.52734375 0.32734375 0.015625 0.0453125
4 0.49375 0.70078125 0.0890625 0.2171875