0 0.21015625 0.61796875 0.0625 0.165625
0 0.3515625 0.4640625 0.0265625 0.08125
0 0.3421875 0.40546875 0.0171875 0.053125
0 0.328125 0.38203125 0.0140625 0.0421875
0 0.325 0.36015625 0.0109375 0.03125
0 0.3765625 0.35625 0.009375 0.028125
0 0.43515625 0.35546875 0.0078125 0.025
0 0.490625 0.35703125 0.0078125 0.021875
0 0.54921875 0.3640625 0.0078125 0.021875
0 0.61953125 0.37109375 0.0078125 0.021875
0 0.73046875 0.38671875 0.0078125 0.0234375
0 0.78828125 0.4 0.009375 0.028125
0 0.834375 0.41171875 0.0109375 0.03125
0 0.90859375 0.4328125 0.0125 0.0359375
4 0.46171875 0.371875 0.009375 0.03125
4 0.46796875 0.38515625 0.0125 0.0359375
4 0.50078125 0.40078125 0.0125 0.0421875
4 0.5203125 0.371875 0.009375 0.028125
4 0.56875 0.43125 0.0171875 0.0546875
4 0.590625 0.37890625 0.009375 0.028125
4 0.64296875 0.47578125 0.0234375 0.0671875
4 0.65859375 0.3890625 0.009375 0.028125
4 0.70390625 0.39921875 0.0109375 0.03125
4 0.7671875 0.425 0.0140625 0.0390625
4 0.81953125 0.4515625 0.0171875 0.0484375
4 0.91953125 0.5 0.0265625 0.06875
4 0.73359375 0.578125 0.0390625 0.1109375
2 0.23671875 0.309375 0.0046875 0.0140625
2 0.2875 0.31875 0.0046875 0.015625
2 0.378125 0.325 0.0046875 0.0140625
2 0.3828125 0.33125 0.00625 0.021875
2 0.42421875 0.33359375 0.0046875 0.0171875