0 0.584375 0.4203125 0.021875 0.0609375
4 0.88359375 0.4703125 0.0421875 0.0984375
0 0.2171875 0.778125 0.0921875 0.2203125
0 0.17109375 0.44609375 0.021875 0.0546875
4 0.103125 0.4234375 0.0171875 0.0453125
4 0.74765625 0.40390625 0.0203125 0.0578125
4 0.66015625 0.378125 0.015625 0.04375
0 0.28046875 0.3875 0.0125 0.0328125
4 0.17890625 0.39609375 0.0109375 0.03125
4 0.6046875 0.36015625 0.0125 0.034375
0 0.52421875 0.38984375 0.015625 0.0453125
0 0.55703125 0.50625 0.0359375 0.1015625
4 0.4296875 0.35546875 0.0078125 0.0234375
0 0.23359375 0.41328125 0.0171875 0.040625
0 0.42578125 0.365625 0.009375 0.028125
4 0.546875 0.3546875 0.0109375 0.028125
4 0.296875 0.3671875 0.009375 0.025
4 0.23359375 0.38046875 0.009375 0.028125
0 0.3484375 0.37109375 0.0109375 0.028125
4 0.37109375 0.36015625 0.009375 0.025
4 0.49609375 0.353125 0.009375 0.025
0 0.47734375 0.371875 0.0125 0.034375