0 0.1390625 0.66796875 0.0484375 0.1703125
4 0.690625 0.53203125 0.03125 0.1
4 0.84921875 0.42265625 0.0125 0.046875
0 0.71875 0.3953125 0.009375 0.0328125
0 0.61640625 0.40390625 0.0109375 0.0390625
2 0.09296875 0.3609375 0.009375 0.0390625
4 0.7703125 0.4328125 0.0140625 0.0515625
4 0.91953125 0.41640625 0.0109375 0.040625
0 0.8078125 0.39296875 0.009375 0.03125
0 0.3578125 0.48125 0.0203125 0.075
0 0.93828125 0.4015625 0.009375 0.034375
2 0.178125 0.3546875 0.0078125 0.028125
2 0.26328125 0.35078125 0.00625 0.021875
4 0.703125 0.4578125 0.01875 0.0640625
4 0.8125 0.7515625 0.0546875 0.178125