0 0.3265625 0.4765625 0.028125 0.065625
0 0.7375 0.353125 0.0171875 0.040625
0 0.63671875 0.36953125 0.01875 0.040625
0 0.54609375 0.3921875 0.01875 0.0453125
4 0.784375 0.60390625 0.078125 0.16875
0 0.2375 0.62734375 0.0625 0.1328125
0 0.44140625 0.42421875 0.0234375 0.0515625
2 0.5296875 0.34609375 0.009375 0.021875
0 0.8609375 0.334375 0.0171875 0.040625
4 0.846875 0.36875 0.0265625 0.0546875
2 0.47109375 0.35859375 0.0109375 0.0265625
2 0.3578125 0.37109375 0.0078125 0.0203125
2 0.30625 0.371875 0.00625 0.0171875
2 0.42578125 0.34765625 0.00625 0.015625
2 0.471875 0.346875 0.0078125 0.0171875
2 0.46875 0.33125 0.0046875 0.0109375
2 0.4953125 0.32890625 0.00625 0.0140625
4 0.603125 0.43515625 0.0296875 0.06875
4 0.63359375 0.50078125 0.046875 0.1
4 0.7125 0.39375 0.0265625 0.0578125