0 0.90078125 0.28984375 0.0109375 0.0265625
0 0.8171875 0.36796875 0.0265625 0.065625
0 0.8859375 0.303125 0.0140625 0.034375
0 0.70703125 0.48125 0.05 0.1203125
0 0.8640625 0.325 0.0171875 0.0421875
0 0.9109375 0.28046875 0.0078125 0.0203125
4 0.9828125 0.265625 0.0046875 0.0125
4 0.98671875 0.26875 0.00625 0.015625
4 0.990625 0.2734375 0.00625 0.0171875
0 0.16484375 0.29609375 0.021875 0.05625
0 0.9296875 0.259375 0.0046875 0.0140625
0 0.9265625 0.26328125 0.0046875 0.015625
0 0.92265625 0.2671875 0.0078125 0.0171875
0 0.91796875 0.27265625 0.0078125 0.01875