4 0.8296875 0.653125 0.0421875 0.125
0 0.328125 0.53984375 0.04375 0.13125
0 0.56953125 0.47890625 0.0234375 0.0703125
0 0.6921875 0.46328125 0.0171875 0.0515625
4 0.86875 0.55546875 0.0265625 0.075
0 0.7140625 0.446875 0.0125 0.03125
4 0.890625 0.51328125 0.01875 0.05625
4 0.94453125 0.4578125 0.0078125 0.0203125
0 0.8046875 0.42109375 0.00625 0.0171875
0 0.91328125 0.44375 0.0078125 0.01875
4 0.8453125 0.45625 0.0109375 0.03125
0 0.75625 0.4125 0.0078125 0.0203125
4 0.86875 0.478125 0.0140625 0.0390625
0 0.8546875 0.42890625 0.0078125 0.0171875
0 0.7171875 0.428125 0.009375 0.028125
4 0.821875 0.4421875 0.0078125 0.025
4 0.8734375 0.44296875 0.00625 0.0203125
4 0.8171875 0.43125 0.0078125 0.0234375
2 0.75234375 0.39453125 0.0046875 0.0140625
2 0.73046875 0.38984375 0.003125 0.0140625
2 0.77109375 0.3984375 0.0046875 0.0140625
2 0.79375 0.40078125 0.0046875 0.0140625
2 0.70390625 0.38359375 0.0046875 0.0171875
2 0.709375 0.38203125 0.003125 0.009375
2 0.63984375 0.36953125 0.003125 0.009375
2 0.66953125 0.3734375 0.0046875 0.0109375