0 0.3921875 0.4640625 0.025 0.05
0 0.42578125 0.41484375 0.0140625 0.03125
0 0.43984375 0.39375 0.009375 0.0203125
4 0.65078125 0.428125 0.03125 0.0515625
4 0.5796875 0.39609375 0.015625 0.0296875
4 0.5515625 0.3796875 0.0109375 0.021875
2 0.5484375 0.3734375 0.015625 0.0328125
2 0.534375 0.371875 0.0078125 0.015625
2 0.525 0.36796875 0.00625 0.0125
2 0.51875 0.3640625 0.0046875 0.0109375
2 0.5140625 0.36015625 0.0046875 0.0109375
2 0.5109375 0.35859375 0.0046875 0.0078125
2 0.5078125 0.35546875 0.0046875 0.009375
2 0.5046875 0.3546875 0.003125 0.0078125
2 0.43984375 0.38671875 0.0140625 0.0328125
2 0.44765625 0.3828125 0.0078125 0.015625
2 0.4515625 0.37578125 0.0078125 0.0140625
2 0.45625 0.371875 0.00625 0.0125
2 0.459375 0.3671875 0.0046875 0.0109375
2 0.4625 0.36484375 0.0046875 0.009375
2 0.4625 0.3609375 0.003125 0.0078125
1 0.496875 0.3484375 0.0046875 0.0078125
1 0.4890625 0.34921875 0.0046875 0.009375
1 0.48203125 0.35 0.003125 0.0078125
1 0.47578125 0.35078125 0.0046875 0.009375
1 0.4671875 0.3515625 0.0046875 0.009375