4 0.33125 0.30078125 0.021875 0.059375
4 0.2390625 0.21015625 0.0109375 0.03125
4 0.4734375 0.43359375 0.040625 0.103125
4 0.27109375 0.24296875 0.0171875 0.04375
4 0.21875 0.19140625 0.009375 0.0265625
2 0.1859375 0.1609375 0.0078125 0.01875
2 0.1796875 0.15546875 0.00625 0.015625
2 0.17421875 0.15078125 0.00625 0.0140625
2 0.19375 0.16796875 0.0078125 0.0203125
1 0.20703125 0.1734375 0.0109375 0.0359375
2 0.1703125 0.146875 0.0046875 0.0140625
2 0.09296875 0.13203125 0.00625 0.0171875
1 0.203125 0.171875 0.009375 0.0359375
2 0.1671875 0.14296875 0.00625 0.015625
2 0.16328125 0.140625 0.0046875 0.0140625
2 0.1609375 0.1390625 0.0046875 0.0125
2 0.121875 0.11640625 0.003125 0.0078125
2 0.1296875 0.1203125 0.003125 0.0078125
2 0.13828125 0.12109375 0.003125 0.0078125
2 0.0953125 0.12890625 0.0046875 0.0171875
2 0.09921875 0.12578125 0.0046875 0.0140625
2 0.1015625 0.12421875 0.0046875 0.0140625
2 0.10390625 0.12421875 0.0046875 0.0109375
2 0.1046875 0.1234375 0.003125 0.0078125
2 0.10625 0.1234375 0.003125 0.00625
2 0.159375 0.13515625 0.003125 0.0109375
2 0.15703125 0.13359375 0.003125 0.0109375
2 0.1546875 0.1328125 0.003125 0.0109375
2 0.153125 0.13125 0.003125 0.0109375
4 0.203125 0.1796875 0.00625 0.0203125