4 0.2890625 0.3671875 0.021875 0.06875
0 0.0921875 0.22734375 0.00625 0.021875
4 0.05234375 0.234375 0.0078125 0.0265625
4 0.196875 0.3265625 0.0171875 0.0546875
0 0.15859375 0.22890625 0.0046875 0.0171875
0 0.203125 0.22734375 0.0046875 0.015625
4 0.72109375 0.2828125 0.0046875 0.0171875
4 0.875 0.3046875 0.0046875 0.0171875
4 0.0765625 0.29609375 0.015625 0.05
0 0.90234375 0.3046875 0.003125 0.0140625
0 0.3625 0.23359375 0.003125 0.0125
4 0.815625 0.29765625 0.003125 0.015625
0 0.2125 0.228125 0.003125 0.0140625
4 0.234375 0.2375 0.0046875 0.0171875
0 0.134375 0.22734375 0.0046875 0.0203125
0 0.18828125 0.228125 0.0046875 0.015625
4 0.28203125 0.23046875 0.003125 0.0140625
4 0.7671875 0.28984375 0.003125 0.0140625
0 0.34296875 0.23203125 0.003125 0.0125
0 0.73515625 0.28203125 0.003125 0.0140625
0 0.76328125 0.2859375 0.003125 0.0140625
0 0.684375 0.2734375 0.003125 0.0140625
4 0.3546875 0.2359375 0.003125 0.0140625
4 0.45859375 0.24140625 0.003125 0.0125
4 0.190625 0.2375 0.0046875 0.0203125
4 0.3640625 0.4484375 0.028125 0.1078125
4 0.3015625 0.23125 0.003125 0.0140625
0 0.790625 0.290625 0.003125 0.0140625
4 0.26015625 0.2375 0.0046875 0.0171875
4 0.13125 0.23671875 0.0078125 0.025
0 0.24453125 0.22421875 0.003125 0.0125
0 0.71328125 0.27890625 0.003125 0.0140625
4 0.546875 0.24921875 0.003125 0.0109375
4 0.6109375 0.259375 0.003125 0.0109375
4 0.68046875 0.2765625 0.0046875 0.0140625
0 0.3984375 0.2359375 0.003125 0.0125
4 0.63515625 0.26640625 0.003125 0.0125
0 0.40546875 0.2359375 0.003125 0.0109375
4 0.4390625 0.24140625 0.003125 0.0140625
0 0.66953125 0.26796875 0.003125 0.0140625
4 0.4984375 0.24375 0.003125 0.0109375
0 0.309375 0.22890625 0.003125 0.0125
0 0.21640625 0.2234375 0.003125 0.0140625
1 0.828125 0.72109375 0.0515625 0.2328125
4 0.57109375 0.253125 0.003125 0.0109375
4 0.63046875 0.2640625 0.003125 0.0140625
0 0.69375 0.275 0.003125 0.0140625
4 0.44921875 0.23984375 0.003125 0.0140625
4 0.4765625 0.2421875 0.003125 0.0109375
4 0.64453125 0.26875 0.003125 0.0140625
0 0.64921875 0.26328125 0.003125 0.0109375
0 0.62109375 0.25859375 0.003125 0.0109375
4 0.915625 0.31015625 0.0046875 0.015625
4 0.42109375 0.240625 0.003125 0.0140625
1 0.6734375 0.67890625 0.0859375 0.325
0 0.8421875 0.29765625 0.003125 0.0140625
4 0.27265625 0.23359375 0.003125 0.0171875
0 0.58828125 0.25390625 0.003125 0.0109375
4 0.596875 0.25625 0.003125 0.0140625
4 0.384375 0.23671875 0.003125 0.0171875
0 0.51484375 0.24453125 0.003125 0.0125
4 0.62421875 0.2625 0.003125 0.0125
0 0.2765625 0.225 0.003125 0.0109375
0 0.6796875 0.271875 0.003125 0.0140625
4 0.740625 0.76953125 0.034375 0.1375
4 0.278125 0.23359375 0.003125 0.0140625
4 0.52265625 0.24765625 0.003125 0.0125
0 0.47890625 0.240625 0.003125 0.0109375
0 0.5515625 0.24921875 0.003125 0.0078125
0 0.4203125 0.2359375 0.003125 0.0109375
0 0.20859375 0.225 0.003125 0.015625
4 0.27265625 0.23203125 0.003125 0.0171875
0 0.2109375 0.22734375 0.003125 0.0140625