4 0.67734375 0.5296875 0.0296875 0.090625
0 0.1921875 0.56796875 0.0390625 0.121875
0 0.45859375 0.44609375 0.0140625 0.05625
0 0.38515625 0.48515625 0.021875 0.065625
0 0.384375 0.4234375 0.0125 0.0421875
0 0.2296875 0.4234375 0.0125 0.0453125
4 0.70859375 0.41484375 0.0078125 0.028125
4 0.81875 0.45703125 0.0140625 0.05
4 0.1734375 0.39375 0.009375 0.028125
4 0.60078125 0.43125 0.0109375 0.0390625
0 0.87890625 0.415625 0.0078125 0.028125
4 0.07109375 0.40546875 0.0125 0.0390625
4 0.7890625 0.434375 0.0078125 0.034375
4 0.63671875 0.409375 0.0078125 0.0265625
0 0.1671875 0.3890625 0.00625 0.025
4 0.77578125 0.771875 0.0390625 0.1703125
4 0.05859375 0.39140625 0.009375 0.0296875
4 0.4171875 0.4125 0.0109375 0.03125
0 0.10078125 0.38359375 0.00625 0.025
0 0.778125 0.409375 0.00625 0.025
0 0.95 0.428125 0.009375 0.0359375
4 0.19296875 0.40546875 0.009375 0.0359375
4 0.3078125 0.40703125 0.009375 0.028125
0 0.4734375 0.396875 0.0046875 0.0203125
4 0.27578125 0.39921875 0.00625 0.0234375
4 0.5546875 0.40625 0.00625 0.025
4 0.5140625 0.41796875 0.009375 0.0359375
2 0.4453125 0.37734375 0.003125 0.0125
2 0.4046875 0.37734375 0.003125 0.0140625
4 0.92734375 0.5171875 0.025 0.078125
0 0.678125 0.40390625 0.0078125 0.021875
4 0.4625 0.403125 0.00625 0.025
4 0.37265625 0.40078125 0.00625 0.025
2 0.3453125 0.375 0.0046875 0.0140625
2 0.68671875 0.38671875 0.0046875 0.015625
0 0.2734375 0.39140625 0.003125 0.021875
2 0.37734375 0.37578125 0.003125 0.015625
0 0.575 0.39921875 0.00625 0.0203125
4 0.65625 0.4625 0.0171875 0.0578125
4 0.78515625 0.41875 0.00625 0.03125