0 0.79140625 0.28984375 0.021875 0.0609375
0 0.8421875 0.19765625 0.009375 0.0265625
0 0.72109375 0.4125 0.0421875 0.1109375
0 0.83359375 0.21328125 0.0109375 0.03125
0 0.81953125 0.2390625 0.015625 0.040625
0 0.8484375 0.18671875 0.0078125 0.0234375
0 0.8546875 0.17734375 0.0078125 0.0203125
0 0.85859375 0.17109375 0.00625 0.015625
0 0.86171875 0.16640625 0.0046875 0.015625
1 0.49609375 0.67890625 0.103125 0.34375
1 0.36640625 0.7484375 0.0703125 0.2390625
0 0.58359375 0.23515625 0.0078125 0.025
0 0.86484375 0.16171875 0.0046875 0.0140625