0 0.09140625 0.4546875 0.0328125 0.0390625
0 0.2234375 0.44296875 0.0125 0.015625
0 0.2984375 0.465625 0.0125 0.0171875
0 0.2953125 0.4859375 0.021875 0.0265625
0 0.4328125 0.57734375 0.0453125 0.05625
0 0.4328125 0.53515625 0.03125 0.0359375
0 0.3796875 0.47890625 0.0109375 0.0140625
0 0.503125 0.52890625 0.0171875 0.021875
0 0.5640625 0.521875 0.009375 0.0125
0 0.5953125 0.534375 0.0109375 0.0140625
0 0.60546875 0.553125 0.01875 0.021875
0 0.65703125 0.55703125 0.0125 0.0171875
0 0.678125 0.57578125 0.0203125 0.0234375
0 0.73359375 0.6296875 0.0328125 0.04375
4 0.1546875 0.43984375 0.01875 0.0234375
4 0.3953125 0.73125 0.0984375 0.1375
4 0.3984375 0.4953125 0.0171875 0.021875
4 0.4140625 0.49140625 0.0125 0.015625
4 0.4625 0.49765625 0.0109375 0.0140625
4 0.50390625 0.5046875 0.009375 0.0125
4 0.63203125 0.55234375 0.0140625 0.01875
4 0.63671875 0.5390625 0.009375 0.0125
4 0.6671875 0.55234375 0.0109375 0.0140625
4 0.6796875 0.565625 0.015625 0.0203125
4 0.71953125 0.60234375 0.0265625 0.0328125
2 0.2875 0.528125 0.0375 0.0484375
2 0.4921875 0.52890625 0.01875 0.0234375
2 0.534375 0.5296875 0.0140625 0.01875
2 0.55234375 0.52265625 0.0109375 0.0140625
2 0.56953125 0.5328125 0.0125 0.0171875
2 0.56796875 0.571875 0.028125 0.0328125
2 0.61484375 0.5328125 0.0078125 0.0109375
2 0.6734375 0.55546875 0.0109375 0.015625
2 0.76328125 0.59765625 0.0203125 0.0234375