0 0.23984375 0.13359375 0.0125 0.025
0 0.8765625 0.25390625 0.0125 0.025
0 0.97578125 0.27890625 0.0109375 0.0234375
0 0.69375 0.50234375 0.065625 0.13125
4 0.184375 0.11484375 0.0109375 0.0234375
0 0.52265625 0.16640625 0.0078125 0.0171875
0 0.33046875 0.1390625 0.0109375 0.0234375
0 0.796875 0.23359375 0.0109375 0.0234375
0 0.47265625 0.15703125 0.009375 0.01875
4 0.1546875 0.10234375 0.00625 0.0140625
0 0.575 0.17734375 0.0078125 0.0171875
4 0.465625 0.1484375 0.0046875 0.0109375
0 0.69140625 0.20078125 0.009375 0.01875
4 0.58203125 0.1734375 0.0078125 0.015625
4 0.384375 0.13515625 0.00625 0.0125
4 0.61328125 0.17578125 0.00625 0.0125
0 0.57109375 0.1671875 0.00625 0.0109375
4 0.34609375 0.13359375 0.0078125 0.0171875
4 0.42578125 0.1453125 0.00625 0.0140625
0 0.115625 0.69375 0.0609375 0.1234375
0 0.74296875 0.21796875 0.009375 0.0203125
4 0.65859375 0.18984375 0.00625 0.0140625
4 0.27265625 0.12421875 0.009375 0.01875
0 0.215625 0.10703125 0.00625 0.0140625
0 0.40859375 0.146875 0.009375 0.01875
4 0.56015625 0.1640625 0.00625 0.0109375
4 0.73515625 0.20859375 0.00625 0.0109375
4 0.84296875 0.23984375 0.0078125 0.015625
0 0.628125 0.18671875 0.009375 0.0171875
4 0.77734375 0.221875 0.0078125 0.0140625
4 0.228125 0.1125 0.0078125 0.0140625
0 0.33125 0.12265625 0.00625 0.0140625
4 0.5046875 0.1578125 0.00625 0.0140625
0 0.2890625 0.1171875 0.00625 0.0109375
0 0.51875 0.1546875 0.0046875 0.0109375
4 0.29296875 0.121875 0.00625 0.0140625
0 0.471875 0.146875 0.0046875 0.0109375
0 0.253125 0.11015625 0.00625 0.0140625
4 0.66875 0.1890625 0.0046875 0.009375
4 0.709375 0.1984375 0.0046875 0.00625
4 0.42890625 0.14296875 0.0046875 0.0125
4 0.92421875 0.26015625 0.0078125 0.0140625