0 0.1921875 0.2328125 0.0125 0.0375
4 0.70703125 0.340625 0.009375 0.0296875
4 0.60078125 0.5109375 0.0359375 0.1171875
4 0.36640625 0.265625 0.0109375 0.0375
4 0.5296875 0.29296875 0.009375 0.028125
0 0.39921875 0.25546875 0.0078125 0.0265625
0 0.8421875 0.375 0.009375 0.0296875
4 0.44453125 0.27578125 0.009375 0.0328125
4 0.88125 0.40703125 0.0125 0.0390625
2 0.17265625 0.2015625 0.0078125 0.0265625
0 0.509375 0.278125 0.0078125 0.025
4 0.3375 0.3984375 0.0296875 0.0953125
4 0.7921875 0.3703125 0.009375 0.0328125
4 0.909375 0.575 0.0359375 0.1078125
0 0.29375 0.24140625 0.009375 0.03125
0 0.72890625 0.3359375 0.0078125 0.0265625
4 0.240625 0.3203125 0.0203125 0.0703125
4 0.29609375 0.265625 0.0125 0.0421875
2 0.11015625 0.1703125 0.00625 0.0203125
1 0.25703125 0.31015625 0.0296875 0.1171875
2 0.08359375 0.16484375 0.00625 0.0203125
2 0.16484375 0.1890625 0.00625 0.021875
2 0.1578125 0.18046875 0.0046875 0.01875
2 0.184375 0.22109375 0.0109375 0.0328125
0 0.6203125 0.303125 0.0046875 0.0203125
2 0.1359375 0.1765625 0.00625 0.01875
1 0.23671875 0.28828125 0.021875 0.1
4 0.61796875 0.31484375 0.00625 0.0265625
3 0.103125 0.16484375 0.003125 0.0140625
2 0.0765625 0.17265625 0.0046875 0.021875
3 0.1640625 0.17109375 0.003125 0.0140625
3 0.16640625 0.1734375 0.003125 0.0109375
3 0.2046875 0.18359375 0.003125 0.0125
3 0.24140625 0.184375 0.003125 0.0140625
3 0.2609375 0.1921875 0.003125 0.0140625
3 0.325 0.20234375 0.0015625 0.0109375
3 0.3921875 0.22109375 0.003125 0.0125
3 0.40703125 0.2203125 0.003125 0.0125
3 0.44921875 0.2359375 0.003125 0.0140625
3 0.48203125 0.2421875 0.003125 0.0109375
3 0.49140625 0.25 0.003125 0.0140625
3 0.53125 0.25625 0.003125 0.0140625
3 0.5375 0.26484375 0.003125 0.0171875
3 0.57734375 0.271875 0.003125 0.0171875
4 0.24765625 0.2796875 0.0125 0.05625
0 0.69921875 0.846875 0.021875 0.040625
3 0.32734375 0.20546875 0.0015625 0.0109375