0 0.28359375 0.33125 0.0171875 0.06015625
4 0.596875 0.36328125 0.01328125 0.05546875
4 0.5390625 0.39140625 0.01875 0.071875
0 0.1125 0.40234375 0.03359375 0.10234375
4 0.5203125 0.46328125 0.025 0.10546875
0 0.41953125 0.31171875 0.0125 0.0453125
4 0.66484375 0.35546875 0.01171875 0.04765625
0 0.540625 0.31015625 0.00859375 0.03671875
4 0.74296875 0.3578125 0.0109375 0.04140625
0 0.7796875 0.33828125 0.0078125 0.03125
4 0.86875 0.37578125 0.01171875 0.04140625
0 0.90859375 0.36171875 0.00859375 0.0328125
0 0.65625 0.3203125 0.0078125 0.03359375
4 0.64453125 0.70625 0.05859375 0.2078125