4 0.6625 0.3 0.028125 0.06875
0 0.45390625 0.39296875 0.0328125 0.0828125
0 0.2703125 0.3765625 0.01875 0.0484375
1 0.09765625 0.39453125 0.021875 0.059375
0 0.346875 0.3109375 0.0125 0.03125
4 0.078125 0.41328125 0.015625 0.0359375
0 0.1453125 0.409375 0.0171875 0.04375
4 0.26171875 0.334375 0.0125 0.0296875
4 0.5015625 0.29921875 0.0203125 0.0484375
0 0.03671875 0.44765625 0.015625 0.04375
2 0.4875 0.275 0.015625 0.0375
4 0.18125 0.371875 0.0140625 0.034375
4 0.1046875 0.3625 0.0078125 0.01875
0 0.39140625 0.2828125 0.0109375 0.028125
4 0.92109375 0.38125 0.05625 0.1421875
2 0.603125 0.23046875 0.0140625 0.034375
2 0.5484375 0.2359375 0.0125 0.0296875
0 0.3703125 0.36796875 0.0234375 0.059375
0 0.49921875 0.509375 0.05625 0.1421875
4 0.36484375 0.3234375 0.0171875 0.0421875
1 0.05234375 0.41171875 0.0171875 0.0578125
4 0.30546875 0.3109375 0.0109375 0.0265625
4 0.04140625 0.3890625 0.009375 0.021875
4 0.3125 0.3 0.009375 0.0234375
4 0.1609375 0.34140625 0.0078125 0.0203125
0 0.17109375 0.334375 0.00625 0.0171875
0 0.353125 0.2765625 0.0078125 0.01875
4 0.21484375 0.32265625 0.0078125 0.0203125
0 0.3859375 0.27265625 0.00625 0.0234375
0 0.240625 0.309375 0.00625 0.0171875
2 0.44765625 0.27265625 0.0125 0.03125
4 0.259375 0.30859375 0.0078125 0.0203125
4 0.29453125 0.3 0.0078125 0.021875
0 0.30078125 0.28984375 0.00625 0.0171875
0 0.0953125 0.36171875 0.0078125 0.01875
1 0.0625 0.42578125 0.0296875 0.071875