0 0.3046875 0.5484375 0.040625 0.1015625
4 0.6984375 0.490625 0.0375 0.096875
4 0.58359375 0.3875 0.0140625 0.040625
0 0.3796875 0.4546875 0.0234375 0.0609375
0 0.428125 0.38828125 0.0125 0.0328125
4 0.61953125 0.4234375 0.021875 0.059375
0 0.53671875 0.35546875 0.0078125 0.025
4 0.56953125 0.3703125 0.0109375 0.03125
0 0.48359375 0.36953125 0.009375 0.028125
0 0.5953125 0.34375 0.0078125 0.0234375
0 0.40859375 0.4046875 0.0140625 0.040625
4 0.6140625 0.35390625 0.009375 0.028125
4 0.86796875 0.32265625 0.009375 0.028125
0 0.86875 0.31328125 0.0078125 0.025
4 0.7765625 0.328125 0.009375 0.025
0 0.76875 0.3203125 0.0078125 0.021875
4 0.68515625 0.33984375 0.0078125 0.025
0 0.68125 0.32890625 0.0078125 0.021875