0 0.8640625 0.3453125 0.0234375 0.0546875
0 0.9203125 0.3 0.0125 0.03125
0 0.9328125 0.2890625 0.0109375 0.025
0 0.496875 0.64765625 0.1015625 0.221875
0 0.79140625 0.4078125 0.0390625 0.0859375
0 0.9 0.31640625 0.0171875 0.0390625
1 0.9421875 0.27578125 0.0140625 0.0328125
1 0.9453125 0.27578125 0.0109375 0.0328125
2 0.9546875 0.271875 0.0078125 0.0171875
2 0.94921875 0.27578125 0.0078125 0.01875
2 0.95859375 0.26953125 0.00625 0.0140625
2 0.96171875 0.26484375 0.00625 0.0140625
2 0.96484375 0.2640625 0.00625 0.0140625