0 0.83671875 0.3765625 0.03125 0.06875
0 0.41484375 0.3421875 0.0390625 0.0765625
0 0.25078125 0.26953125 0.021875 0.046875
0 0.28125 0.3015625 0.0296875 0.0625
0 0.27890625 0.24921875 0.0171875 0.040625
0 0.71015625 0.2703125 0.0125 0.028125
4 0.20390625 0.425 0.0625 0.125
0 0.465625 0.23984375 0.0125 0.028125
0 0.63125 0.3734375 0.0390625 0.08125
4 0.74765625 0.26796875 0.0109375 0.025
0 0.78359375 0.28828125 0.0140625 0.03125
0 0.84609375 0.3078125 0.0171875 0.0375
0 0.54921875 0.24609375 0.0109375 0.0265625
4 0.15234375 0.2375 0.0171875 0.040625
0 0.63359375 0.25703125 0.0125 0.0265625
4 0.2515625 0.228125 0.0140625 0.03125
4 0.65 0.25078125 0.0109375 0.0234375
4 0.940625 0.31484375 0.0140625 0.0328125
0 0.4015625 0.23828125 0.0125 0.0296875
4 0.54296875 0.2375 0.0109375 0.0234375
0 0.33359375 0.24140625 0.0171875 0.034375
2 0.96015625 0.2984375 0.009375 0.025
4 0.35078125 0.2265625 0.0109375 0.025
4 0.7109375 0.5171875 0.0625 0.1390625
4 0.43515625 0.22890625 0.0109375 0.0234375
2 0.96875 0.28984375 0.0078125 0.0203125
2 0.99765625 0.2875 0.0046875 0.01875
2 0.94765625 0.309375 0.0125 0.0296875
4 0.846875 0.28984375 0.0109375 0.028125
2 0.975 0.284375 0.00625 0.0171875
0 0.88828125 0.33203125 0.015625 0.04375
1 0.90234375 0.33671875 0.0265625 0.078125
0 0.896875 0.35625 0.01875 0.053125
1 0.890625 0.3453125 0.0359375 0.0890625
3 0.99453125 0.2828125 0.0046875 0.0140625