0 0.85859375 0.38515625 0.0109375 0.0265625
4 0.35859375 0.465625 0.0578125 0.1296875
0 0.37421875 0.23125 0.0109375 0.0265625
0 0.190625 0.24609375 0.0234375 0.0546875
0 0.93828125 0.415625 0.0140625 0.03125
4 0.36171875 0.35546875 0.034375 0.08125
4 0.4265625 0.315625 0.021875 0.0546875
4 0.465625 0.29609375 0.0171875 0.0421875
0 0.334375 0.22890625 0.0140625 0.0328125
0 0.81328125 0.3640625 0.0109375 0.0234375
4 0.54765625 0.2609375 0.0078125 0.0171875
0 0.41796875 0.234375 0.009375 0.021875
4 0.49453125 0.26015625 0.009375 0.0234375
4 0.78203125 0.3625 0.0125 0.03125
4 0.71796875 0.33046875 0.009375 0.0234375
0 0.2921875 0.23984375 0.0171875 0.040625
4 0.703125 0.31640625 0.009375 0.021875
4 0.55625 0.25859375 0.00625 0.0171875
0 0.46640625 0.23828125 0.0078125 0.0203125
4 0.92265625 0.42578125 0.0171875 0.0390625
4 0.53515625 0.2640625 0.0078125 0.0203125
4 0.46015625 0.2734375 0.0140625 0.034375
0 0.5328125 0.2421875 0.00625 0.0140625
0 0.50859375 0.2390625 0.00625 0.015625
0 0.840625 0.359375 0.0078125 0.0171875
0 0.48515625 0.2359375 0.00625 0.0171875
4 0.90234375 0.3625 0.00625 0.0140625
4 0.4671875 0.25703125 0.009375 0.028125
4 0.7640625 0.328125 0.0078125 0.0171875
4 0.578125 0.2609375 0.00625 0.015625
0 0.78125 0.346875 0.009375 0.0203125