0 0.50234375 0.3234375 0.0171875 0.0515625
0 0.17265625 0.32109375 0.015625 0.040625
0 0.590625 0.35234375 0.021875 0.0671875
0 0.7484375 0.28828125 0.0140625 0.0421875
1 0.6453125 0.3765625 0.0359375 0.14375
0 0.29375 0.31171875 0.0140625 0.040625
0 0.4046875 0.31171875 0.0140625 0.0453125
4 0.878125 0.3375 0.0234375 0.065625
4 0.89296875 0.30390625 0.01875 0.0515625
4 0.4828125 0.2875 0.0125 0.0359375
0 0.96640625 0.2609375 0.0109375 0.034375
4 0.346875 0.28984375 0.0125 0.034375
4 0.959375 0.28671875 0.0171875 0.0453125
2 0.68671875 0.25625 0.009375 0.028125
4 0.203125 0.3 0.0125 0.03125
1 0.9390625 0.3625 0.0453125 0.1421875
0 0.8421875 0.27109375 0.0125 0.0359375
4 0.95859375 0.403125 0.0203125 0.0921875
2 0.59375 0.2609375 0.009375 0.028125
2 0.60078125 0.28203125 0.0125 0.0359375
2 0.5875 0.2484375 0.00625 0.0234375
2 0.7234375 0.27578125 0.0125 0.0359375
0 0.64453125 0.584375 0.0578125 0.1765625
4 0.60625 0.2953125 0.0140625 0.04375
2 0.66328125 0.2453125 0.0078125 0.021875
1 0.66640625 0.41640625 0.053125 0.1765625
2 0.60625 0.2390625 0.00625 0.0203125
2 0.628125 0.23828125 0.00625 0.01875
2 0.584375 0.240625 0.00625 0.01875
2 0.64765625 0.2375 0.00625 0.01875
0 0.6515625 0.421875 0.025 0.1