4 0.6828125 0.5390625 0.046875 0.1140625
0 0.27265625 0.40703125 0.0125 0.0359375
4 0.4203125 0.50625 0.034375 0.090625
4 0.80546875 0.459375 0.0296875 0.078125
0 0.59375 0.39140625 0.0140625 0.0390625
4 0.46796875 0.42890625 0.0171875 0.0515625
4 0.18515625 0.43203125 0.015625 0.0453125
0 0.10390625 0.40078125 0.009375 0.0296875
0 0.91953125 0.3953125 0.021875 0.059375
0 0.421875 0.4015625 0.0125 0.0390625
0 0.0703125 0.39921875 0.0078125 0.025
4 0.60625 0.4359375 0.0203125 0.059375
4 0.065625 0.4328125 0.015625 0.040625
0 0.1734375 0.40625 0.0109375 0.03125
0 0.7234375 0.39453125 0.0171875 0.0453125
4 0.21171875 0.49375 0.028125 0.0734375
4 0.3 0.4328125 0.0171875 0.05