4 0.51328125 0.2953125 0.0234375 0.05625
0 0.4015625 0.43359375 0.040625 0.1109375
0 0.246875 0.35234375 0.0234375 0.05625
4 0.675 0.33046875 0.0328125 0.0875
0 0.13828125 0.3640625 0.01875 0.05
2 0.7015625 0.278125 0.025 0.0671875
0 0.33828125 0.36640625 0.0296875 0.071875
4 0.36484375 0.296875 0.015625 0.0453125
4 0.225 0.31640625 0.0140625 0.040625
2 0.7578125 0.16953125 0.009375 0.0265625
2 0.85625 0.1546875 0.0109375 0.0265625
4 0.05859375 0.35546875 0.015625 0.0375
2 0.90390625 0.19453125 0.0203125 0.0484375
2 0.7484375 0.1875 0.0125 0.0328125
2 0.790625 0.16484375 0.0109375 0.0265625
2 0.87421875 0.16875 0.0140625 0.034375
2 0.82421875 0.15859375 0.009375 0.028125
0 0.36328125 0.696875 0.090625 0.228125
2 0.734375 0.2171875 0.015625 0.0453125