0 0.69296875 0.30625 0.0109375 0.03125
0 0.17578125 0.3359375 0.01875 0.059375
0 0.30390625 0.31015625 0.0140625 0.0453125
0 0.4296875 0.29921875 0.0109375 0.0359375
0 0.56015625 0.29921875 0.009375 0.0328125
4 0.509375 0.31875 0.0140625 0.0421875
4 0.31328125 0.42578125 0.03125 0.096875
4 0.42109375 0.33203125 0.015625 0.0515625
2 0.109375 0.265625 0.009375 0.028125
4 0.61015625 0.3171875 0.0109375 0.0390625
2 0.06875 0.25390625 0.0078125 0.025
0 0.83359375 0.321875 0.009375 0.03125
1 0.36328125 0.5015625 0.0703125 0.2359375
2 0.03671875 0.253125 0.0078125 0.0265625
4 0.7203125 0.32421875 0.0125 0.0375
4 0.8375 0.3375 0.0125 0.0390625
1 0.4671875 0.590625 0.096875 0.3078125
4 0.34765625 0.36015625 0.021875 0.065625
2 0.15546875 0.3140625 0.0171875 0.05
2 0.12578125 0.28359375 0.0125 0.0359375
4 0.4046875 0.5859375 0.0625 0.1703125
2 0.096875 0.2546875 0.0078125 0.025
3 0.4671875 0.25625 0.003125 0.0125
3 0.43203125 0.25546875 0.0046875 0.0140625
3 0.028125 0.246875 0.00625 0.0203125
3 0.1046875 0.25078125 0.0046875 0.0203125
3 0.09921875 0.24375 0.0046875 0.0140625
3 0.1484375 0.2453125 0.0046875 0.0171875
3 0.21328125 0.24453125 0.0046875 0.0140625
3 0.284375 0.2421875 0.0046875 0.0140625
3 0.2890625 0.2453125 0.0046875 0.015625
3 0.36328125 0.24921875 0.0046875 0.0140625
3 0.37734375 0.24609375 0.0046875 0.0140625
3 0.4875 0.26328125 0.0046875 0.015625
3 0.53046875 0.2625 0.0046875 0.015625
3 0.54921875 0.27109375 0.0046875 0.01875
3 0.5890625 0.2703125 0.0046875 0.01875
3 0.1875 0.23984375 0.0046875 0.015625