4 0.92890625 0.4453125 0.0453125 0.1078125
4 0.75625 0.33984375 0.021875 0.0609375
0 0.5296875 0.29765625 0.0140625 0.04375
0 0.46953125 0.46484375 0.040625 0.11875
4 0.8796875 0.27421875 0.0109375 0.0328125
0 0.603125 0.27421875 0.0109375 0.0328125
0 0.8953125 0.25625 0.0078125 0.025
4 0.73671875 0.3078125 0.015625 0.0484375
0 0.69609375 0.2625 0.009375 0.0296875
4 0.965625 0.2734375 0.0125 0.0328125
0 0.78984375 0.2578125 0.009375 0.028125
0 0.39296875 0.63046875 0.075 0.196875
0 0.4828125 0.34453125 0.021875 0.0640625
4 0.80859375 0.278125 0.0125 0.0359375
4 0.7625 0.28984375 0.0140625 0.040625