0 0.1484375 0.56953125 0.0140625 0.025
0 0.32890625 0.62109375 0.02578125 0.03984375
0 0.26640625 0.665625 0.0421875 0.059375
0 0.21328125 0.57734375 0.01640625 0.02578125
0 0.28125 0.59375 0.01953125 0.03125
0 0.68828125 0.5546875 0.01015625 0.015625
0 0.35 0.5453125 0.00703125 0.01171875
0 0.84921875 0.56015625 0.0109375 0.0171875
0 0.2734375 0.54375 0.00703125 0.0125
0 0.9125 0.5625 0.0109375 0.0171875
0 0.78046875 0.55703125 0.009375 0.0171875
0 0.5484375 0.55 0.0078125 0.01484375
0 0.4421875 0.546875 0.0078125 0.0125
0 0.14609375 0.5421875 0.0078125 0.01484375
4 0.4390625 0.571875 0.0140625 0.02421875
4 0.825 0.68125 0.04609375 0.0625
4 0.7109375 0.6296875 0.0296875 0.03828125
4 0.41796875 0.5484375 0.009375 0.01484375
4 0.6703125 0.5578125 0.009375 0.0171875
4 0.584375 0.59609375 0.02265625 0.03125
4 0.19765625 0.55078125 0.0109375 0.0171875
4 0.31015625 0.55703125 0.0109375 0.01953125
4 0.33515625 0.546875 0.0078125 0.015625
4 0.24296875 0.5453125 0.0078125 0.01484375
4 0.5125 0.55078125 0.009375 0.0140625
4 0.11015625 0.54453125 0.01015625 0.0171875
4 0.784375 0.5671875 0.0109375 0.0171875