4 0.6734375 0.509375 0.0265625 0.0859375
0 0.3375 0.39140625 0.009375 0.0359375
0 0.34140625 0.45390625 0.0171875 0.0609375
0 0.328125 0.55546875 0.03125 0.1140625
4 0.57890625 0.45 0.0171875 0.0625
0 0.871875 0.39296875 0.009375 0.0328125
4 0.7953125 0.4 0.009375 0.0375
0 0.3328125 0.42265625 0.0125 0.0484375
0 0.396875 0.38125 0.009375 0.03125
0 0.52421875 0.37109375 0.00625 0.0265625
4 0.63828125 0.38671875 0.0078125 0.03125
4 0.55859375 0.3859375 0.0078125 0.03125
4 0.884375 0.4296875 0.015625 0.046875
0 0.78671875 0.38046875 0.00625 0.025
0 0.5890625 0.3734375 0.00625 0.025
0 0.4625 0.375 0.00625 0.028125
2 0.628125 0.3484375 0.003125 0.0140625
2 0.3328125 0.33828125 0.003125 0.0109375
2 0.43203125 0.34296875 0.003125 0.0140625
2 0.65234375 0.35 0.003125 0.0140625
4 0.21875 0.3359375 0.003125 0.0109375
4 0.38125 0.3359375 0.003125 0.0109375
4 0.2609375 0.33125 0.003125 0.0109375
0 0.25234375 0.3359375 0.003125 0.0125
2 0.3265625 0.3453125 0.003125 0.0171875
4 0.71875 0.39140625 0.009375 0.03125
4 0.5125 0.415625 0.0109375 0.0421875
2 0.35859375 0.34453125 0.0046875 0.015625
4 0.29296875 0.33203125 0.0015625 0.009375
2 0.6765625 0.34921875 0.003125 0.0140625
0 0.2296875 0.33515625 0.003125 0.0109375
4 0.36953125 0.3328125 0.003125 0.009375
4 0.34453125 0.33125 0.003125 0.0109375
2 0.603125 0.34765625 0.0046875 0.0171875
4 0.49296875 0.3921875 0.009375 0.0359375
2 0.38515625 0.3453125 0.0046875 0.0171875
2 0.40703125 0.3453125 0.003125 0.0171875
0 0.6671875 0.3734375 0.00625 0.028125