0 0.496875 0.4765625 0.0359375 0.121875
0 0.48203125 0.38515625 0.0171875 0.0796875
0 0.41953125 0.34453125 0.0171875 0.0578125
0 0.33125 0.3296875 0.0140625 0.0484375
0 0.228125 0.33046875 0.0125 0.04375
0 0.10390625 0.34296875 0.0140625 0.0421875
0 0.54609375 0.28125 0.0109375 0.0359375
0 0.621875 0.26171875 0.009375 0.0296875
0 0.715625 0.246875 0.0078125 0.0265625
0 0.828125 0.2359375 0.0078125 0.0265625
0 0.9609375 0.2296875 0.009375 0.028125
4 0.9 0.39609375 0.0359375 0.0984375
4 0.70703125 0.3453125 0.021875 0.0703125
4 0.65 0.30859375 0.015625 0.053125
4 0.66171875 0.28359375 0.0125 0.0421875
4 0.71015625 0.26640625 0.009375 0.034375
4 0.778125 0.25390625 0.009375 0.03125
4 0.8671875 0.2453125 0.009375 0.03125
4 0.421875 0.29765625 0.0125 0.0390625
4 0.30078125 0.303125 0.0109375 0.0359375
4 0.15546875 0.31796875 0.0109375 0.034375
2 0.52265625 0.2734375 0.009375 0.03125
2 0.4875 0.26015625 0.0078125 0.025
2 0.46484375 0.2515625 0.0046875 0.0203125
2 0.44765625 0.246875 0.0046875 0.0171875
2 0.4296875 0.24765625 0.0046875 0.0171875
2 0.40859375 0.25 0.0046875 0.01875
2 0.38828125 0.253125 0.0046875 0.01875
2 0.39296875 0.2609375 0.00625 0.0203125
2 0.4015625 0.271875 0.0078125 0.025
2 0.41328125 0.28828125 0.009375 0.0328125
1 0.7390625 0.33359375 0.0390625 0.1203125
1 0.690625 0.31796875 0.0328125 0.10625
1 0.49609375 0.375 0.0390625 0.140625
1 0.471875 0.35234375 0.028125 0.1203125