4 0.78671875 0.27265625 0.0125 0.04765625
0 0.54921875 0.48515625 0.03515625 0.12734375
0 0.89921875 0.2015625 0.00703125 0.02265625
4 0.83984375 0.2921875 0.01484375 0.06015625
0 0.596875 0.39765625 0.021875 0.08984375
0 0.71796875 0.22265625 0.00625 0.02265625
0 0.5859375 0.29609375 0.0109375 0.046875
4 0.84140625 0.2171875 0.00703125 0.02734375
0 0.79921875 0.21171875 0.00625 0.02265625
4 0.746875 0.23203125 0.00703125 0.0296875
4 0.91328125 0.209375 0.00859375 0.02734375
0 0.57734375 0.2703125 0.00859375 0.03671875
4 0.7828125 0.22421875 0.00703125 0.028125
0 0.6015625 0.34609375 0.0125 0.06640625
0 0.596875 0.2515625 0.00625 0.02734375
4 0.89921875 0.3171875 0.01953125 0.07421875
0 0.37890625 0.7078125 0.0640625 0.22734375
0 0.6484375 0.2359375 0.00546875 0.02421875
4 0.73203125 0.25234375 0.00859375 0.0359375
0 0.59296875 0.3203125 0.009375 0.0578125
4 0.73046875 0.240625 0.00546875 0.03125