0 0.50625 0.32421875 0.01875 0.0578125
0 0.5171875 0.35234375 0.025 0.0703125
0 0.49296875 0.30703125 0.0171875 0.0484375
0 0.50546875 0.4 0.0296875 0.0890625
4 0.79765625 0.33828125 0.0265625 0.06875
0 0.47734375 0.28984375 0.0140625 0.04375
0 0.446875 0.4953125 0.046875 0.1359375
0 0.4703125 0.25703125 0.009375 0.028125
4 0.97421875 0.24609375 0.0109375 0.0296875
4 0.63984375 0.278125 0.0140625 0.0390625
0 0.459375 0.27109375 0.0125 0.03125
0 0.89296875 0.23515625 0.0078125 0.0234375
4 0.6828125 0.29296875 0.015625 0.046875
4 0.63046875 0.24375 0.0078125 0.025
0 0.8046875 0.23125 0.0078125 0.0203125
4 0.7828125 0.2390625 0.009375 0.025
0 0.51328125 0.246875 0.0078125 0.021875
0 0.28515625 0.6640625 0.0796875 0.2140625
4 0.88828125 0.3953125 0.0359375 0.09375
0 0.57265625 0.2390625 0.0078125 0.0203125
4 0.73125 0.23828125 0.0078125 0.0234375
4 0.6765625 0.23984375 0.009375 0.0265625
4 0.7234375 0.30859375 0.01875 0.05625
4 0.8640625 0.24140625 0.009375 0.028125
0 0.7203125 0.23203125 0.0078125 0.0234375
0 0.6421875 0.234375 0.0078125 0.0203125
4 0.60078125 0.2484375 0.009375 0.0265625
4 0.5890625 0.253125 0.0078125 0.0296875
4 0.59140625 0.2625 0.0125 0.0359375
3 0.9765625 0.21328125 0.003125 0.0125
3 0.9703125 0.2125 0.003125 0.0140625
3 0.95546875 0.21640625 0.0046875 0.015625
3 0.94765625 0.20859375 0.0046875 0.0125
3 0.940625 0.21328125 0.0046875 0.0125
3 0.90234375 0.21328125 0.0046875 0.0125
3 0.87734375 0.21484375 0.003125 0.0125
3 0.82890625 0.21171875 0.003125 0.0109375
3 0.79296875 0.21328125 0.003125 0.0109375
3 0.76484375 0.209375 0.003125 0.009375
3 0.73359375 0.2109375 0.003125 0.0109375
3 0.72109375 0.21015625 0.003125 0.009375
3 0.71484375 0.21171875 0.003125 0.0078125
3 0.6890625 0.2125 0.003125 0.009375
3 0.68359375 0.21171875 0.0015625 0.00625
3 0.63984375 0.21328125 0.003125 0.009375
3 0.6328125 0.21171875 0.003125 0.0078125
3 0.625 0.21640625 0.003125 0.009375
3 0.62734375 0.209375 0.003125 0.009375
3 0.61640625 0.21875 0.003125 0.0109375
3 0.6171875 0.21328125 0.003125 0.0109375
3 0.58046875 0.21796875 0.003125 0.009375
3 0.58046875 0.21484375 0.003125 0.009375
3 0.5734375 0.21875 0.003125 0.0078125
3 0.56640625 0.221875 0.003125 0.009375
3 0.55703125 0.2203125 0.003125 0.0078125
3 0.50625 0.22265625 0.003125 0.0125
3 0.49453125 0.21875 0.003125 0.0109375
3 0.528125 0.21953125 0.003125 0.0109375
3 0.5109375 0.21328125 0.003125 0.009375
3 0.52421875 0.2125 0.003125 0.009375
3 0.45546875 0.22265625 0.003125 0.0109375
3 0.4203125 0.22109375 0.0046875 0.0109375
3 0.415625 0.21953125 0.003125 0.009375
3 0.4671875 0.21640625 0.003125 0.0109375