4 0.80078125 0.54296875 0.0390625 0.109375
0 0.896875 0.4015625 0.015625 0.0453125
0 0.33671875 0.44453125 0.0171875 0.0515625
0 0.38984375 0.49609375 0.025 0.078125
0 0.78515625 0.39375 0.0125 0.0375
4 0.621875 0.4671875 0.0234375 0.0671875
4 0.80078125 0.4296875 0.01875 0.0546875
0 0.35703125 0.40078125 0.009375 0.0296875
0 0.3921875 0.6375 0.0484375 0.1453125
4 0.57890625 0.375 0.00625 0.021875
4 0.76015625 0.3453125 0.0046875 0.0171875
4 0.70390625 0.359375 0.0078125 0.0203125
4 0.49140625 0.40078125 0.0109375 0.0328125
4 0.63046875 0.3984375 0.0109375 0.0359375
0 0.48046875 0.3703125 0.0078125 0.0234375
0 0.3109375 0.4171875 0.0125 0.0359375
0 0.42734375 0.38125 0.009375 0.025
4 0.61171875 0.3859375 0.009375 0.028125
4 0.64609375 0.3671875 0.0078125 0.021875
4 0.66796875 0.3765625 0.0078125 0.025
4 0.86875 0.3515625 0.00625 0.01875
0 0.55703125 0.3625 0.00625 0.01875
0 0.6265625 0.35546875 0.00625 0.0203125
4 0.47890625 0.4171875 0.0140625 0.040625
0 0.896875 0.36328125 0.009375 0.025
0 0.75703125 0.38125 0.0109375 0.0296875
4 0.74296875 0.35078125 0.00625 0.0203125
4 0.5203125 0.3890625 0.009375 0.028125
4 0.72734375 0.36875 0.0078125 0.0234375
4 0.83125 0.35546875 0.00625 0.0203125
4 0.84453125 0.33515625 0.0046875 0.0140625
4 0.7796875 0.36171875 0.0078125 0.025
0 0.8171875 0.3328125 0.0046875 0.0140625
4 0.7984375 0.33671875 0.0046875 0.0140625
4 0.89453125 0.3375 0.0046875 0.0171875
0 0.69765625 0.3453125 0.0046875 0.0140625
4 0.7765625 0.340625 0.003125 0.0125
4 0.90234375 0.34765625 0.0078125 0.0203125
4 0.54609375 0.4375 0.0171875 0.0515625
4 0.69140625 0.4125 0.015625 0.0453125
0 0.85859375 0.33203125 0.003125 0.0109375
0 0.8375 0.37109375 0.009375 0.0296875
0 0.66640625 0.35078125 0.00625 0.0171875
0 0.7359375 0.33671875 0.0046875 0.0140625
0 0.71171875 0.34140625 0.0046875 0.015625
4 0.9296875 0.33984375 0.0046875 0.0171875
2 0.8296875 0.32109375 0.003125 0.0125
2 0.85078125 0.32109375 0.003125 0.0109375
2 0.871875 0.3203125 0.0046875 0.0140625
2 0.89453125 0.31796875 0.0046875 0.0140625
2 0.80625 0.321875 0.003125 0.0125
0 0.8640625 0.31640625 0.003125 0.0125
0 0.85703125 0.31796875 0.003125 0.0109375
0 0.903125 0.33203125 0.0046875 0.0140625
4 0.75234375 0.3203125 0.0015625 0.00625