0 0.80234375 0.38359375 0.06875 0.1390625
0 0.41328125 0.80859375 0.0546875 0.13125
3 0.11328125 0.3734375 0.0109375 0.025
3 0.259375 0.3078125 0.0078125 0.01875
3 0.2453125 0.325 0.0109375 0.025
3 0.05703125 0.38515625 0.0109375 0.025
3 0.15390625 0.34453125 0.009375 0.0203125
3 0.18046875 0.33828125 0.009375 0.0203125
3 0.22109375 0.32421875 0.009375 0.0203125
3 0.2953125 0.28515625 0.0078125 0.0171875
3 0.340625 0.28046875 0.009375 0.0203125
3 0.35234375 0.26953125 0.0078125 0.0171875
3 0.41796875 0.2453125 0.0078125 0.0171875
3 0.41953125 0.23828125 0.00625 0.0171875
3 0.5109375 0.2140625 0.0078125 0.01875
3 0.49609375 0.21328125 0.0078125 0.0171875
3 0.59375 0.18515625 0.0078125 0.01875