4 0.53984375 0.42265625 0.01953125 0.078125
0 0.35703125 0.31953125 0.0125 0.04765625
0 0.246875 0.3515625 0.02109375 0.0703125
4 0.5390625 0.28828125 0.00625 0.021875
0 0.45859375 0.29453125 0.0078125 0.03046875
0 0.475 0.2921875 0.00625 0.02734375
4 0.56171875 0.3640625 0.0125 0.05234375
4 0.49765625 0.2765625 0.00625 0.0203125
0 0.40234375 0.26171875 0.00625 0.021875
4 0.54921875 0.27265625 0.00390625 0.0140625
0 0.54453125 0.26796875 0.003125 0.0140625
0 0.3 0.240625 0.00546875 0.0203125
4 0.59140625 0.28046875 0.0046875 0.01484375
4 0.59296875 0.3125 0.00703125 0.02734375
4 0.52578125 0.565625 0.03359375 0.14453125
0 0.43203125 0.2703125 0.00546875 0.02265625
0 0.37265625 0.25625 0.00546875 0.0203125
4 0.51484375 0.265625 0.00390625 0.01640625
4 0.33828125 0.2421875 0.00546875 0.0171875
0 0.46953125 0.284375 0.0046875 0.025
4 0.35390625 0.23671875 0.00390625 0.01484375
4 0.57421875 0.30078125 0.00546875 0.02421875
0 0.52421875 0.26484375 0.00390625 0.0140625
4 0.6609375 0.2921875 0.00390625 0.0140625
4 0.3140625 0.23671875 0.0046875 0.01640625
4 0.46328125 0.25546875 0.00390625 0.01484375
0 0.4546875 0.27734375 0.00546875 0.021875
4 0.5875 0.3203125 0.0078125 0.0328125
4 0.39296875 0.24296875 0.00390625 0.0140625
4 0.703125 0.29609375 0.00390625 0.0140625
0 0.6359375 0.2828125 0.003125 0.01171875
4 0.3078125 0.23125 0.0046875 0.01484375
0 0.33125 0.23125 0.00390625 0.0140625
4 0.62890625 0.28671875 0.003125 0.01484375
0 0.6484375 0.2859375 0.003125 0.01328125
4 0.40703125 0.25546875 0.0046875 0.01953125
0 0.65546875 0.2859375 0.0015625 0.0109375
4 0.3015625 0.23203125 0.00390625 0.01640625
0 0.59921875 0.27890625 0.003125 0.0140625
0 0.5734375 0.27421875 0.00390625 0.01328125
0 0.47734375 0.2546875 0.003125 0.01328125
4 0.45625 0.26484375 0.00234375 0.01875
4 0.7140625 0.296875 0.003125 0.0109375
4 0.32421875 0.2328125 0.00390625 0.0140625
4 0.6953125 0.2953125 0.003125 0.01328125
0 0.428125 0.2453125 0.00234375 0.01328125
4 0.43046875 0.24921875 0.003125 0.0140625
0 0.71640625 0.29453125 0.0015625 0.0109375
0 0.6578125 0.2859375 0.00234375 0.0109375
0 0.4171875 0.3046875 0.00546875 0.03984375
0 0.615625 0.28046875 0.00390625 0.01328125
0 0.6828125 0.29375 0.00390625 0.0140625
0 0.66640625 0.2859375 0.003125 0.0109375
0 0.24765625 0.2296875 0.0046875 0.01953125
0 0.23046875 0.22265625 0.0046875 0.0171875
0 0.28359375 0.225 0.00390625 0.01484375
0 0.24609375 0.2203125 0.00390625 0.01484375
0 0.37890625 0.23828125 0.003125 0.01328125
0 0.690625 0.28984375 0.003125 0.01171875
0 0.7421875 0.30078125 0.003125 0.01171875
0 0.771875 0.30625 0.003125 0.01171875
0 0.7890625 0.31015625 0.003125 0.01171875
0 0.8109375 0.31484375 0.003125 0.01171875
0 0.8265625 0.3171875 0.003125 0.0109375
0 0.83671875 0.31875 0.003125 0.01171875
0 0.85625 0.321875 0.003125 0.01328125
0 0.92890625 0.33671875 0.003125 0.01171875
0 0.890625 0.328125 0.00234375 0.01328125
4 0.73125 0.29921875 0.003125 0.01484375
4 0.77578125 0.3078125 0.003125 0.0140625
4 0.80390625 0.3140625 0.003125 0.01328125
4 0.84140625 0.321875 0.003125 0.01328125
4 0.8640625 0.32578125 0.00390625 0.01171875
4 0.8796875 0.328125 0.00390625 0.01328125
4 0.9171875 0.33515625 0.00390625 0.01171875
4 0.9453125 0.33984375 0.00390625 0.01328125
3 0.17734375 0.19921875 0.003125 0.0109375
3 0.13203125 0.19296875 0.00234375 0.01015625
3 0.165625 0.19609375 0.003125 0.01015625
1 0.40859375 0.2953125 0.01328125 0.0640625
3 0.1234375 0.18984375 0.00234375 0.0109375
1 0.42109375 0.29375 0.00859375 0.0609375
3 0.1125 0.18671875 0.00234375 0.01015625
1 0.57578125 0.33125 0.0125 0.06875
3 0.090625 0.184375 0.003125 0.01171875
1 0.58046875 0.3265625 0.00703125 0.0640625
4 0.89296875 0.33046875 0.003125 0.0109375