0 0.22421875 0.4265625 0.0125 0.025
0 0.13359375 0.48515625 0.0234375 0.04375
0 0.290625 0.40546875 0.0125 0.021875
0 0.16953125 0.4515625 0.0171875 0.0328125
0 0.0875 0.5453125 0.028125 0.0640625
0 0.33671875 0.38984375 0.009375 0.0203125
0 0.37109375 0.38046875 0.0078125 0.0140625
0 0.340625 0.37578125 0.00625 0.0125
0 0.36015625 0.375 0.009375 0.0140625
0 0.38359375 0.37421875 0.00625 0.0140625
0 0.38046875 0.371875 0.0046875 0.0125
0 0.7984375 0.334375 0.0125 0.0140625
0 0.8578125 0.3359375 0.0140625 0.015625
4 0.4921875 0.484375 0.0359375 0.0640625
4 0.41953125 0.44375 0.021875 0.0421875
4 0.40703125 0.390625 0.0109375 0.021875
4 0.72109375 0.58046875 0.078125 0.1296875
4 0.45625 0.37734375 0.009375 0.01875
4 0.39765625 0.421875 0.015625 0.03125
4 0.38984375 0.40625 0.0125 0.025
4 0.41875 0.36484375 0.0078125 0.0140625
4 0.45703125 0.36328125 0.0078125 0.0140625
4 0.47265625 0.36796875 0.0078125 0.0140625
4 0.47421875 0.36328125 0.00625 0.0109375
4 0.37578125 0.3671875 0.00625 0.0140625
2 0.24375 0.3875 0.0125 0.0125