0 0.17265625 0.2859375 0.0203125 0.046875
0 0.46875 0.35546875 0.0328125 0.071875
0 0.38828125 0.31640625 0.0265625 0.0578125
0 0.28984375 0.296875 0.0234375 0.05
0 0.5125 0.428125 0.0453125 0.1015625
0 0.4578125 0.58125 0.078125 0.1765625
4 0.37734375 0.27890625 0.0171875 0.0390625
4 0.80234375 0.42890625 0.040625 0.0890625
4 0.509375 0.30234375 0.0203125 0.0453125
4 0.2359375 0.26796875 0.0171875 0.0359375
4 0.6453125 0.34140625 0.03125 0.0609375
3 0.13203125 0.23671875 0.009375 0.0203125
3 0.13203125 0.22734375 0.00625 0.01875