0 0.80703125 0.3765625 0.00625 0.028125
0 0.0734375 0.2234375 0.0078125 0.028125
4 0.35703125 0.4984375 0.034375 0.1265625
0 0.10546875 0.21015625 0.0046875 0.0203125
4 0.26875 0.39375 0.025 0.08125
0 0.0609375 0.234375 0.009375 0.034375
4 0.74609375 0.37734375 0.009375 0.034375
1 0.22578125 0.31953125 0.0140625 0.0921875
4 0.20703125 0.3046875 0.0140625 0.046875
0 0.08828125 0.2140625 0.0046875 0.0234375
1 0.24375 0.33515625 0.0296875 0.10625
4 0.91875 0.43203125 0.015625 0.0453125
0 0.1171875 0.20390625 0.003125 0.0171875
0 0.76640625 0.359375 0.00625 0.0234375
4 0.1859375 0.2578125 0.0078125 0.03125
0 0.734375 0.3390625 0.0046875 0.01875
0 0.13984375 0.19609375 0.003125 0.0140625
4 0.61015625 0.765625 0.034375 0.1671875
0 0.6890625 0.321875 0.0046875 0.0171875
0 0.15546875 0.196875 0.003125 0.0140625
4 0.19765625 0.2125 0.003125 0.0140625
4 0.19453125 0.27734375 0.009375 0.0359375
4 0.66484375 0.32421875 0.0046875 0.01875
4 0.1828125 0.2421875 0.0046875 0.025
0 0.2484375 0.2125 0.003125 0.0125
0 0.92421875 0.41328125 0.00625 0.034375
0 0.1234375 0.1984375 0.003125 0.0140625
4 0.68515625 0.34921875 0.00625 0.028125
4 0.23828125 0.21484375 0.003125 0.0140625
4 0.66875 0.3328125 0.00625 0.0203125
0 0.76328125 0.3546875 0.003125 0.0203125
0 0.63515625 0.3046875 0.0015625 0.015625
4 0.2296875 0.3453125 0.015625 0.0609375
4 0.63203125 0.31015625 0.0046875 0.01875