0 0.11796875 0.2515625 0.0078125 0.0359375
0 0.81015625 0.34140625 0.0078125 0.03125
4 0.35625 0.3875 0.0234375 0.078125
0 0.18046875 0.2390625 0.0046875 0.0265625
0 0.65078125 0.30859375 0.00625 0.025
0 0.9375 0.3640625 0.0078125 0.028125
0 0.71875 0.32421875 0.0078125 0.028125
4 0.67265625 0.3265625 0.009375 0.0359375
4 0.278125 0.325 0.0171875 0.0578125
4 0.4140625 0.515625 0.03125 0.1296875
0 0.19609375 0.228125 0.0046875 0.025
4 0.55390625 0.29609375 0.00625 0.028125
0 0.05625 0.26953125 0.0078125 0.04375
0 0.21953125 0.22578125 0.0046875 0.021875
4 0.2328125 0.28046875 0.0109375 0.040625
4 0.2484375 0.26796875 0.0078125 0.03125
0 0.59765625 0.29453125 0.00625 0.0234375
0 0.24375 0.2203125 0.0046875 0.015625
4 0.8015625 0.30625 0.003125 0.0125
4 0.74296875 0.29140625 0.003125 0.0125
0 0.28671875 0.21640625 0.003125 0.0109375
4 0.86328125 0.36953125 0.0109375 0.0421875
0 0.77421875 0.30390625 0.003125 0.0140625
4 0.34765625 0.2265625 0.003125 0.0140625
0 0.62578125 0.2875 0.003125 0.01875
0 0.86875 0.33046875 0.003125 0.015625
0 0.63515625 0.28671875 0.003125 0.0171875
4 0.3109375 0.23515625 0.0046875 0.0171875
4 0.2859375 0.25546875 0.00625 0.025
4 0.63515625 0.2703125 0.003125 0.0125
4 0.50078125 0.26875 0.003125 0.01875
0 0.63046875 0.28203125 0.003125 0.015625
4 0.325 0.23203125 0.003125 0.0171875
4 0.553125 0.265625 0.003125 0.0140625
0 0.58125 0.284375 0.0046875 0.0203125
4 0.921875 0.3328125 0.0046875 0.0140625
4 0.86484375 0.31953125 0.003125 0.0140625
4 0.540625 0.27265625 0.0046875 0.0171875
0 0.2671875 0.21875 0.003125 0.015625
0 0.61796875 0.27578125 0.003125 0.0140625
4 0.33515625 0.228125 0.003125 0.015625
0 0.71875 0.2921875 0.003125 0.0140625
4 0.39296875 0.228125 0.003125 0.0125
0 0.309375 0.2171875 0.003125 0.0109375
4 0.36953125 0.2265625 0.003125 0.0125
4 0.54453125 0.26171875 0.003125 0.0140625
0 0.821875 0.31484375 0.003125 0.0140625
4 0.6875 0.28046875 0.003125 0.0109375
0 0.93828125 0.34453125 0.0046875 0.0140625
4 0.56484375 0.27109375 0.0046875 0.015625
0 0.6671875 0.28046875 0.003125 0.0109375
4 0.29296875 0.23828125 0.003125 0.0203125
4 0.50390625 0.278125 0.00625 0.025
4 0.290625 0.24609375 0.0046875 0.021875
4 0.41640625 0.228125 0.003125 0.0125
0 0.34140625 0.21953125 0.003125 0.0109375
0 0.62109375 0.27265625 0.003125 0.0140625