4 0.459375 0.2375 0.003125 0.0140625
4 0.7875 0.31171875 0.00625 0.02265625
4 0.6234375 0.27265625 0.00390625 0.01875
4 0.9359375 0.3421875 0.0078125 0.025
4 0.390625 0.2296875 0.003125 0.0140625
4 0.27265625 0.21328125 0.003125 0.01328125
0 0.41953125 0.23046875 0.00234375 0.0109375
0 0.37734375 0.2265625 0.003125 0.01171875
0 0.46953125 0.23359375 0.00234375 0.0109375
4 0.41953125 0.60078125 0.05078125 0.17734375
4 0.490625 0.23828125 0.003125 0.01171875
0 0.8515625 0.3171875 0.0046875 0.0203125
0 0.94375 0.33515625 0.00625 0.0203125
0 0.771875 0.3015625 0.0046875 0.01875
4 0.30390625 0.21875 0.003125 0.0140625
0 0.71328125 0.28828125 0.0046875 0.0171875
4 0.58046875 0.25234375 0.003125 0.01328125
4 0.47890625 0.2390625 0.003125 0.01328125
0 0.80703125 0.30859375 0.0046875 0.01953125
0 0.675 0.27734375 0.003125 0.01484375
0 0.35078125 0.22265625 0.00234375 0.01171875
4 0.56015625 0.24765625 0.003125 0.0109375
0 0.325 0.21875 0.00234375 0.01171875
4 0.19375 0.2015625 0.00234375 0.01171875
4 0.121875 0.190625 0.003125 0.0140625
4 0.65625 0.28125 0.0046875 0.01953125
4 0.4296875 0.23515625 0.003125 0.01328125
4 0.85546875 0.32421875 0.00703125 0.025
4 0.0578125 0.18203125 0.003125 0.0140625
4 0.5203125 0.2421875 0.00234375 0.01171875
4 0.6140625 0.2609375 0.0015625 0.01328125
0 0.446875 0.23125 0.0015625 0.0109375
4 0.3421875 0.22421875 0.003125 0.01328125
4 0.60625 0.2671875 0.003125 0.01484375
0 0.7421875 0.29453125 0.003125 0.0171875
0 0.64140625 0.26171875 0.003125 0.01328125
0 0.66484375 0.2734375 0.00234375 0.0140625
0 0.10546875 0.18671875 0.003125 0.0109375
0 0.6609375 0.2671875 0.00234375 0.0109375
4 0.6109375 0.26015625 0.00234375 0.01328125
4 0.596875 0.26328125 0.003125 0.01484375
0 0.66875 0.27109375 0.003125 0.01171875
0 0.19140625 0.19765625 0.0015625 0.0109375
4 0.15625 0.19609375 0.003125 0.01171875
4 0.54296875 0.2453125 0.00234375 0.01171875
0 0.3984375 0.228125 0.003125 0.01328125
1 0.22421875 0.20234375 0.00390625 0.021875
4 0.50078125 0.23828125 0.00234375 0.01171875
4 0.09375 0.18671875 0.00390625 0.01328125
4 0.59921875 0.25625 0.00234375 0.01171875
4 0.60078125 0.26328125 0.003125 0.01328125
0 0.05078125 0.18046875 0.003125 0.01328125
1 0.25859375 0.2046875 0.00390625 0.01875
0 0.69453125 0.2828125 0.003125 0.01640625
4 0.6921875 0.28984375 0.0046875 0.01953125
0 0.153125 0.1921875 0.00234375 0.0109375
4 0.73984375 0.3 0.00625 0.02421875
1 0.23203125 0.203125 0.003125 0.021875
0 0.26171875 0.2078125 0.0015625 0.01171875
1 0.265625 0.20546875 0.003125 0.01953125
0 0.43203125 0.23125 0.0015625 0.01171875
0 0.503125 0.2375 0.00234375 0.01015625
0 0.54140625 0.24375 0.0015625 0.01015625
0 0.61328125 0.25546875 0.00234375 0.0109375
0 0.6625 0.27265625 0.00234375 0.01328125
4 0.22890625 0.20625 0.003125 0.01484375
0 0.228125 0.20390625 0.003125 0.0140625
4 0.0625 0.40234375 0.02734375 0.10625