0 0.41953125 0.48046875 0.0328125 0.0625
0 0.525 0.4375 0.021875 0.040625
0 0.52421875 0.41171875 0.0171875 0.0328125
0 0.58671875 0.39453125 0.015625 0.028125
0 0.6328125 0.3765625 0.0109375 0.0234375
0 0.65078125 0.36796875 0.009375 0.0203125
0 0.66171875 0.36015625 0.0078125 0.01875
0 0.63046875 0.359375 0.00625 0.0140625
0 0.6078125 0.36015625 0.00625 0.0140625
0 0.86796875 0.3265625 0.0046875 0.0109375
0 0.20390625 0.584375 0.0578125 0.103125
4 0.78125 0.39921875 0.021875 0.040625
4 0.7734375 0.3796875 0.0140625 0.03125
4 0.8140625 0.36484375 0.0140625 0.0265625
4 0.815625 0.353125 0.0109375 0.0234375
4 0.7953125 0.3484375 0.0109375 0.0203125
4 0.7546875 0.346875 0.009375 0.01875
4 0.765625 0.3375 0.00625 0.0140625
4 0.68125 0.34921875 0.0046875 0.0140625
4 0.68828125 0.34765625 0.00625 0.0140625
4 0.709375 0.3484375 0.0078125 0.015625
4 0.7265625 0.34296875 0.00625 0.0140625
4 0.890625 0.33828125 0.0109375 0.021875
4 0.85625 0.33671875 0.009375 0.01875
4 0.8265625 0.33671875 0.009375 0.015625
4 0.79609375 0.3359375 0.00625 0.0140625
4 0.1171875 0.44375 0.0265625 0.053125