0 0.37734375 0.47734375 0.01875 0.034375
0 0.3 0.56328125 0.0375 0.06875
0 0.35078125 0.50625 0.0265625 0.0484375
0 0.39453125 0.46171875 0.0140625 0.0296875
0 0.40625 0.45 0.0109375 0.0234375
0 0.1875 0.67421875 0.0671875 0.115625
0 0.41328125 0.44296875 0.009375 0.0203125
0 0.41875 0.4359375 0.0078125 0.01875
0 0.421875 0.43125 0.00625 0.0171875
0 0.4265625 0.428125 0.00625 0.015625
0 0.42890625 0.425 0.0046875 0.0140625
4 0.67265625 0.51640625 0.0375 0.0703125
4 0.60546875 0.475 0.0234375 0.046875
4 0.56796875 0.453125 0.01875 0.0375
4 0.79921875 0.5984375 0.065625 0.115625
4 0.54921875 0.440625 0.0140625 0.03125
4 0.5359375 0.434375 0.0125 0.0265625
4 0.525 0.42890625 0.0109375 0.021875
4 0.51640625 0.425 0.0109375 0.0203125
4 0.5109375 0.421875 0.009375 0.0171875
4 0.5046875 0.41875 0.0078125 0.015625
4 0.50078125 0.41640625 0.00625 0.0140625