0 0.45234375 0.25703125 0.0078125 0.03125
0 0.4671875 0.3625 0.0203125 0.0765625
0 0.53359375 0.2390625 0.0078125 0.0265625
0 0.840625 0.2109375 0.009375 0.028125
0 0.38984375 0.3140625 0.0140625 0.0515625
4 0.55859375 0.265625 0.0109375 0.0390625
0 0.440625 0.5453125 0.0453125 0.15625
4 0.575 0.25234375 0.009375 0.0359375
4 0.58203125 0.2765625 0.0109375 0.04375
0 0.4859375 0.4140625 0.025 0.1015625
4 0.66875 0.23359375 0.0078125 0.03125
0 0.73203125 0.2171875 0.0078125 0.025
0 0.39296875 0.28125 0.009375 0.0375
4 0.87421875 0.35703125 0.025 0.0890625
4 0.725 0.3046875 0.0171875 0.0609375
4 0.61953125 0.24140625 0.0078125 0.03125
0 0.62890625 0.2265625 0.0078125 0.025
4 0.94765625 0.22265625 0.0125 0.0359375
4 0.8421875 0.225 0.009375 0.03125
4 0.74296875 0.22890625 0.009375 0.03125
3 0.53671875 0.20703125 0.003125 0.0140625
3 0.0953125 0.26484375 0.003125 0.0125
3 0.10234375 0.2671875 0.003125 0.0125
3 0.06015625 0.265625 0.003125 0.0140625
3 0.0671875 0.25 0.0015625 0.0078125
3 0.075 0.25 0.0015625 0.009375
3 0.07890625 0.24765625 0.0015625 0.0078125
3 0.08515625 0.25 0.0015625 0.009375
3 0.09140625 0.25859375 0.003125 0.0109375
3 0.10546875 0.25078125 0.003125 0.0140625
3 0.1234375 0.24140625 0.0015625 0.0078125
3 0.12734375 0.2453125 0.0015625 0.009375
3 0.13515625 0.25078125 0.003125 0.0109375
3 0.14453125 0.2421875 0.0015625 0.0078125
3 0.1640625 0.24296875 0.003125 0.0109375
3 0.1609375 0.24296875 0.0015625 0.009375
3 0.1859375 0.24375 0.0015625 0.009375
3 0.1875 0.24296875 0.0015625 0.0078125
3 0.2015625 0.23515625 0.0015625 0.0078125
3 0.20703125 0.2375 0.0015625 0.009375
3 0.215625 0.228125 0.0015625 0.00625
3 0.26875 0.22109375 0.0015625 0.00625
3 0.28203125 0.221875 0.0015625 0.0078125
3 0.325 0.2234375 0.0015625 0.0109375
3 0.32734375 0.22578125 0.0015625 0.0109375
3 0.3265625 0.21796875 0.0015625 0.0078125
3 0.3390625 0.2203125 0.0015625 0.0078125
3 0.3421875 0.2203125 0.0015625 0.0078125
3 0.34375 0.21796875 0.0015625 0.0078125
3 0.34609375 0.22421875 0.0015625 0.0109375
3 0.37734375 0.2171875 0.003125 0.009375
3 0.38046875 0.2171875 0.0015625 0.009375
3 0.3828125 0.2109375 0.0015625 0.009375
3 0.3859375 0.21640625 0.003125 0.0109375
3 0.38984375 0.2171875 0.0015625 0.0109375
3 0.3921875 0.21640625 0.0015625 0.009375
3 0.39765625 0.215625 0.0015625 0.009375
3 0.40234375 0.21328125 0.0015625 0.009375
3 0.40703125 0.2140625 0.0015625 0.0109375
3 0.43671875 0.21328125 0.0015625 0.0109375
3 0.48671875 0.20546875 0.0015625 0.0109375
3 0.5125 0.20625 0.0015625 0.0109375
3 0.5140625 0.20625 0.0015625 0.0109375
3 0.5453125 0.20234375 0.003125 0.0109375
3 0.58828125 0.2015625 0.0015625 0.0125
3 0.590625 0.203125 0.003125 0.0140625
0 0.24453125 0.77578125 0.034375 0.128125
3 0.08046875 0.246875 0.0015625 0.00625
3 0.1796875 0.2390625 0.0015625 0.00625
3 0.18125 0.2328125 0.0015625 0.00625
3 0.184375 0.23359375 0.0015625 0.00625
3 0.2125 0.22890625 0.0015625 0.0046875
3 0.3390625 0.21484375 0.0015625 0.00625
3 0.390625 0.21328125 0.0015625 0.00625
3 0.39375 0.21015625 0.0015625 0.00625
3 0.396875 0.21171875 0.0015625 0.00625