0 0.81484375 0.39921875 0.009375 0.0359375
4 0.8828125 0.4390625 0.0140625 0.0453125
0 0.94453125 0.4125 0.0078125 0.028125
4 0.64296875 0.3984375 0.0140625 0.0546875
0 0.38125 0.34140625 0.01875 0.05625
4 0.84453125 0.38203125 0.0078125 0.028125
4 0.5484375 0.4078125 0.0203125 0.0703125
2 0.7140625 0.36328125 0.009375 0.0328125
2 0.628125 0.3328125 0.0078125 0.03125
4 0.86953125 0.38125 0.0078125 0.025
4 0.75390625 0.41015625 0.0140625 0.05
4 0.46953125 0.4609375 0.0296875 0.103125
4 0.8671875 0.40234375 0.0078125 0.03125
2 0.68203125 0.3390625 0.0078125 0.028125
0 0.1921875 0.37109375 0.0296875 0.0890625
2 0.76640625 0.36875 0.009375 0.0296875
4 0.453125 0.65703125 0.0546875 0.190625
0 0.6765625 0.36953125 0.009375 0.0375
0 0.53046875 0.34609375 0.0109375 0.04375
4 0.925 0.39140625 0.0078125 0.0234375
3 0.24921875 0.23984375 0.00625 0.0234375
0 0.95234375 0.4078125 0.0046875 0.025
3 0.55390625 0.3078125 0.00625 0.0234375
3 0.12265625 0.2234375 0.0078125 0.028125
3 0.21796875 0.228125 0.0046875 0.0203125
3 0.109375 0.2109375 0.00625 0.025
3 0.4609375 0.28203125 0.0046875 0.021875
3 0.34296875 0.25 0.0046875 0.0203125
3 0.59296875 0.3125 0.0046875 0.0203125
3 0.48203125 0.28046875 0.003125 0.0203125
3 0.353125 0.25703125 0.0046875 0.0234375