0 0.3671875 0.56171875 0.05 0.1296875
0 0.534375 0.39375 0.0171875 0.040625
0 0.4578125 0.46796875 0.03125 0.0796875
0 0.5046875 0.428125 0.0203125 0.0578125
4 0.76328125 0.52578125 0.0359375 0.0890625
4 0.8765625 0.70625 0.0765625 0.178125
4 0.71796875 0.4578125 0.021875 0.059375
0 0.55390625 0.3765625 0.0109375 0.03125
0 0.91875 0.40390625 0.0078125 0.0234375
4 0.88515625 0.409375 0.009375 0.025
0 0.5640625 0.36640625 0.009375 0.025
4 0.81640625 0.38515625 0.0078125 0.021875
4 0.68984375 0.415625 0.0171875 0.04375
4 0.67578125 0.39296875 0.0109375 0.0296875
4 0.66796875 0.3796875 0.009375 0.025
0 0.5796875 0.3515625 0.00625 0.01875
4 0.65703125 0.3609375 0.00625 0.01875
4 0.66171875 0.36953125 0.00625 0.021875
4 0.821875 0.39296875 0.0078125 0.021875
4 0.6515625 0.35546875 0.0046875 0.015625
0 0.5734375 0.3578125 0.00625 0.0203125