0 0.08046875 0.4875 0.0234375 0.0421875
0 0.18828125 0.4703125 0.025 0.0421875
0 0.225 0.41484375 0.0109375 0.0109375
0 0.2671875 0.41015625 0.0125 0.0140625
0 0.309375 0.40546875 0.0140625 0.015625
0 0.2546875 0.48515625 0.028125 0.046875
0 0.278125 0.56015625 0.05 0.084375
0 0.4015625 0.39609375 0.0125 0.015625
0 0.49375 0.3921875 0.015625 0.0171875
4 0.0703125 0.46953125 0.0171875 0.03125
4 0.23203125 0.43984375 0.0171875 0.0296875
4 0.371875 0.42734375 0.0171875 0.03125
4 0.47890625 0.43203125 0.021875 0.0390625
4 0.59609375 0.45 0.034375 0.059375
4 0.73671875 0.53203125 0.065625 0.115625