0 0.2921875 0.38984375 0.0328125 0.0640625
0 0.584375 0.3140625 0.01875 0.040625
4 0.4703125 0.50078125 0.059375 0.1234375
4 0.75859375 0.2859375 0.015625 0.0328125
0 0.82265625 0.27265625 0.0140625 0.0296875
0 0.71875 0.3 0.01875 0.0375
0 0.1015625 0.51484375 0.0625 0.1171875
0 0.43828125 0.340625 0.0234375 0.05
0 0.8625 0.2796875 0.015625 0.0328125
4 0.80234375 0.315625 0.021875 0.046875
4 0.50390625 0.4015625 0.040625 0.08125
2 0.51484375 0.29375 0.015625 0.03125
0 0.85625 0.26171875 0.0109375 0.0234375
2 0.56484375 0.2828125 0.0140625 0.028125
4 0.5796875 0.35625 0.0296875 0.059375
4 0.790625 0.259375 0.0109375 0.021875
4 0.72734375 0.27421875 0.0140625 0.0265625
4 0.68125 0.33046875 0.025 0.0515625
2 0.65625 0.284375 0.0140625 0.03125
4 0.859375 0.253125 0.0109375 0.0234375
2 0.6109375 0.2953125 0.0171875 0.034375
4 0.74375 0.265625 0.0125 0.0234375
0 0.825 0.265625 0.0125 0.0265625
4 0.63515625 0.7515625 0.0609375 0.14375