0 0.41015625 0.3765625 0.0296875 0.065625
0 0.19140625 0.4203125 0.0234375 0.05
0 0.51015625 0.40078125 0.040625 0.09375
4 0.71015625 0.2828125 0.034375 0.075
4 0.54375 0.2921875 0.0234375 0.0546875
2 0.86328125 0.15234375 0.021875 0.04375
4 0.39296875 0.325 0.01875 0.0421875
0 0.05234375 0.4765625 0.0234375 0.05
4 0.2546875 0.3703125 0.0171875 0.0375
2 0.74765625 0.14765625 0.0109375 0.025
2 0.7171875 0.1984375 0.0171875 0.040625
2 0.778125 0.13828125 0.0109375 0.025
2 0.71875 0.171875 0.0140625 0.03125
2 0.80546875 0.12890625 0.0109375 0.025
2 0.71953125 0.15859375 0.009375 0.025
0 0.60546875 0.53828125 0.0765625 0.1734375
0 0.303125 0.3890625 0.0234375 0.053125
2 0.71328125 0.2453125 0.025 0.0578125
4 0.09296875 0.43515625 0.0171875 0.0390625
2 0.82734375 0.1375 0.015625 0.0328125
1 0.54296875 0.7625 0.0765625 0.1625