0 0.65390625 0.32890625 0.028125 0.0671875
0 0.67265625 0.375 0.034375 0.0859375
0 0.61015625 0.28046875 0.01875 0.0453125
0 0.45546875 0.21640625 0.009375 0.021875
0 0.578125 0.26640625 0.015625 0.040625
0 0.64296875 0.46015625 0.053125 0.128125
0 0.4859375 0.24375 0.0140625 0.034375
0 0.421875 0.22734375 0.0125 0.028125
0 0.53984375 0.25546875 0.015625 0.0359375
4 0.6578125 0.2546875 0.0140625 0.03125
0 0.63125 0.3046875 0.0234375 0.0546875
4 0.6171875 0.228125 0.009375 0.021875
4 0.946875 0.3578125 0.028125 0.0640625
4 0.584375 0.240625 0.0109375 0.0296875
0 0.41640625 0.21640625 0.0109375 0.0265625
4 0.84375 0.31171875 0.021875 0.05
4 0.709375 0.26796875 0.015625 0.0359375
0 0.98515625 0.25078125 0.00625 0.015625
4 0.55390625 0.228125 0.009375 0.021875
0 0.50546875 0.2171875 0.009375 0.0203125
4 0.775 0.28671875 0.0171875 0.0390625
4 0.67109375 0.21171875 0.0046875 0.0109375
4 0.63046875 0.21171875 0.00625 0.0140625
0 0.81484375 0.225 0.0046875 0.0125
4 0.6984375 0.21328125 0.00625 0.0140625
0 0.7234375 0.21328125 0.0046875 0.0125
4 0.79296875 0.225 0.0046875 0.0140625
4 0.72734375 0.21640625 0.0046875 0.0125
4 0.9953125 0.25625 0.009375 0.01875
0 0.54921875 0.57265625 0.0796875 0.1875
0 0.95 0.246875 0.0078125 0.0171875
4 0.6421875 0.22578125 0.0078125 0.0203125
0 0.67890625 0.209375 0.0046875 0.0109375
4 0.540625 0.22890625 0.009375 0.025
0 0.5671875 0.20625 0.00625 0.015625
0 0.56875 0.21640625 0.0078125 0.0203125
0 0.578125 0.21015625 0.00625 0.015625
0 0.54921875 0.2171875 0.009375 0.0203125
0 0.60625 0.2046875 0.00625 0.0125
4 0.82578125 0.2296875 0.0046875 0.0140625
4 0.8859375 0.240625 0.0078125 0.015625
0 0.58515625 0.2125 0.00625 0.0171875
4 0.6359375 0.2109375 0.0046875 0.0140625
0 0.6390625 0.20625 0.0046875 0.0109375
4 0.63984375 0.215625 0.00625 0.0140625
4 0.65 0.2109375 0.00625 0.0140625
4 0.9203125 0.24609375 0.00625 0.015625
0 0.90078125 0.2390625 0.00625 0.0140625
0 0.925 0.24296875 0.0046875 0.0140625
4 0.65546875 0.21953125 0.00625 0.015625
0 0.58125 0.21484375 0.00625 0.015625
4 0.76796875 0.2203125 0.0046875 0.0140625
4 0.63125 0.21171875 0.00625 0.0140625
4 0.659375 0.22265625 0.0078125 0.01875
4 0.8578125 0.234375 0.0078125 0.0140625