0 0.47890625 0.51953125 0.034375 0.1015625
0 0.63671875 0.46484375 0.0265625 0.0734375
0 0.8171875 0.44453125 0.0171875 0.05625
0 0.19375 0.73125 0.0703125 0.19375
4 0.57265625 0.33828125 0.0046875 0.0140625
4 0.42421875 0.33125 0.0046875 0.01875
0 0.584375 0.33828125 0.0046875 0.015625
4 0.62109375 0.3453125 0.0046875 0.0171875
4 0.62421875 0.35390625 0.0046875 0.0203125
4 0.63125 0.365625 0.0078125 0.025
4 0.63515625 0.34609375 0.00625 0.0265625
4 0.63984375 0.35078125 0.00625 0.0265625
4 0.64296875 0.3640625 0.0046875 0.025
4 0.6484375 0.3515625 0.0078125 0.0265625
4 0.65859375 0.35234375 0.0078125 0.028125
4 0.66796875 0.3515625 0.0046875 0.0171875
0 0.628125 0.35078125 0.0078125 0.025
0 0.65234375 0.33671875 0.00625 0.028125
0 0.6375 0.371875 0.0078125 0.0140625
0 0.646875 0.37265625 0.0078125 0.0140625
0 0.71171875 0.36953125 0.0109375 0.0171875
4 0.78125 0.37578125 0.0078125 0.0234375
4 0.79765625 0.36484375 0.0046875 0.021875
4 0.828125 0.3703125 0.0046875 0.0203125
4 0.84375 0.37109375 0.00625 0.0234375
4 0.85859375 0.37421875 0.0078125 0.025
4 0.86640625 0.3734375 0.0078125 0.028125
4 0.8796875 0.3765625 0.0078125 0.025
0 0.85234375 0.371875 0.00625 0.0234375