0 0.3390625 0.68828125 0.078125 0.159375
0 0.41171875 0.509375 0.0375 0.0796875
0 0.4421875 0.44765625 0.025 0.053125
0 0.465625 0.41640625 0.01875 0.040625
0 0.47734375 0.39765625 0.015625 0.0328125
0 0.471875 0.38984375 0.0109375 0.028125
0 0.42578125 0.39765625 0.0125 0.0265625
0 0.34921875 0.425 0.0140625 0.028125
0 0.265625 0.45390625 0.0140625 0.03125
0 0.16328125 0.4875 0.0171875 0.0359375
4 0.78984375 0.553125 0.0734375 0.1421875
4 0.66328125 0.4546875 0.0390625 0.0828125
4 0.61484375 0.4109375 0.0265625 0.05625
4 0.5921875 0.3875 0.01875 0.040625
4 0.5796875 0.37421875 0.015625 0.034375
4 0.5640625 0.36640625 0.0125 0.028125
4 0.50703125 0.36953125 0.0109375 0.025
4 0.4359375 0.38828125 0.009375 0.021875
4 0.3546875 0.415625 0.0109375 0.0234375
4 0.28203125 0.4421875 0.0125 0.0265625
4 0.1953125 0.4703125 0.0140625 0.03125
4 0.08359375 0.50703125 0.0171875 0.0359375