0 0.16953125 0.71015625 0.053125 0.0625
0 0.490625 0.5890625 0.0296875 0.0390625
0 0.39296875 0.58671875 0.01875 0.0265625
0 0.31640625 0.59765625 0.0171875 0.021875
0 0.32421875 0.584375 0.0125 0.015625
0 0.35546875 0.56796875 0.0109375 0.0125
0 0.396875 0.55390625 0.0078125 0.0109375
0 0.46875 0.53359375 0.0078125 0.0109375
0 0.52734375 0.51796875 0.0078125 0.0109375
0 0.5734375 0.5078125 0.0078125 0.0109375
0 0.56640625 0.53203125 0.015625 0.0203125
0 0.61171875 0.49921875 0.009375 0.0109375
0 0.6546875 0.49140625 0.009375 0.0125
0 0.81640625 0.46484375 0.0171875 0.021875
0 0.64765625 0.5953125 0.0515625 0.065625
0 0.9265625 0.475 0.0359375 0.0421875
4 0.23125 0.61171875 0.0125 0.0171875
4 0.4234375 0.5828125 0.021875 0.028125
4 0.41015625 0.559375 0.0125 0.015625
4 0.565625 0.52421875 0.0140625 0.0171875
4 0.7015625 0.49375 0.0171875 0.021875
4 0.7796875 0.48046875 0.021875 0.025
2 0.1375 0.6640625 0.025 0.03125
2 0.22421875 0.61796875 0.015625 0.0203125
2 0.40625 0.69296875 0.0671875 0.0828125
2 0.38046875 0.5703125 0.0125 0.015625
2 0.48203125 0.54140625 0.0125 0.015625
2 0.54140625 0.5484375 0.021875 0.028125
2 0.6234375 0.55234375 0.0328125 0.040625