0 0.253125 0.56328125 0.03203125 0.103125
0 0.66484375 0.42265625 0.0109375 0.04140625
0 0.53984375 0.45 0.0125 0.05
0 0.4171875 0.4890625 0.015625 0.06484375
4 0.7234375 0.628125 0.040625 0.14140625
0 0.76796875 0.41171875 0.01015625 0.0359375
4 0.19140625 0.42421875 0.00703125 0.0296875
0 0.39921875 0.41328125 0.00703125 0.0296875
0 0.31796875 0.425 0.0078125 0.03046875
0 0.88203125 0.40703125 0.00859375 0.03125
0 0.41015625 0.38515625 0.00390625 0.0171875
4 0.365625 0.40390625 0.00625 0.02265625
0 0.21484375 0.4390625 0.00859375 0.03515625
4 0.32109375 0.3890625 0.0046875 0.01953125
0 0.45 0.40234375 0.00546875 0.02578125
4 0.0625 0.41875 0.00703125 0.0296875
0 0.08203125 0.40234375 0.00546875 0.02421875
4 0.08125 0.43671875 0.009375 0.03515625
4 0.1375 0.40703125 0.00546875 0.025
0 0.2703125 0.38515625 0.00390625 0.0171875
4 0.3703125 0.39375 0.0046875 0.01953125
4 0.26328125 0.390625 0.00390625 0.01640625
4 0.278125 0.41484375 0.0078125 0.02734375
0 0.13515625 0.396875 0.0046875 0.01953125
4 0.38828125 0.39765625 0.0046875 0.021875
0 0.3671875 0.3828125 0.003125 0.0171875
4 0.2046875 0.3984375 0.00546875 0.0203125
2 0.6203125 0.36484375 0.003125 0.01171875
4 0.66171875 0.5046875 0.02421875 0.07734375
0 0.4578125 0.38671875 0.0046875 0.01953125
0 0.2078125 0.3890625 0.003125 0.0171875
4 0.91015625 0.440625 0.01484375 0.04921875
4 0.75234375 0.46328125 0.01875 0.06015625
2 0.640625 0.36484375 0.003125 0.01328125
0 0.32265625 0.3828125 0.003125 0.01640625
2 0.66015625 0.36484375 0.00390625 0.01640625
2 0.68203125 0.36171875 0.003125 0.00625
2 0.49375 0.36328125 0.00234375 0.00859375
2 0.47109375 0.36484375 0.00234375 0.01015625
2 0.45 0.36484375 0.00234375 0.01015625
2 0.45625 0.359375 0.00234375 0.01015625
2 0.42734375 0.36484375 0.00234375 0.0109375
2 0.40234375 0.3671875 0.00234375 0.01015625
2 0.396875 0.3609375 0.00234375 0.00859375