0 0.82421875 0.2125 0.0109375 0.0359375
0 0.86796875 0.2203125 0.0125 0.040625
0 0.7 0.20390625 0.00625 0.0265625
0 0.8390625 0.41171875 0.0484375 0.1265625
4 0.88515625 0.19296875 0.009375 0.03125
0 0.77734375 0.20859375 0.009375 0.03125
0 0.74140625 0.20703125 0.009375 0.0296875
0 0.64296875 0.2015625 0.00625 0.0234375
4 0.8390625 0.19140625 0.0078125 0.028125
0 0.76171875 0.16953125 0.003125 0.0140625
0 0.65625 0.18359375 0.0046875 0.0171875
4 0.72734375 0.18828125 0.00625 0.021875
4 0.784375 0.17109375 0.0046875 0.0171875
0 0.92265625 0.23046875 0.0171875 0.0484375
0 0.61640625 0.196875 0.00625 0.0203125
4 0.78984375 0.18984375 0.00625 0.025
4 0.715625 0.18046875 0.0046875 0.0171875
0 0.83046875 0.1625 0.003125 0.015625
4 0.89296875 0.1625 0.0046875 0.0171875
0 0.62421875 0.190625 0.0046875 0.0171875
0 0.90390625 0.15703125 0.0046875 0.0171875
0 0.375 0.7125 0.078125 0.2421875
4 0.825 0.16796875 0.0046875 0.0171875
4 0.7015625 0.184375 0.0046875 0.0171875
4 0.7046875 0.18671875 0.0046875 0.0203125
4 0.7453125 0.17578125 0.0046875 0.0171875
0 0.70234375 0.17578125 0.003125 0.0140625