0 0.48671875 0.57109375 0.03125 0.0390625
0 0.23984375 0.58125 0.03125 0.0265625
0 0.16328125 0.5546875 0.015625 0.021875
0 0.4234375 0.525 0.0125 0.0171875
0 0.73984375 0.5234375 0.025 0.021875
0 0.590625 0.50546875 0.009375 0.015625
0 0.53984375 0.50078125 0.0078125 0.0125
4 0.475 0.61796875 0.053125 0.0453125
4 0.4578125 0.54609375 0.0203125 0.028125
4 0.25 0.621875 0.0375 0.05
4 0.296875 0.5484375 0.01875 0.0234375
4 0.6921875 0.50859375 0.0140625 0.021875
4 0.6171875 0.51328125 0.015625 0.0203125
4 0.53515625 0.50546875 0.009375 0.0140625
4 0.7140625 0.821875 0.065625 0.1234375