4 0.428125 0.6953125 0.06875 0.2265625
4 0.2234375 0.37578125 0.0265625 0.0921875
4 0.209375 0.28203125 0.0171875 0.05625
4 0.290625 0.25234375 0.0109375 0.0390625
4 0.4078125 0.25625 0.0078125 0.03125
4 0.53671875 0.2765625 0.0078125 0.028125
4 0.6796875 0.3078125 0.0078125 0.0296875
4 0.8203125 0.3421875 0.0078125 0.03125
4 0.25390625 0.1921875 0.003125 0.0125
0 0.1375 0.21640625 0.0109375 0.0359375
0 0.27421875 0.22734375 0.0078125 0.0296875
0 0.38359375 0.23984375 0.00625 0.0265625
0 0.4578125 0.25078125 0.00625 0.025
0 0.53671875 0.2640625 0.00625 0.025
0 0.61640625 0.2796875 0.00625 0.025
0 0.70390625 0.30078125 0.00625 0.025
0 0.80703125 0.32578125 0.0078125 0.025
0 0.91328125 0.3515625 0.0078125 0.025