0 0.615625 0.26171875 0.0265625 0.0578125
0 0.7484375 0.1984375 0.0234375 0.05
4 0.1890625 0.43671875 0.0296875 0.0625
0 0.39140625 0.26484375 0.0109375 0.0234375
0 0.32890625 0.35 0.0234375 0.0484375
0 0.34296875 0.2875 0.0125 0.0265625
4 0.13671875 0.415625 0.021875 0.0453125
4 0.62578125 0.1734375 0.0109375 0.0234375
4 0.22109375 0.3390625 0.0140625 0.028125
0 0.27265625 0.35234375 0.01875 0.0390625
0 0.46015625 0.2359375 0.0109375 0.0203125
0 0.45625 0.3203125 0.028125 0.0578125
0 0.53203125 0.209375 0.0109375 0.0234375
4 0.796875 0.12890625 0.0125 0.028125
4 0.71484375 0.14765625 0.0125 0.025
0 0.7234375 0.16015625 0.0140625 0.0296875
4 0.35703125 0.27109375 0.0109375 0.0203125
4 0.4453125 0.23359375 0.009375 0.0203125
4 0.728125 0.2859375 0.0390625 0.0828125
4 0.5390625 0.20078125 0.009375 0.0203125
0 0.29609375 0.31328125 0.0140625 0.0296875
0 0.765625 0.1578125 0.0140625 0.034375
4 0.4 0.40078125 0.04375 0.084375
0 0.665625 0.1703125 0.0125 0.0265625
2 0.85625 0.0796875 0.009375 0.0171875
4 0.2890625 0.3015625 0.009375 0.025
2 0.66640625 0.4578125 0.0765625 0.15625
2 0.80546875 0.11015625 0.0109375 0.021875
0 0.26875 0.33671875 0.015625 0.0328125
2 0.83359375 0.08671875 0.0078125 0.0171875
4 0.1640625 0.37890625 0.015625 0.034375
1 0.77421875 0.16171875 0.0296875 0.071875
0 0.6 0.1890625 0.0109375 0.0234375
2 0.8 0.12265625 0.0109375 0.025
0 0.78203125 0.16953125 0.0140625 0.0390625
1 0.778125 0.15390625 0.021875 0.0640625
2 0.809375 0.10078125 0.0078125 0.01875
2 0.81171875 0.09375 0.0078125 0.0171875