0 0.14609375 0.70078125 0.078125 0.165625
0 0.15390625 0.5296875 0.0390625 0.0796875
0 0.103125 0.478125 0.028125 0.05625
0 0.73984375 0.3921875 0.009375 0.021875
0 0.11171875 0.40078125 0.0078125 0.0140625
0 0.22265625 0.39296875 0.0078125 0.0140625
0 0.359375 0.3828125 0.00625 0.0125
0 0.503125 0.378125 0.00625 0.0125
4 0.8171875 0.55703125 0.0578125 0.10625
4 0.4046875 0.4328125 0.01875 0.040625
4 0.52421875 0.46640625 0.028125 0.0609375
4 0.334375 0.4203125 0.0171875 0.034375
4 0.19921875 0.4234375 0.015625 0.03125
4 0.85859375 0.371875 0.00625 0.015625
4 0.8453125 0.36796875 0.00625 0.0140625
4 0.9171875 0.4 0.0109375 0.0265625
4 0.9125 0.396875 0.0078125 0.021875
4 0.903125 0.3921875 0.0078125 0.021875
4 0.890625 0.38828125 0.00625 0.01875
4 0.8828125 0.3828125 0.00625 0.01875
4 0.8734375 0.37734375 0.00625 0.015625
4 0.8328125 0.365625 0.00625 0.0140625
4 0.815625 0.36328125 0.0046875 0.0109375
4 0.78984375 0.3625 0.003125 0.0109375
4 0.75625 0.359375 0.003125 0.0109375
4 0.73515625 0.38984375 0.0078125 0.021875
4 0.734375 0.36484375 0.003125 0.0125
4 0.715625 0.36171875 0.0046875 0.0171875
4 0.67734375 0.36171875 0.003125 0.0140625