0 0.81484375 0.41328125 0.04375 0.08125
0 0.76953125 0.315625 0.0171875 0.0359375
4 0.6515625 0.31953125 0.009375 0.0203125
0 0.6625 0.32890625 0.0140625 0.03125
0 0.52109375 0.3421875 0.009375 0.0203125
0 0.60625 0.334375 0.0125 0.0265625
4 0.84609375 0.28984375 0.0125 0.025
4 0.80078125 0.28984375 0.0078125 0.01875
0 0.55 0.4890625 0.0484375 0.09375
4 0.72734375 0.3078125 0.0109375 0.025
0 0.50859375 0.346875 0.0109375 0.021875
4 0.8671875 0.278125 0.0078125 0.01875
4 0.7390625 0.3015625 0.0078125 0.0171875
0 0.59609375 0.32421875 0.00625 0.015625
0 0.546875 0.334375 0.00625 0.0140625
2 0.44765625 0.34453125 0.0046875 0.0109375
2 0.5484375 0.325 0.0046875 0.0109375
2 0.4015625 0.35234375 0.0046875 0.0125
0 0.51484375 0.340625 0.00625 0.015625
2 0.5921875 0.31796875 0.0046875 0.0125
4 0.6046875 0.32578125 0.00625 0.01875
2 0.63515625 0.3109375 0.0046875 0.0109375
0 0.73203125 0.3015625 0.00625 0.0140625
0 0.5015625 0.34453125 0.009375 0.01875
2 0.88046875 0.26328125 0.00625 0.0140625
2 0.84609375 0.26953125 0.00625 0.0140625
0 0.8640625 0.27578125 0.0078125 0.0171875
0 0.796875 0.2890625 0.00625 0.0171875
2 0.68203125 0.3 0.00625 0.0140625
0 0.6546875 0.31328125 0.00625 0.015625
4 0.65859375 0.315625 0.0078125 0.01875