0 0.24609375 0.28203125 0.034375 0.071875
0 0.40546875 0.2453125 0.0140625 0.03125
0 0.46015625 0.2921875 0.0171875 0.0375
4 0.47890625 0.26640625 0.0109375 0.025
4 0.48828125 0.52734375 0.059375 0.1328125
4 0.57421875 0.38671875 0.0265625 0.0578125
0 0.365625 0.22578125 0.0125 0.028125
4 0.53046875 0.2953125 0.0125 0.0265625
4 0.60390625 0.375 0.01875 0.0453125
4 0.42109375 0.2390625 0.0109375 0.025
4 0.51875 0.41875 0.0375 0.0828125
0 0.284375 0.1875 0.0125 0.0265625
0 0.440625 0.29453125 0.01875 0.0421875
4 0.32421875 0.18125 0.0078125 0.0171875
4 0.96328125 0.45234375 0.00625 0.0140625
0 0.45390625 0.27734375 0.0140625 0.034375
4 0.3171875 0.1890625 0.009375 0.0203125
4 0.4421875 0.225 0.00625 0.0140625
0 0.94296875 0.44140625 0.00625 0.0125
0 0.38671875 0.29140625 0.0234375 0.0515625
4 0.34921875 0.2046875 0.0078125 0.0203125
0 0.2140625 0.1453125 0.009375 0.021875
0 0.228125 0.15859375 0.0109375 0.025
4 0.41484375 0.21484375 0.0078125 0.015625
4 0.30390625 0.17890625 0.0109375 0.021875
4 0.5734375 0.321875 0.0140625 0.03125
0 0.90390625 0.42421875 0.00625 0.0140625
0 0.265625 0.15625 0.0078125 0.0171875
4 0.60703125 0.35625 0.0140625 0.0359375
0 0.4375 0.2640625 0.0125 0.03125
0 0.23359375 0.14765625 0.0078125 0.0171875
4 0.4890625 0.24609375 0.0078125 0.015625
4 0.9265625 0.4375 0.00625 0.0125
4 0.57734375 0.28125 0.00625 0.0140625
4 0.55390625 0.27109375 0.00625 0.015625
0 0.55234375 0.265625 0.00625 0.0125
4 0.60625 0.290625 0.00625 0.0140625
4 0.38046875 0.2015625 0.0078125 0.015625
4 0.8140625 0.3828125 0.00625 0.0125
4 0.59453125 0.2859375 0.00625 0.0140625
0 0.48359375 0.240625 0.00625 0.015625
0 0.540625 0.2625 0.00625 0.0140625
0 0.40390625 0.20625 0.00625 0.0140625
0 0.859375 0.4015625 0.00625 0.0125
0 0.5015625 0.2484375 0.0078125 0.015625
4 0.8859375 0.41796875 0.00625 0.0140625
0 0.8375 0.3921875 0.00625 0.0109375
0 0.88359375 0.41328125 0.00625 0.0125
0 0.4546875 0.228125 0.00625 0.0140625
4 0.5734375 0.7640625 0.10625 0.2203125
0 0.82265625 0.3828125 0.0046875 0.0109375
0 0.56328125 0.2703125 0.0046875 0.0109375
4 0.84453125 0.39765625 0.00625 0.0140625
4 0.35078125 0.18984375 0.00625 0.0171875
0 0.3546875 0.18671875 0.0046875 0.0140625
4 0.5234375 0.26015625 0.00625 0.0171875
0 0.3078125 0.1703125 0.0078125 0.0171875
0 0.9671875 0.45078125 0.00625 0.0109375
1 0.76171875 0.353125 0.00625 0.0171875
1 0.7671875 0.35390625 0.00625 0.015625
1 0.79140625 0.3640625 0.00625 0.0171875
1 0.79609375 0.3671875 0.00625 0.0171875