0 0.16015625 0.4734375 0.05 0.0984375
0 0.33203125 0.378125 0.0265625 0.0578125
0 0.47265625 0.3390625 0.0203125 0.04375
0 0.60390625 0.3203125 0.01875 0.0390625
0 0.746875 0.31015625 0.0171875 0.0375
0 0.91171875 0.3078125 0.01875 0.0375
4 0.5796875 0.709375 0.1046875 0.2234375
4 0.46484375 0.47421875 0.0484375 0.1046875
4 0.51171875 0.3921875 0.03125 0.06875
4 0.5953125 0.35546875 0.025 0.0546875
4 0.69453125 0.33671875 0.021875 0.0484375
4 0.8109375 0.32734375 0.0203125 0.04375
3 0.72890625 0.2828125 0.009375 0.021875
3 0.81171875 0.28828125 0.009375 0.021875
3 0.89453125 0.2796875 0.009375 0.0203125
3 0.88828125 0.26640625 0.00625 0.015625
3 0.809375 0.275 0.0078125 0.0171875