0 0.30703125 0.296875 0.009375 0.028125
0 0.2859375 0.34609375 0.015625 0.0484375
0 0.4265625 0.38203125 0.025 0.0765625
0 0.83203125 0.1734375 0.009375 0.028125
0 0.73046875 0.1890625 0.0078125 0.0234375
4 0.83203125 0.3296875 0.03125 0.0921875
0 0.54765625 0.225 0.00625 0.0234375
0 0.265625 0.32421875 0.0109375 0.0375
0 0.37578125 0.27109375 0.009375 0.025
0 0.46015625 0.24609375 0.00625 0.0234375
0 0.3875 0.36015625 0.0203125 0.0640625
0 0.4484375 0.44609375 0.034375 0.1078125
4 0.49921875 0.24609375 0.009375 0.0265625
4 0.79140625 0.19140625 0.0109375 0.0296875
4 0.71875 0.20234375 0.009375 0.028125
4 0.6890625 0.2921875 0.021875 0.0640625
4 0.57109375 0.28359375 0.0171875 0.0515625
4 0.5609375 0.23125 0.009375 0.0265625
0 0.43359375 0.575 0.05625 0.165625
4 0.4421875 0.2890625 0.0140625 0.0390625
0 0.63515625 0.20625 0.00625 0.021875
4 0.4578125 0.25859375 0.009375 0.028125
4 0.42265625 0.27265625 0.0109375 0.03125
4 0.415625 0.28515625 0.0109375 0.0359375
4 0.640625 0.21484375 0.009375 0.0265625
3 0.30625 0.25390625 0.003125 0.009375
3 0.1640625 0.29296875 0.003125 0.0109375
3 0.08203125 0.30234375 0.0015625 0.00625
3 0.0875 0.29921875 0.003125 0.0078125
3 0.13515625 0.29140625 0.003125 0.009375
3 0.1375 0.296875 0.003125 0.009375
3 0.1421875 0.29609375 0.003125 0.0109375
3 0.14453125 0.2859375 0.0015625 0.00625
3 0.14921875 0.2890625 0.003125 0.0078125
3 0.1546875 0.28984375 0.003125 0.0109375
3 0.19375 0.28125 0.003125 0.009375
3 0.19375 0.27421875 0.003125 0.009375
3 0.196875 0.28125 0.003125 0.0109375
3 0.20234375 0.27890625 0.003125 0.0109375
3 0.2046875 0.27734375 0.003125 0.0109375
3 0.20703125 0.27734375 0.003125 0.0140625
3 0.20859375 0.278125 0.003125 0.009375
3 0.2109375 0.27265625 0.003125 0.0109375
3 0.2140625 0.2765625 0.003125 0.0109375
3 0.21953125 0.27421875 0.003125 0.0109375
3 0.22421875 0.2734375 0.003125 0.0109375
3 0.25546875 0.2671875 0.003125 0.0125
3 0.3328125 0.25078125 0.003125 0.0109375
3 0.334375 0.24921875 0.003125 0.009375
3 0.35625 0.24453125 0.003125 0.0125
3 0.35859375 0.246875 0.003125 0.0140625
3 0.36328125 0.23984375 0.003125 0.0109375
3 0.40625 0.23359375 0.003125 0.0109375
3 0.409375 0.23515625 0.003125 0.0140625