0 0.61796875 0.5140625 0.0875 0.1765625
0 0.7421875 0.3390625 0.046875 0.1109375
0 0.659375 0.23828125 0.025 0.0546875
0 0.57890625 0.24140625 0.01875 0.04375
0 0.48984375 0.25859375 0.0171875 0.0375
0 0.39921875 0.284375 0.0140625 0.0328125
0 0.2984375 0.32109375 0.015625 0.0328125
0 0.19375 0.36640625 0.0171875 0.034375
0 0.10625 0.409375 0.01875 0.0375
4 0.7875 0.1828125 0.0234375 0.05
4 0.6640625 0.19921875 0.01875 0.0390625
4 0.54296875 0.225 0.015625 0.0328125
4 0.42890625 0.259375 0.0125 0.0296875
4 0.30390625 0.3046875 0.0125 0.028125
4 0.17578125 0.359375 0.0140625 0.03125
4 0.06484375 0.4125 0.015625 0.0328125
2 0.7921875 0.16484375 0.01875 0.040625
2 0.8015625 0.1375 0.0140625 0.03125
2 0.80625 0.12109375 0.0125 0.025
2 0.81015625 0.10859375 0.009375 0.0203125
2 0.83828125 0.1 0.0109375 0.021875
1 0.7390625 0.28984375 0.059375 0.15625
1 0.71875 0.3375 0.0875 0.1953125