4 0.78671875 0.53515625 0.025 0.08828125
0 0.46484375 0.5421875 0.02578125 0.1046875
4 0.68984375 0.45234375 0.01484375 0.05546875
4 0.8890625 0.4265625 0.0109375 0.03828125
4 0.63671875 0.421875 0.01171875 0.04375
0 0.45390625 0.37890625 0.00546875 0.02734375
0 0.5546875 0.37265625 0.00625 0.02421875
0 0.60703125 0.37421875 0.00625 0.021875
4 0.94453125 0.45078125 0.01328125 0.04921875
0 0.46953125 0.4140625 0.01015625 0.04375
4 0.703125 0.3890625 0.00625 0.02578125
4 0.93671875 0.76015625 0.028125 0.17421875
4 0.83125 0.4046875 0.0078125 0.03125
0 0.90859375 0.403125 0.0078125 0.028125
0 0.8390625 0.38984375 0.00625 0.02421875
0 0.50078125 0.375 0.00625 0.02421875
0 0.45859375 0.39609375 0.00859375 0.0359375
0 0.478125 0.4546875 0.0140625 0.06015625
4 0.578125 0.3859375 0.00703125 0.028125
4 0.7703125 0.396875 0.00625 0.02578125
0 0.6640625 0.3765625 0.0046875 0.0203125
4 0.5921875 0.4015625 0.00859375 0.03125
4 0.634375 0.3828125 0.00703125 0.02265625
2 0.73125 0.36171875 0.003125 0.0140625
2 0.68515625 0.35859375 0.003125 0.01328125
2 0.4609375 0.34609375 0.003125 0.0140625
2 0.48359375 0.34765625 0.00390625 0.0140625
0 0.73359375 0.38125 0.00546875 0.021875
2 0.75546875 0.36328125 0.00390625 0.01484375
2 0.70859375 0.359375 0.00390625 0.0140625
2 0.5265625 0.3484375 0.003125 0.01171875
2 0.43125 0.34609375 0.003125 0.0140625
2 0.503125 0.34765625 0.003125 0.01328125