0 0.265625 0.334375 0.0140625 0.053125
0 0.071875 0.41484375 0.0375 0.096875
0 0.31640625 0.3140625 0.0109375 0.0421875
4 0.44453125 0.440625 0.025 0.09375
0 0.38515625 0.28984375 0.0078125 0.028125
0 0.4359375 0.2796875 0.00625 0.0234375
4 0.4765625 0.353125 0.0140625 0.053125
0 0.353125 0.30078125 0.009375 0.0359375
4 0.90390625 0.31015625 0.00625 0.0234375
0 0.5 0.28125 0.0046875 0.0203125
4 0.63828125 0.29140625 0.0046875 0.0203125
4 0.49609375 0.31875 0.009375 0.0375
4 0.7953125 0.28515625 0.003125 0.0140625
4 0.89609375 0.3046875 0.0046875 0.0203125
0 0.59140625 0.2765625 0.003125 0.0171875
4 0.5078125 0.30078125 0.0078125 0.0296875
4 0.81328125 0.284375 0.003125 0.0125
4 0.5984375 0.73984375 0.0609375 0.209375
0 0.63125 0.27890625 0.003125 0.015625
4 0.6828125 0.28359375 0.003125 0.0171875
4 0.65546875 0.28671875 0.003125 0.01875
0 0.74609375 0.2765625 0.003125 0.0140625
0 0.775 0.27734375 0.003125 0.0125
4 0.846875 0.28515625 0.003125 0.0125
0 0.5546875 0.27890625 0.003125 0.01875
0 0.671875 0.27890625 0.003125 0.015625
4 0.92109375 0.30234375 0.003125 0.0171875
4 0.7734375 0.2875 0.003125 0.0140625
4 0.53984375 0.29609375 0.00625 0.025
0 0.71953125 0.27890625 0.003125 0.0125
4 0.72421875 0.2875 0.003125 0.0140625
4 0.59609375 0.29453125 0.0046875 0.021875
0 0.80859375 0.27734375 0.003125 0.0125
0 0.8390625 0.278125 0.003125 0.0109375
0 0.86875 0.27734375 0.003125 0.0125
0 0.9015625 0.27890625 0.003125 0.0125
4 0.92109375 0.28359375 0.003125 0.0125
4 0.896875 0.28359375 0.003125 0.0125
4 0.875 0.284375 0.003125 0.0125