0 0.3015625 0.3578125 0.0234375 0.0546875
0 0.4359375 0.33984375 0.0265625 0.065625
0 0.34453125 0.28203125 0.0109375 0.028125
0 0.25 0.35 0.01875 0.04375
4 0.13046875 0.44375 0.03125 0.071875
0 0.25625 0.32890625 0.0140625 0.034375
4 0.73515625 0.346875 0.04375 0.103125
4 0.34296875 0.44140625 0.0421875 0.0984375
0 0.29140625 0.30703125 0.0125 0.03125
4 0.83515625 0.16015625 0.0125 0.03125
0 0.77421875 0.23515625 0.021875 0.05625
4 0.1421875 0.36328125 0.0140625 0.0375
4 0.6515625 0.18828125 0.009375 0.0234375
0 0.6921875 0.19140625 0.0109375 0.028125
0 0.621875 0.20234375 0.0109375 0.0265625
0 0.75390625 0.18515625 0.0125 0.0328125
0 0.6171875 0.29375 0.0265625 0.065625
4 0.096875 0.40625 0.01875 0.0484375
4 0.746875 0.1703125 0.0078125 0.025
4 0.365625 0.26328125 0.0078125 0.021875
4 0.29296875 0.290625 0.0078125 0.025
0 0.55078125 0.2171875 0.009375 0.025
4 0.4609375 0.234375 0.0078125 0.0203125
0 0.39921875 0.2609375 0.009375 0.025
4 0.2125 0.325 0.0125 0.028125
2 0.87734375 0.1171875 0.0078125 0.0171875
2 0.8546875 0.12265625 0.00625 0.0171875
0 0.47265625 0.23828125 0.009375 0.0234375
4 0.56015625 0.2078125 0.0078125 0.0203125
2 0.846875 0.1390625 0.009375 0.0234375
2 0.85078125 0.1296875 0.00625 0.0203125
0 0.7984375 0.1875 0.0125 0.0359375
2 0.83984375 0.153125 0.0109375 0.028125
0 0.815625 0.20390625 0.0140625 0.0453125
2 0.615625 0.6046875 0.0859375 0.209375
1 0.8125 0.18515625 0.0203125 0.0703125
1 0.80625 0.19609375 0.028125 0.0796875