0 0.19296875 0.3578125 0.01875 0.0421875
0 0.36171875 0.39140625 0.01875 0.040625
0 0.5203125 0.4265625 0.0171875 0.0375
4 0.825 0.54375 0.028125 0.0625
0 0.6890625 0.4671875 0.0171875 0.0390625
0 0.8796875 0.51875 0.021875 0.0453125
4 0.4828125 0.4484375 0.025 0.0515625
4 0.3125 0.49140625 0.0453125 0.0953125
2 0.37890625 0.346875 0.009375 0.0203125
2 0.509375 0.3765625 0.009375 0.0203125
2 0.3234375 0.33359375 0.0078125 0.0171875
4 0.65546875 0.49140625 0.025 0.0546875
2 0.42109375 0.35546875 0.009375 0.0203125
2 0.67265625 0.415625 0.009375 0.0203125
2 0.45625 0.3640625 0.009375 0.0203125
2 0.74609375 0.43046875 0.0109375 0.0203125
2 0.59609375 0.39765625 0.0078125 0.01875
4 0.315625 0.409375 0.0234375 0.0546875
4 0.13359375 0.37421875 0.0265625 0.05625
4 0.0609375 0.4296875 0.0328125 0.0890625
4 0.53359375 0.59765625 0.0546875 0.11875