0 0.66796875 0.56484375 0.0453125 0.103125
0 0.82890625 0.5625 0.0359375 0.075
0 0.5640625 0.3921875 0.01875 0.0390625
0 0.45546875 0.35625 0.015625 0.0359375
0 0.78515625 0.4484375 0.0140625 0.034375
0 0.32109375 0.30546875 0.015625 0.034375
0 0.7046875 0.43046875 0.015625 0.034375
4 0.7015625 0.4140625 0.009375 0.025
4 0.62890625 0.3953125 0.0125 0.03125
4 0.51171875 0.36171875 0.0125 0.0265625
0 0.8859375 0.45390625 0.0078125 0.0171875
0 0.3296875 0.5984375 0.0765625 0.171875
0 0.290625 0.29375 0.0140625 0.03125
4 0.421875 0.33046875 0.0140625 0.0328125
4 0.7296875 0.41796875 0.0125 0.028125
0 0.859375 0.44609375 0.0109375 0.0234375
0 0.28046875 0.28984375 0.0125 0.0296875
2 0.1421875 0.2390625 0.0109375 0.0203125
2 0.2015625 0.25546875 0.0109375 0.0203125
2 0.2546875 0.2703125 0.009375 0.0203125
0 0.30234375 0.29375 0.009375 0.021875
2 0.31796875 0.28671875 0.0109375 0.01875
2 0.365625 0.3 0.009375 0.0171875
0 0.371875 0.3265625 0.0171875 0.0328125
4 0.3703125 0.315625 0.009375 0.021875
0 0.36875 0.31171875 0.0078125 0.01875
2 0.4078125 0.3140625 0.009375 0.015625
0 0.4296875 0.32890625 0.009375 0.021875
4 0.4375 0.33203125 0.009375 0.0203125
0 0.48828125 0.34453125 0.009375 0.0203125
4 0.50703125 0.3515625 0.009375 0.0203125
4 0.56015625 0.36640625 0.009375 0.0203125
4 0.603125 0.37734375 0.009375 0.0171875
0 0.6125 0.37890625 0.009375 0.0171875
2 0.59921875 0.3640625 0.00625 0.0140625
2 0.62421875 0.37109375 0.00625 0.0109375
4 0.6515625 0.390625 0.0078125 0.01875
0 0.66484375 0.39140625 0.009375 0.0171875
0 0.69921875 0.3984375 0.0078125 0.0171875
2 0.6859375 0.3875 0.00625 0.0125
4 0.709375 0.4046875 0.009375 0.0203125
4 0.74765625 0.41875 0.0109375 0.0234375
4 0.759375 0.41875 0.0109375 0.021875
2 0.64453125 0.37421875 0.00625 0.0125
4 0.775 0.4203125 0.0109375 0.025
0 0.78125 0.41796875 0.009375 0.01875
4 0.80703125 0.4296875 0.009375 0.0203125
0 0.83125 0.45546875 0.0125 0.028125
0 0.95390625 0.47421875 0.0109375 0.0234375
4 0.89296875 0.45390625 0.0078125 0.0171875
4 0.89765625 0.45234375 0.00625 0.015625