0 0.2515625 0.35625 0.0203125 0.0546875
0 0.725 0.3109375 0.009375 0.025
0 0.5546875 0.31484375 0.0109375 0.0328125
0 0.365625 0.334375 0.0140625 0.04375
4 0.66953125 0.3484375 0.015625 0.0453125
4 0.41640625 0.459375 0.034375 0.1015625
0 0.64609375 0.31171875 0.009375 0.028125
4 0.77265625 0.33671875 0.0109375 0.0359375
0 0.45546875 0.3203125 0.0125 0.0375
4 0.93125 0.32265625 0.009375 0.0265625
4 0.8640625 0.328125 0.0109375 0.03125
4 0.52734375 0.37265625 0.0203125 0.0609375
0 0.1125 0.39765625 0.0265625 0.071875
0 0.79453125 0.309375 0.009375 0.025
0 0.79296875 0.25078125 0.0046875 0.0125
0 0.86328125 0.30859375 0.0078125 0.0234375
4 0.12265625 0.23203125 0.0046875 0.0109375
4 0.19453125 0.23125 0.0046875 0.0109375
4 0.76953125 0.24375 0.0046875 0.0125
0 0.69765625 0.24296875 0.0046875 0.0125
4 0.81171875 0.246875 0.0046875 0.0125
0 0.8484375 0.2546875 0.0046875 0.0125
4 0.73046875 0.23828125 0.0046875 0.0109375
4 0.70390625 0.23828125 0.003125 0.0109375
4 0.15078125 0.2390625 0.0046875 0.0125
0 0.73671875 0.24765625 0.0046875 0.0125
4 0.85078125 0.24765625 0.0046875 0.0109375
0 0.66875 0.2375 0.003125 0.0109375