0 0.44609375 0.396875 0.0125 0.0328125
0 0.12578125 0.3703125 0.0078125 0.0203125
0 0.09453125 0.428125 0.021875 0.0421875
0 0.78671875 0.34765625 0.009375 0.01875
0 0.68046875 0.425 0.0203125 0.046875
0 0.59921875 0.3640625 0.00625 0.015625
0 0.3796875 0.36796875 0.0078125 0.01875
0 0.2890625 0.41484375 0.01875 0.0390625
0 0.91171875 0.3421875 0.009375 0.0203125
0 0.6828125 0.35625 0.0078125 0.0171875
0 0.44375 0.3703125 0.0078125 0.0203125
0 0.2921875 0.3671875 0.0078125 0.01875
0 0.490625 0.38515625 0.0078125 0.021875
4 0.65703125 0.3890625 0.0140625 0.03125
4 0.8203125 0.35078125 0.009375 0.0203125
4 0.79296875 0.40078125 0.01875 0.040625
4 0.4109375 0.43203125 0.021875 0.05
4 0.7359375 0.3578125 0.009375 0.021875
4 0.1109375 0.36484375 0.0078125 0.0203125
4 0.67109375 0.3640625 0.0078125 0.0234375
4 0.42421875 0.3625 0.0078125 0.01875
4 0.31796875 0.3609375 0.0078125 0.01875
4 0.49765625 0.36640625 0.0078125 0.015625
4 0.9203125 0.34921875 0.0046875 0.021875
4 0.6109375 0.3828125 0.0078125 0.028125
2 0.77421875 0.490625 0.0375 0.0796875
2 0.33984375 0.4890625 0.0359375 0.0796875
2 0.53359375 0.3421875 0.0046875 0.0109375
2 0.58515625 0.36015625 0.0046875 0.015625
2 0.58046875 0.3546875 0.00625 0.015625
2 0.575 0.34765625 0.0046875 0.0140625
2 0.56796875 0.3421875 0.0046875 0.0140625
2 0.5625 0.340625 0.0046875 0.0125
2 0.5484375 0.34140625 0.00625 0.0125
2 0.51796875 0.3421875 0.0046875 0.0109375
2 0.50546875 0.36328125 0.00625 0.015625
1 0.4828125 0.3796875 0.0125 0.040625
1 0.490625 0.375 0.0109375 0.0390625
1 0.61953125 0.3765625 0.0109375 0.0453125
1 0.61171875 0.36875 0.009375 0.034375