4 0.2453125 0.35234375 0.0390625 0.0984375
0 0.60625 0.2796875 0.0078125 0.0203125
4 0.246875 0.1828125 0.0109375 0.0265625
4 0.61953125 0.29375 0.009375 0.0265625
0 0.64921875 0.29296875 0.0078125 0.021875
0 0.17265625 0.1546875 0.009375 0.021875
4 0.184375 0.165625 0.0109375 0.0265625
4 0.74453125 0.33125 0.0109375 0.025
4 0.3328125 0.20625 0.0109375 0.025
4 0.7921875 0.3421875 0.0078125 0.021875
4 0.14296875 0.278125 0.034375 0.08125
0 0.4421875 0.22890625 0.0078125 0.0203125
0 0.359375 0.2046875 0.0078125 0.021875
0 0.71328125 0.31015625 0.0078125 0.0203125
0 0.6859375 0.30390625 0.0078125 0.0203125
4 0.371875 0.49765625 0.0625 0.15
4 0.1078125 0.15 0.0125 0.03125
0 0.27265625 0.17890625 0.0078125 0.0203125
0 0.921875 0.3625 0.00625 0.0140625
4 0.8 0.321875 0.0046875 0.0140625
0 0.81484375 0.325 0.0046875 0.0125
0 0.728125 0.3125 0.0078125 0.01875
4 0.7734375 0.3171875 0.00625 0.0140625
0 0.71171875 0.29765625 0.00625 0.015625
4 0.68828125 0.31640625 0.009375 0.025
4 0.97265625 0.38671875 0.00625 0.015625
0 0.70859375 0.29296875 0.0046875 0.0140625
0 0.8671875 0.34375 0.0046875 0.0125
4 0.93984375 0.3734375 0.0078125 0.0171875
4 0.89921875 0.3578125 0.00625 0.0140625
0 0.76640625 0.30859375 0.0046875 0.0125
0 0.7328125 0.31015625 0.00625 0.0171875
4 0.85703125 0.3421875 0.0046875 0.0140625
4 0.428125 0.23515625 0.0109375 0.025
1 0.51328125 0.24375 0.009375 0.0359375
4 0.815625 0.33984375 0.00625 0.01875
4 0.81171875 0.34296875 0.0078125 0.0203125
4 0.778125 0.315625 0.00625 0.0140625
0 0.7296875 0.29765625 0.0046875 0.0140625
4 0.8234375 0.3296875 0.0046875 0.0140625
4 0.80234375 0.33125 0.00625 0.0171875
0 0.73515625 0.3125 0.00625 0.0171875
4 0.515625 0.2625 0.009375 0.0234375
4 0.76875 0.3140625 0.00625 0.0140625
1 0.525 0.2578125 0.0140625 0.040625
1 0.5078125 0.2515625 0.015625 0.0421875
1 0.525 0.24921875 0.0109375 0.0359375
0 0.5171875 0.25234375 0.009375 0.021875