4 0.67421875 0.5453125 0.0375 0.0921875
0 0.1875 0.54140625 0.05 0.1234375
0 0.4640625 0.44296875 0.01875 0.0578125
0 0.38671875 0.475 0.0265625 0.0671875
0 0.39140625 0.41328125 0.0171875 0.04375
0 0.2375 0.4 0.015625 0.046875
4 0.71484375 0.43359375 0.0109375 0.028125
4 0.82109375 0.48515625 0.0171875 0.05
4 0.184375 0.365625 0.0125 0.0296875
4 0.60625 0.440625 0.0140625 0.040625
0 0.88515625 0.44921875 0.009375 0.028125
4 0.08125 0.36796875 0.015625 0.040625
4 0.79375 0.459375 0.0109375 0.034375
4 0.64453125 0.421875 0.009375 0.0265625
0 0.178125 0.36015625 0.0078125 0.025
4 0.75078125 0.79453125 0.053125 0.171875
4 0.0703125 0.35390625 0.0109375 0.0296875
4 0.425 0.40546875 0.0125 0.0328125
0 0.1125 0.34921875 0.0078125 0.025
0 0.78515625 0.434375 0.0078125 0.025
0 0.95390625 0.46796875 0.0125 0.0359375
4 0.20234375 0.37890625 0.0125 0.0359375
4 0.31640625 0.390625 0.0125 0.0296875
0 0.48203125 0.39453125 0.00625 0.0203125
4 0.2859375 0.3796875 0.0078125 0.0234375
4 0.5625 0.41171875 0.0078125 0.025
4 0.52109375 0.41875 0.0125 0.0359375
2 0.45625 0.3734375 0.0046875 0.0125
2 0.41640625 0.36953125 0.0046875 0.0140625
4 0.92421875 0.5546875 0.03125 0.0796875
0 0.6859375 0.41953125 0.009375 0.021875
4 0.47109375 0.40078125 0.0078125 0.025
4 0.38203125 0.390625 0.0078125 0.025
2 0.35703125 0.36171875 0.00625 0.0140625
2 0.69609375 0.40390625 0.00625 0.015625
0 0.28359375 0.371875 0.00625 0.021875
2 0.3890625 0.365625 0.0046875 0.015625
0 0.5828125 0.40625 0.0078125 0.0203125
4 0.65859375 0.4765625 0.021875 0.059375
4 0.79140625 0.44375 0.0078125 0.03125