2 0.659375 0.3375 0.0265625 0.05625
2 0.5328125 0.27265625 0.0171875 0.0359375
2 0.56328125 0.25546875 0.0125 0.0265625
2 0.47578125 0.30625 0.0265625 0.05625
2 0.659375 0.4640625 0.0546875 0.1140625
2 0.62890625 0.265625 0.0140625 0.028125
2 0.6578125 0.27109375 0.0140625 0.028125
2 0.65859375 0.29453125 0.0171875 0.0375
2 0.3203125 0.3953125 0.0546875 0.1046875
0 0.65546875 0.6546875 0.1078125 0.209375
2 0.59609375 0.26015625 0.0125 0.028125
4 0.12578125 0.5109375 0.0859375 0.178125
3 0.6703125 0.2671875 0.0078125 0.0203125
3 0.67421875 0.2515625 0.00625 0.0171875
3 0.72265625 0.2671875 0.0078125 0.0171875
3 0.7703125 0.265625 0.00625 0.0171875
3 0.79921875 0.2765625 0.00625 0.0171875
3 0.896875 0.29375 0.00625 0.0171875
3 0.88828125 0.28671875 0.00625 0.015625
3 0.59609375 0.25078125 0.0078125 0.0203125