0 0.64921875 0.5796875 0.046875 0.0640625
0 0.284375 0.5671875 0.015625 0.0203125
0 0.45859375 0.59453125 0.0421875 0.0515625
0 0.44765625 0.54765625 0.0203125 0.0265625
0 0.44453125 0.52265625 0.0109375 0.0140625
0 0.43125 0.51875 0.009375 0.0109375
0 0.44375 0.5109375 0.0078125 0.0109375
0 0.471875 0.50234375 0.00625 0.009375
0 0.509375 0.5125 0.0125 0.0171875
0 0.52890625 0.48828125 0.00625 0.0078125
0 0.57734375 0.478125 0.0046875 0.0078125
0 0.6171875 0.4703125 0.0046875 0.0078125
0 0.61953125 0.48359375 0.0109375 0.0140625
0 0.64921875 0.46484375 0.00625 0.009375
0 0.684375 0.459375 0.0078125 0.0109375
0 0.80078125 0.44375 0.0109375 0.0140625
0 0.8359375 0.45234375 0.01875 0.021875
0 0.89609375 0.45546875 0.025 0.0296875
0 0.9390625 0.42265625 0.015625 0.01875
0 0.81953125 0.51171875 0.0421875 0.05
0 0.67421875 0.4984375 0.021875 0.0265625
0 0.58671875 0.5046875 0.015625 0.0203125
4 0.6921875 0.7234375 0.1171875 0.146875
4 0.4 0.7109375 0.0859375 0.10625
4 0.28125 0.56015625 0.009375 0.015625
4 0.36875 0.534375 0.009375 0.0125
4 0.4296875 0.5671875 0.0265625 0.034375
4 0.49609375 0.503125 0.009375 0.0125
4 0.53203125 0.50859375 0.0140625 0.0171875
4 0.61640625 0.48046875 0.009375 0.0125
4 0.715625 0.4609375 0.0125 0.015625
4 0.76796875 0.453125 0.0140625 0.0171875
2 0.28515625 0.63203125 0.0421875 0.0515625
2 0.25 0.59140625 0.0203125 0.0265625
2 0.3609375 0.55 0.0140625 0.01875
2 0.371875 0.53671875 0.009375 0.0140625
2 0.4765625 0.50859375 0.0078125 0.0125
2 0.5515625 0.4921875 0.0078125 0.0125
2 0.6078125 0.490625 0.0140625 0.0171875
2 0.784375 0.50703125 0.0359375 0.04375
2 0.66171875 0.48828125 0.0171875 0.021875
2 0.5765625 0.52734375 0.0234375 0.0296875