0 0.1703125 0.2609375 0.00859375 0.03671875
4 0.6921875 0.3234375 0.00703125 0.0296875
4 0.6015625 0.50234375 0.02578125 0.11484375
4 0.34609375 0.278125 0.0078125 0.03671875
4 0.51171875 0.29140625 0.00625 0.028125
0 0.378125 0.26484375 0.00546875 0.02578125
0 0.8296875 0.3453125 0.00703125 0.0296875
4 0.425 0.28125 0.00703125 0.0328125
4 0.871875 0.37421875 0.009375 0.03828125
2 0.14765625 0.23125 0.00625 0.02578125
0 0.48984375 0.278125 0.00546875 0.02421875
4 0.32890625 0.41328125 0.02109375 0.09375
4 0.7796875 0.3453125 0.00703125 0.0328125
4 0.9140625 0.5390625 0.0265625 0.10625
0 0.271875 0.26015625 0.00625 0.03046875
0 0.7140625 0.31640625 0.00625 0.02578125
4 0.22578125 0.34375 0.01484375 0.06953125
4 0.2765625 0.284375 0.009375 0.0421875
2 0.0828125 0.20546875 0.00390625 0.01953125
1 0.24140625 0.33203125 0.0203125 0.11640625
2 0.05625 0.20234375 0.00390625 0.0203125
2 0.1390625 0.21953125 0.00390625 0.021875
2 0.13125 0.21171875 0.003125 0.01875
2 0.1609375 0.25 0.0078125 0.0328125
0 0.60234375 0.29375 0.003125 0.0203125
2 0.109375 0.209375 0.00390625 0.01875
1 0.21953125 0.31171875 0.01328125 0.1
4 0.6015625 0.30546875 0.00390625 0.02578125
3 0.07578125 0.20078125 0.00234375 0.01328125
2 0.05 0.2109375 0.00234375 0.021875
3 0.13671875 0.2015625 0.0015625 0.0140625
3 0.1390625 0.20390625 0.0015625 0.01015625
3 0.178125 0.21015625 0.00234375 0.01171875
3 0.21484375 0.2078125 0.0015625 0.0140625
3 0.23515625 0.2140625 0.0015625 0.01328125
3 0.3 0.21875 0.00078125 0.01015625
3 0.36796875 0.23125 0.0015625 0.01171875
3 0.3828125 0.2296875 0.0015625 0.01171875
3 0.4265625 0.24140625 0.0015625 0.01328125
3 0.459375 0.24453125 0.0015625 0.0109375
3 0.46953125 0.2515625 0.0015625 0.0140625
3 0.51015625 0.2546875 0.00234375 0.0140625
3 0.5171875 0.2625 0.0015625 0.01640625
3 0.55703125 0.265625 0.00234375 0.01640625
4 0.2296875 0.30234375 0.0078125 0.05625
0 0.72890625 0.828125 0.01875 0.0390625
3 0.30234375 0.221875 0.00078125 0.0109375