4 0.64765625 0.765625 0.0421875 0.134375
4 0.47109375 0.5015625 0.0421875 0.11875
4 0.4703125 0.4078125 0.028125 0.0765625
4 0.51328125 0.37109375 0.0203125 0.059375
4 0.61015625 0.34375 0.015625 0.0421875
4 0.6328125 0.33046875 0.0125 0.0375
4 0.62421875 0.315625 0.0109375 0.03125
4 0.60546875 0.3046875 0.009375 0.0265625
4 0.575 0.29375 0.0078125 0.0234375
4 0.546875 0.28828125 0.0078125 0.0203125
4 0.5125 0.2828125 0.00625 0.0203125
4 0.4828125 0.278125 0.00625 0.01875
4 0.4375 0.27421875 0.0046875 0.0171875
4 0.415625 0.2671875 0.0046875 0.015625
4 0.4078125 0.26796875 0.0046875 0.015625
4 0.459375 0.26640625 0.0046875 0.0140625
4 0.89140625 0.2875 0.0046875 0.0109375
0 0.175 0.375 0.028125 0.06875
0 0.32109375 0.3375 0.015625 0.046875
0 0.4375 0.3203125 0.0125 0.0375
0 0.4625 0.3140625 0.0109375 0.0328125
0 0.47578125 0.30546875 0.009375 0.0296875
0 0.471875 0.29609375 0.0078125 0.0265625
0 0.46328125 0.2921875 0.0078125 0.025
0 0.453125 0.28515625 0.0078125 0.021875
0 0.43515625 0.28203125 0.00625 0.0203125
0 0.41328125 0.278125 0.00625 0.0203125
0 0.37890625 0.275 0.00625 0.0203125
0 0.33125 0.26875 0.00625 0.0171875
0 0.3203125 0.26328125 0.0046875 0.0171875
0 0.3453125 0.2625 0.0046875 0.0140625