0 0.44296875 0.44375 0.0390625 0.1078125
0 0.8875 0.140625 0.009375 0.025
4 0.6921875 0.290625 0.025 0.0671875
0 0.4 0.33203125 0.01875 0.0515625
0 0.46484375 0.2828125 0.0140625 0.0390625
0 0.77578125 0.16640625 0.009375 0.0234375
4 0.81953125 0.1671875 0.0109375 0.0296875
0 0.52265625 0.24921875 0.0109375 0.0296875
4 0.62734375 0.27265625 0.01875 0.0515625
4 0.75 0.18671875 0.0109375 0.0296875
4 0.86875 0.32734375 0.04375 0.103125
4 0.646875 0.2265625 0.0140625 0.0359375
0 0.59765625 0.21953125 0.009375 0.0265625
4 0.61953125 0.25 0.0125 0.0421875
0 0.40078125 0.5859375 0.065625 0.1640625
0 0.421875 0.3890625 0.028125 0.0796875
0 0.68203125 0.1921875 0.009375 0.025
4 0.69453125 0.20625 0.0125 0.03125