0 0.6578125 0.47734375 0.01875 0.0671875
0 0.08984375 0.409375 0.01796875 0.053125
0 0.7890625 0.46640625 0.01796875 0.0546875
0 0.3203125 0.3828125 0.00859375 0.03359375
0 0.46953125 0.5515625 0.03203125 0.11015625
0 0.928125 0.471875 0.0140625 0.04765625
4 0.20078125 0.3703125 0.009375 0.03359375
0 0.2765625 0.34609375 0.00546875 0.0203125
0 0.2390625 0.39765625 0.0125 0.03828125
0 0.08984375 0.3265625 0.00625 0.01640625
0 0.36796875 0.37109375 0.00703125 0.02734375
0 0.0984375 0.7609375 0.03984375 0.16484375
2 0.52890625 0.35078125 0.00390625 0.01171875
0 0.2234375 0.33828125 0.0046875 0.01875
2 0.55234375 0.3546875 0.00390625 0.01328125
4 0.06875 0.3328125 0.00859375 0.02578125
4 0.15390625 0.34140625 0.00625 0.021875
0 0.33671875 0.359375 0.00546875 0.02265625
4 0.21953125 0.35234375 0.0046875 0.02265625
4 0.240625 0.36171875 0.00625 0.025
4 0.0515625 0.37734375 0.00546875 0.03984375
4 0.94375 0.7015625 0.01484375 0.04921875