4 0.52421875 0.3953125 0.021875 0.0703125
0 0.16484375 0.42578125 0.0390625 0.1015625
0 0.7625 0.34375 0.0125 0.0359375
0 0.9328125 0.365625 0.0125 0.0359375
0 0.2171875 0.32890625 0.01875 0.0515625
0 0.0671875 0.29140625 0.0140625 0.040625
4 0.825 0.3703125 0.0171875 0.0453125
4 0.26328125 0.296875 0.0125 0.0359375
4 0.709375 0.36484375 0.0171875 0.0484375
0 0.23515625 0.36328125 0.025 0.065625
0 0.1578125 0.30546875 0.015625 0.04375
4 0.6078125 0.36875 0.0171875 0.0546875
1 0.1859375 0.38515625 0.046875 0.14375
0 0.6234375 0.33359375 0.0125 0.0375
4 0.3546875 0.31953125 0.0140625 0.0421875
0 0.4984375 0.334375 0.0125 0.0421875
1 0.4828125 0.421875 0.028125 0.1515625
1 0.4734375 0.46484375 0.05 0.1875
4 0.14765625 0.28046875 0.0109375 0.0328125
2 0.409375 0.290625 0.009375 0.028125
2 0.42890625 0.28046875 0.00625 0.021875
1 0.12421875 0.41484375 0.059375 0.171875
2 0.3765625 0.30859375 0.0109375 0.0359375
2 0.4421875 0.27265625 0.00625 0.0203125
2 0.5015625 0.32109375 0.009375 0.0375
2 0.46484375 0.275 0.00625 0.0203125
2 0.48671875 0.2765625 0.00625 0.01875
2 0.50390625 0.30078125 0.0078125 0.028125
2 0.50703125 0.2796875 0.0046875 0.01875
2 0.50625 0.2875 0.0046875 0.021875
4 0.53828125 0.7 0.071875 0.2125
3 0.51640625 0.2765625 0.0046875 0.0171875
3 0.55546875 0.27734375 0.0046875 0.0125
3 0.8984375 0.3234375 0.0046875 0.0203125
3 0.884375 0.3140625 0.0046875 0.0171875
3 0.83671875 0.309375 0.0046875 0.0171875
3 0.7828125 0.29765625 0.003125 0.0140625
3 0.7625 0.29921875 0.003125 0.0140625
3 0.6859375 0.28671875 0.003125 0.0171875
3 0.6140625 0.28046875 0.003125 0.0140625