0 0.153125 0.19140625 0.01875 0.04375
4 0.16953125 0.32890625 0.0421875 0.0984375
0 0.56484375 0.2953125 0.0140625 0.0328125
4 0.35859375 0.26171875 0.0203125 0.0453125
0 0.3078125 0.221875 0.015625 0.0375
0 0.4421875 0.25703125 0.0140625 0.034375
4 0.2828125 0.24921875 0.0234375 0.0515625
0 0.68828125 0.3375 0.0140625 0.0328125
4 0.79375 0.40546875 0.01875 0.0453125
4 0.57890625 0.3234375 0.01875 0.0421875
4 0.46015625 0.28671875 0.0171875 0.040625
4 0.690625 0.36171875 0.0171875 0.0421875
4 0.46640625 0.57734375 0.0734375 0.171875
4 0.1984375 0.2484375 0.028125 0.0625
4 0.14453125 0.275 0.0359375 0.08125
0 0.8171875 0.3890625 0.015625 0.0359375
0 0.965625 0.459375 0.009375 0.028125