0 0.52421875 0.29453125 0.0125 0.0421875
0 0.57890625 0.3421875 0.01875 0.0640625
0 0.1015625 0.278125 0.009375 0.025
0 0.1640625 0.29453125 0.0109375 0.034375
4 0.78359375 0.3078125 0.021875 0.05625
4 0.22734375 0.27109375 0.0078125 0.025
4 0.67265625 0.27578125 0.0125 0.0375
0 0.11796875 0.2890625 0.009375 0.03125
4 0.3921875 0.271875 0.0078125 0.028125
0 0.3859375 0.2921875 0.0125 0.0390625
4 0.2859375 0.27421875 0.009375 0.028125
0 0.2546875 0.2953125 0.0109375 0.0390625
4 0.5453125 0.271875 0.009375 0.03125
4 0.4109375 0.2421875 0.0046875 0.0171875
4 0.11640625 0.259375 0.0046875 0.015625
4 0.28828125 0.2484375 0.0046875 0.015625
4 0.23671875 0.25234375 0.0046875 0.0171875
4 0.95859375 0.23203125 0.009375 0.0265625
0 0.56328125 0.48203125 0.0375 0.125
4 0.35078125 0.2453125 0.0046875 0.0171875
4 0.85625 0.2296875 0.0078125 0.021875
4 0.18515625 0.25703125 0.00625 0.0171875
4 0.62734375 0.2328125 0.0046875 0.01875
4 0.46171875 0.23984375 0.0046875 0.0171875
0 0.0796875 0.25703125 0.0046875 0.015625
4 0.10625 0.2671875 0.00625 0.0203125
4 0.19921875 0.265625 0.0078125 0.0234375
0 0.13828125 0.2546875 0.0046875 0.015625
0 0.3859375 0.2390625 0.0046875 0.0140625
4 0.7578125 0.23046875 0.0046875 0.0203125
0 0.26484375 0.24453125 0.0046875 0.0140625
0 0.50859375 0.2328125 0.0046875 0.015625
4 0.57109375 0.234375 0.0046875 0.0171875
0 0.31875 0.24140625 0.0046875 0.0140625
0 0.79765625 0.23046875 0.00625 0.0171875
0 0.203125 0.25 0.0046875 0.0140625
4 0.5140625 0.23515625 0.0046875 0.01875
4 0.6953125 0.23125 0.00625 0.01875
0 0.71640625 0.23046875 0.0046875 0.015625
0 0.89453125 0.22890625 0.00625 0.0203125
0 0.64609375 0.23046875 0.0046875 0.0140625
0 0.44375 0.23515625 0.0046875 0.015625