0 0.13671875 0.521875 0.025 0.03125
0 0.37734375 0.553125 0.025 0.0359375
0 0.4625 0.50859375 0.0109375 0.0125
0 0.54375 0.51953125 0.0109375 0.0171875
0 0.575 0.54765625 0.0171875 0.0265625
0 0.621875 0.51875 0.009375 0.0125
0 0.82890625 0.5328125 0.0078125 0.0125
0 0.80859375 0.559375 0.0125 0.0234375
0 0.7765625 0.5890625 0.0328125 0.040625
0 0.87890625 0.54296875 0.0125 0.015625
0 0.9359375 0.56875 0.0203125 0.025
0 0.88828125 0.6671875 0.0515625 0.0734375
4 0.41015625 0.5203125 0.0140625 0.021875
4 0.6671875 0.5375 0.0140625 0.021875
4 0.66953125 0.52734375 0.0109375 0.015625
4 0.71171875 0.525 0.009375 0.0125
4 0.753125 0.525 0.0078125 0.0125
4 0.9203125 0.53984375 0.0109375 0.0125
2 0.65390625 0.61796875 0.0375 0.059375
2 0.421875 0.8484375 0.1046875 0.1609375
2 0.821875 0.5375 0.0078125 0.0140625
2 0.82578125 0.55 0.0125 0.01875
2 0.79921875 0.5625 0.0203125 0.0265625
2 0.85859375 0.54765625 0.0140625 0.0171875
2 0.8890625 0.5359375 0.009375 0.0125