0 0.8921875 0.30546875 0.0171875 0.0546875
0 0.80078125 0.3546875 0.0234375 0.075
0 0.63203125 0.4515625 0.034375 0.115625
0 0.71171875 0.18359375 0.0046875 0.0171875
4 0.57578125 0.1796875 0.003125 0.0109375
0 0.81484375 0.17578125 0.003125 0.015625
0 0.7734375 0.18046875 0.0046875 0.0171875
4 0.67421875 0.17734375 0.003125 0.0140625
4 0.79453125 0.1671875 0.003125 0.0109375
4 0.80234375 0.1703125 0.0046875 0.0125
4 0.6828125 0.17265625 0.0015625 0.009375
0 0.9046875 0.171875 0.003125 0.0125
4 0.72421875 0.17578125 0.003125 0.0140625
0 0.50703125 0.18359375 0.003125 0.009375
0 0.54921875 0.17890625 0.0015625 0.0078125
0 0.6390625 0.18515625 0.0046875 0.015625
0 0.51953125 0.18203125 0.003125 0.0109375
4 0.58828125 0.17890625 0.0015625 0.0125
4 0.63828125 0.175 0.003125 0.0078125
4 0.9203125 0.17109375 0.003125 0.0078125
0 0.52578125 0.18203125 0.0015625 0.0109375
4 0.8671875 0.16796875 0.003125 0.00625
0 0.51015625 0.1828125 0.0015625 0.0109375
4 0.7640625 0.17265625 0.003125 0.0140625
4 0.625 0.17578125 0.003125 0.0140625
4 0.83359375 0.16796875 0.003125 0.009375
4 0.85625 0.1703125 0.003125 0.0109375
0 0.94609375 0.1734375 0.0046875 0.0109375
4 0.6046875 0.17734375 0.0015625 0.009375
0 0.859375 0.17421875 0.003125 0.0109375
0 0.54609375 0.18203125 0.003125 0.0140625
0 0.66640625 0.16953125 0.0015625 0.009375
4 0.7265625 0.16953125 0.0015625 0.0109375
0 0.58671875 0.184375 0.0046875 0.015625
0 0.7453125 0.16640625 0.003125 0.0078125
4 0.0609375 0.215625 0.003125 0.009375
0 0.57890625 0.17421875 0.0015625 0.009375
0 0.690625 0.16796875 0.0015625 0.009375
4 0.56015625 0.18046875 0.0015625 0.0109375
4 0.56171875 0.18125 0.0015625 0.0109375
0 0.62109375 0.17109375 0.0015625 0.009375
0 0.71484375 0.1671875 0.003125 0.009375
0 0.1203125 0.7625 0.0390625 0.1453125