0 0.94140625 0.38984375 0.009375 0.03671875
0 0.35 0.33515625 0.015625 0.0578125
0 0.7796875 0.35703125 0.00859375 0.0359375
0 0.63828125 0.33671875 0.00859375 0.03828125
4 0.61875 0.37109375 0.01328125 0.05546875
4 0.459375 0.4515625 0.02265625 0.10078125
4 0.72265625 0.3734375 0.0125 0.04921875
4 0.52734375 0.38828125 0.01640625 0.0703125
4 0.840625 0.3890625 0.0109375 0.0453125
0 0.1640625 0.384375 0.0296875 0.0921875
0 0.50078125 0.328125 0.0109375 0.0453125
4 0.4828125 0.68671875 0.05234375 0.20546875
3 0.62109375 0.29609375 0.003125 0.01875
3 0.40703125 0.27109375 0.0046875 0.025
3 0.5015625 0.2921875 0.00390625 0.025
3 0.46875 0.2703125 0.00390625 0.01953125
3 0.55390625 0.28984375 0.00390625 0.021875
3 0.6453125 0.2921875 0.003125 0.01640625
3 0.7015625 0.30625 0.003125 0.0171875
3 0.7859375 0.3171875 0.003125 0.01640625
3 0.8 0.3234375 0.003125 0.01875
3 0.89921875 0.34375 0.00390625 0.01953125
3 0.903125 0.340625 0.003125 0.01640625
3 0.66171875 0.2921875 0.003125 0.0140625
3 0.58046875 0.284375 0.003125 0.01640625
3 0.51796875 0.26875 0.003125 0.01640625