4 0.51875 0.396875 0.0265625 0.071875
0 0.2859375 0.29609375 0.021875 0.05625
4 0.478125 0.45 0.0390625 0.1
0 0.53828125 0.32734375 0.0140625 0.0375
4 0.575 0.38046875 0.0203125 0.0546875
0 0.65859375 0.359375 0.0109375 0.03125
0 0.09453125 0.32109375 0.04375 0.0953125
4 0.89921875 0.428125 0.0109375 0.0265625
4 0.83671875 0.44140625 0.015625 0.040625
4 0.87890625 0.4140625 0.009375 0.021875
0 0.7578125 0.3890625 0.0125 0.03125
4 0.71796875 0.40546875 0.015625 0.040625
0 0.42109375 0.30546875 0.0171875 0.0453125
4 0.64921875 0.3875 0.015625 0.0453125
0 0.72734375 0.38203125 0.0109375 0.03125
4 0.50078125 0.615625 0.071875 0.1703125
0 0.78125 0.3921875 0.0109375 0.028125
4 0.8515625 0.38125 0.00625 0.0125
4 0.896875 0.39921875 0.00625 0.0140625
4 0.8578125 0.4 0.0078125 0.021875
0 0.9171875 0.40390625 0.00625 0.0140625
4 0.90703125 0.446875 0.0109375 0.03125
0 0.74375 0.3546875 0.0078125 0.01875
0 0.8125 0.3625 0.0046875 0.0125
0 0.86484375 0.3828125 0.0046875 0.0125
4 0.83125 0.38828125 0.0078125 0.01875
0 0.75859375 0.3625 0.0078125 0.0203125
4 0.7515625 0.34609375 0.0046875 0.0140625
4 0.89453125 0.4546875 0.0140625 0.0359375
4 0.821875 0.36875 0.0046875 0.0140625
4 0.81171875 0.37890625 0.0078125 0.0171875
0 0.7734375 0.37109375 0.0078125 0.0203125
4 0.9546875 0.421875 0.0046875 0.0140625
0 0.72890625 0.3328125 0.0046875 0.0125
0 0.7265625 0.3453125 0.0078125 0.0171875
4 0.76640625 0.35 0.0046875 0.0140625
0 0.78359375 0.3796875 0.009375 0.0234375
0 0.78984375 0.3890625 0.009375 0.0265625
4 0.78984375 0.3671875 0.00625 0.0171875
4 0.790625 0.35703125 0.0046875 0.0109375
0 0.70078125 0.33203125 0.00625 0.0140625
0 0.68984375 0.3234375 0.00625 0.0140625
0 0.7921875 0.3859375 0.00625 0.025
4 0.75390625 0.3453125 0.0046875 0.0140625
4 0.759375 0.35234375 0.0046875 0.0140625
4 0.9078125 0.4375 0.009375 0.0265625
0 0.7015625 0.32578125 0.0046875 0.0140625