0 0.1140625 0.36328125 0.021875 0.08125
4 0.503125 0.38359375 0.015625 0.06484375
0 0.2828125 0.3203125 0.01484375 0.0546875
4 0.8328125 0.38515625 0.009375 0.03828125
4 0.66328125 0.3625 0.01171875 0.04453125
0 0.4140625 0.3125 0.009375 0.03984375
4 0.72421875 0.3671875 0.009375 0.03828125
4 0.46953125 0.4328125 0.0203125 0.08984375
0 0.7640625 0.35078125 0.00625 0.028125
4 0.559375 0.3625 0.0125 0.05078125
0 0.5359375 0.31875 0.0078125 0.0328125
4 0.5078125 0.5703125 0.0359375 0.14765625
0 0.64609375 0.33125 0.0078125 0.03046875
0 0.9328125 0.35546875 0.0046875 0.0171875
0 0.8875 0.37734375 0.0078125 0.03046875
0 0.9390625 0.35234375 0.0046875 0.01640625