4 0.43046875 0.5109375 0.0515625 0.1078125
4 0.33671875 0.3953125 0.0328125 0.0671875
4 0.2578125 0.33359375 0.021875 0.0484375
4 0.18671875 0.29453125 0.0171875 0.0375
0 0.2125 0.2515625 0.0078125 0.0171875
4 0.19609375 0.26015625 0.009375 0.0234375
4 0.10703125 0.23203125 0.0078125 0.0171875
4 0.13671875 0.26796875 0.015625 0.034375
4 0.68046875 0.81015625 0.053125 0.1265625
0 0.0984375 0.2421875 0.0078125 0.021875
4 0.1359375 0.25703125 0.0109375 0.028125
0 0.16796875 0.24765625 0.009375 0.0203125
4 0.17578125 0.240625 0.00625 0.0171875
0 0.196875 0.24609375 0.00625 0.0171875
0 0.071875 0.3765625 0.0296875 0.0859375
4 0.24453125 0.2671875 0.009375 0.021875
4 0.27265625 0.26328125 0.00625 0.0171875
4 0.28671875 0.2734375 0.0078125 0.01875
4 0.28984375 0.27109375 0.0078125 0.0171875
4 0.23125 0.25 0.0078125 0.015625
0 0.15234375 0.2390625 0.009375 0.0234375