0 0.553125 0.43203125 0.0390625 0.0953125
0 0.53046875 0.346875 0.0265625 0.0609375
4 0.90625 0.43984375 0.0375 0.0828125
0 0.4734375 0.60703125 0.0796875 0.1828125
4 0.74375 0.3484375 0.021875 0.0484375
4 0.5625 0.28671875 0.0125 0.0296875
0 0.95078125 0.32109375 0.0078125 0.01875
0 0.484375 0.30546875 0.0171875 0.040625
0 0.47890625 0.26328125 0.009375 0.0234375
4 0.8203125 0.30859375 0.009375 0.01875
4 0.634375 0.30859375 0.015625 0.0375
4 0.74453125 0.2921875 0.0078125 0.01875
0 0.709375 0.27890625 0.0078125 0.0171875
0 0.43515625 0.28359375 0.0125 0.03125
4 0.66953125 0.2796875 0.009375 0.0203125
4 0.90390625 0.32421875 0.009375 0.0203125
0 0.52109375 0.26015625 0.009375 0.0203125
0 0.57421875 0.259375 0.0078125 0.01875
0 0.63984375 0.2671875 0.0078125 0.0171875
4 0.61796875 0.271875 0.009375 0.021875
4 0.57421875 0.275 0.0109375 0.025
0 0.43671875 0.26875 0.0109375 0.025
0 0.865625 0.3078125 0.0078125 0.0171875
0 0.7828125 0.29375 0.00625 0.0171875