0 0.36640625 0.26796875 0.009375 0.0296875
4 0.159375 0.35078125 0.0171875 0.0671875
4 0.1546875 0.41484375 0.0296875 0.0953125
0 0.9171875 0.3109375 0.0109375 0.03125
0 0.2578125 0.271875 0.009375 0.0328125
4 0.34375 0.28828125 0.0109375 0.0375
4 0.20625 0.31796875 0.015625 0.053125
4 0.41796875 0.28515625 0.0109375 0.0359375
0 0.57265625 0.27421875 0.0078125 0.025
4 0.2734375 0.5140625 0.0484375 0.1453125
4 0.5796875 0.2875 0.009375 0.03125
4 0.51796875 0.28515625 0.009375 0.0328125
0 0.8609375 0.3046875 0.009375 0.03125
0 0.140625 0.28203125 0.0125 0.0390625
4 0.6765625 0.29765625 0.009375 0.03125
4 0.78671875 0.3109375 0.0109375 0.0359375
0 0.68046875 0.284375 0.00625 0.028125
4 0.88359375 0.32265625 0.0125 0.0375
4 0.27421875 0.2984375 0.0125 0.0421875
0 0.790625 0.29609375 0.0078125 0.028125
0 0.471875 0.26875 0.0078125 0.0265625
4 0.7 0.7453125 0.04375 0.1796875