0 0.146875 0.40546875 0.009375 0.021875
0 0.07734375 0.4203125 0.0125 0.025
0 0.0875 0.39296875 0.0078125 0.01875
0 0.19375 0.39609375 0.0078125 0.0203125
0 0.1546875 0.3859375 0.00625 0.01875
0 0.21171875 0.38671875 0.00625 0.01875
0 0.77734375 0.39140625 0.015625 0.0203125
0 0.665625 0.3859375 0.0125 0.0140625
0 0.58828125 0.378125 0.0109375 0.0140625
0 0.5296875 0.37109375 0.0109375 0.0109375
0 0.4921875 0.365625 0.0078125 0.009375
4 0.375 0.5140625 0.0390625 0.075
4 0.17578125 0.4578125 0.01875 0.040625
4 0.16171875 0.43984375 0.015625 0.034375
4 0.175 0.42421875 0.0140625 0.0296875
4 0.13046875 0.38125 0.0078125 0.01875
4 0.24765625 0.40703125 0.0109375 0.021875
4 0.2046875 0.3765625 0.0078125 0.0171875
4 0.26015625 0.37734375 0.0078125 0.015625
4 0.33125 0.3796875 0.0078125 0.01875
4 0.30625 0.39296875 0.0078125 0.0203125
4 0.30234375 0.378125 0.0078125 0.0171875
1 0.26015625 0.465625 0.0359375 0.0828125
1 0.22734375 0.4625 0.034375 0.08125