0 0.92890625 0.20703125 0.00625 0.0234375
0 0.71171875 0.45625 0.034375 0.1203125
0 0.83671875 0.29921875 0.015625 0.05625
0 0.865625 0.26640625 0.0109375 0.0453125
0 0.884375 0.24140625 0.009375 0.0359375
1 0.7953125 0.32734375 0.01875 0.121875
0 0.93984375 0.19921875 0.0046875 0.0203125
0 0.5421875 0.64609375 0.059375 0.20625
0 0.909375 0.21328125 0.00625 0.0265625
0 0.94609375 0.1890625 0.0046875 0.0171875
1 0.76875 0.35390625 0.0328125 0.14375
0 0.89609375 0.228125 0.0078125 0.03125
0 0.7859375 0.36640625 0.01875 0.0828125