0 0.1875 0.3078125 0.015625 0.05625
4 0.34921875 0.34140625 0.0171875 0.0609375
0 0.6984375 0.31953125 0.0078125 0.0296875
0 0.56796875 0.30078125 0.0078125 0.03125
4 0.6140625 0.32265625 0.009375 0.0375
0 0.43828125 0.290625 0.0078125 0.0359375
4 0.425 0.321875 0.0140625 0.0515625
4 0.721875 0.3359375 0.009375 0.0359375
0 0.31328125 0.2921875 0.0109375 0.0421875
4 0.309375 0.4 0.025 0.0890625
2 0.08984375 0.22265625 0.0078125 0.0234375
2 0.1171875 0.225 0.00625 0.0203125
2 0.12734375 0.23671875 0.0078125 0.0265625
2 0.14296875 0.25546875 0.009375 0.0359375
4 0.5140625 0.315625 0.009375 0.0421875
1 0.42890625 0.55234375 0.0703125 0.2796875
2 0.16796875 0.28671875 0.0125 0.046875
1 0.34296875 0.47109375 0.0484375 0.2203125
2 0.0578125 0.2203125 0.00625 0.0234375
4 0.37578125 0.54765625 0.0453125 0.1546875
4 0.8359375 0.35703125 0.009375 0.0375
0 0.83671875 0.3421875 0.009375 0.03125