0 0.371875 0.4859375 0.0296875 0.059375
0 0.4140625 0.421875 0.0171875 0.03125
4 0.67578125 0.43671875 0.0375 0.0671875
4 0.58359375 0.396875 0.0171875 0.0328125
2 0.42890625 0.39765625 0.0125 0.021875
2 0.43671875 0.38671875 0.0078125 0.0171875
2 0.44296875 0.378125 0.0078125 0.0140625
2 0.446875 0.37265625 0.0078125 0.0125
2 0.45078125 0.3671875 0.0046875 0.0109375
2 0.45234375 0.3640625 0.0046875 0.009375
2 0.45390625 0.3609375 0.003125 0.0078125
2 0.45546875 0.3578125 0.003125 0.00625
2 0.54765625 0.38046875 0.0125 0.021875
2 0.53046875 0.37265625 0.009375 0.01875
2 0.52109375 0.36796875 0.0078125 0.015625
2 0.51328125 0.36328125 0.0078125 0.0125
2 0.50859375 0.36015625 0.0046875 0.0109375
2 0.50390625 0.3578125 0.0046875 0.009375
2 0.5 0.35546875 0.0046875 0.009375
2 0.49296875 0.35078125 0.003125 0.00625
2 0.49609375 0.35390625 0.0046875 0.0078125
1 0.4140625 0.41015625 0.021875 0.05
1 0.45703125 0.35234375 0.003125 0.009375
1 0.46640625 0.3515625 0.0046875 0.009375
1 0.47421875 0.35 0.003125 0.009375
1 0.48125 0.34921875 0.003125 0.009375
1 0.48984375 0.3484375 0.003125 0.0078125
1 0.58046875 0.38515625 0.01875 0.046875
1 0.57578125 0.38515625 0.021875 0.046875