0 0.20859375 0.28203125 0.0203125 0.0453125
0 0.32109375 0.296875 0.021875 0.0484375
0 0.4875 0.3671875 0.0328125 0.075
0 0.51171875 0.459375 0.05 0.1140625
4 0.54765625 0.30859375 0.0203125 0.046875
4 0.6859375 0.35859375 0.0296875 0.0625
0 0.4140625 0.32109375 0.025 0.0578125
4 0.27734375 0.26640625 0.0171875 0.0375
4 0.85390625 0.4765625 0.0515625 0.109375
4 0.41640625 0.28125 0.0171875 0.0375
0 0.38515625 0.67421875 0.10625 0.228125
4 0.11953125 0.25859375 0.0171875 0.0359375
2 0.12578125 0.2375 0.0109375 0.0265625
3 0.1125 0.2265625 0.009375 0.0203125
3 0.12578125 0.22109375 0.0078125 0.0171875
3 0.13515625 0.2140625 0.00625 0.0140625
3 0.1921875 0.23203125 0.0078125 0.0203125
3 0.19765625 0.22265625 0.00625 0.0171875