0 0.78203125 0.27890625 0.009375 0.025
0 0.0390625 0.396875 0.021875 0.053125
0 0.20078125 0.33515625 0.0125 0.03125
0 0.11171875 0.35390625 0.0140625 0.0359375
4 0.2921875 0.41484375 0.0265625 0.06875
0 0.8890625 0.27890625 0.0078125 0.025
4 0.7359375 0.26015625 0.0046875 0.0140625
0 0.30078125 0.3046875 0.009375 0.0234375
0 0.89296875 0.25 0.0046875 0.0140625
4 0.259375 0.3703125 0.01875 0.0484375
4 0.64609375 0.2828125 0.009375 0.021875
4 0.340625 0.328125 0.0109375 0.03125
4 0.409375 0.55546875 0.0546875 0.1328125
0 0.37734375 0.290625 0.0078125 0.0171875
0 0.68671875 0.27265625 0.00625 0.0171875
4 0.88671875 0.28984375 0.0140625 0.034375
0 0.33828125 0.2984375 0.0078125 0.01875
4 0.55078125 0.26171875 0.0046875 0.0125
4 0.65 0.265625 0.0046875 0.015625
4 0.61640625 0.27734375 0.0078125 0.01875
4 0.2828125 0.3484375 0.015625 0.0375
0 0.79296875 0.26171875 0.0078125 0.0171875
0 0.8140625 0.25390625 0.00625 0.0140625
4 0.4375 0.28828125 0.00625 0.0171875
4 0.56640625 0.25859375 0.0046875 0.0109375
4 0.47890625 0.28046875 0.00625 0.0171875
4 0.696875 0.26328125 0.0046875 0.0140625
0 0.76640625 0.26328125 0.0046875 0.0140625
4 0.37890625 0.31328125 0.0109375 0.0265625
4 0.53125 0.265625 0.0046875 0.0125
0 0.70390625 0.2765625 0.0078125 0.0171875
4 0.49453125 0.275 0.0046875 0.0140625
4 0.60546875 0.25234375 0.0046875 0.0109375
4 0.86875 0.24609375 0.0046875 0.0125
4 0.7296875 0.28828125 0.0109375 0.028125
4 0.58125 0.25546875 0.0046875 0.0125
4 0.8046875 0.2484375 0.0046875 0.0125
0 0.44296875 0.2734375 0.0046875 0.0140625
4 0.7546875 0.2546875 0.0046875 0.0125
4 0.74140625 0.23984375 0.003125 0.009375
4 0.6203125 0.27265625 0.00625 0.0171875
4 0.3859375 0.303125 0.009375 0.0234375
4 0.8984375 0.23671875 0.003125 0.0109375
4 0.50703125 0.2703125 0.00625 0.0140625
0 0.8078125 0.2578125 0.0046875 0.0140625
4 0.40390625 0.2921875 0.0078125 0.0203125
0 0.421875 0.2796875 0.00625 0.0140625
0 0.265625 0.3171875 0.009375 0.025
0 0.83203125 0.2515625 0.0046875 0.0125
4 0.76953125 0.23984375 0.003125 0.009375
0 0.59453125 0.25078125 0.0046875 0.0109375
0 0.51640625 0.26015625 0.0046875 0.0125
0 0.90390625 0.2359375 0.0046875 0.0109375
0 0.70234375 0.265625 0.0046875 0.0140625
0 0.82734375 0.2359375 0.0046875 0.0109375
0 0.46640625 0.26875 0.0046875 0.0140625
4 0.83828125 0.2375 0.0046875 0.0109375
0 0.53828125 0.25625 0.003125 0.0109375
4 0.7421875 0.25703125 0.0046875 0.0125
0 0.7890625 0.23671875 0.0046875 0.0109375
4 0.70625 0.24140625 0.003125 0.0109375
4 0.63046875 0.24921875 0.003125 0.0109375
0 0.56171875 0.253125 0.003125 0.0109375
0 0.75 0.2375 0.003125 0.0078125
0 0.4921875 0.265625 0.003125 0.0109375
0 0.6515625 0.24609375 0.003125 0.009375
4 0.86640625 0.2375 0.003125 0.0078125
4 0.80546875 0.2390625 0.0046875 0.0109375
4 0.65625 0.24609375 0.003125 0.0109375
0 0.71796875 0.23984375 0.003125 0.009375
0 0.62109375 0.2484375 0.003125 0.0109375
4 0.675 0.24375 0.0046875 0.0109375
0 0.6875 0.2421875 0.003125 0.009375
0 0.72890625 0.27890625 0.00625 0.021875
0 0.86796875 0.2359375 0.003125 0.009375