0 0.146875 0.2921875 0.0375 0.084375
4 0.525 0.38671875 0.028125 0.0671875
0 0.32109375 0.28203125 0.025 0.05625
4 0.8484375 0.45078125 0.0171875 0.0390625
4 0.68671875 0.39609375 0.0203125 0.0453125
0 0.4515625 0.29921875 0.0171875 0.040625
4 0.7453125 0.4125 0.0171875 0.0390625
4 0.4828125 0.428125 0.0375 0.0921875
0 0.7875 0.40390625 0.0109375 0.028125
4 0.584375 0.3765625 0.021875 0.0515625
0 0.56953125 0.32890625 0.0140625 0.034375
4 0.49453125 0.5703125 0.0640625 0.1515625
0 0.67578125 0.3625 0.0140625 0.03125
0 0.95234375 0.440625 0.0078125 0.0171875
0 0.90390625 0.45390625 0.0140625 0.03125
0 0.959375 0.4390625 0.0078125 0.0171875