0 0.67890625 0.259375 0.0203125 0.05625
0 0.3078125 0.30390625 0.0140625 0.034375
0 0.50703125 0.2609375 0.0140625 0.0375
4 0.3171875 0.2875 0.0109375 0.0296875
4 0.690625 0.21875 0.015625 0.0390625
0 0.59765625 0.253125 0.0171875 0.0453125
4 0.18125 0.33046875 0.0125 0.03125
4 0.56484375 0.2328125 0.0140625 0.034375
4 0.446875 0.25546875 0.0125 0.03125
0 0.10390625 0.3734375 0.015625 0.0375
4 0.81640625 0.215625 0.0203125 0.05
2 0.84765625 0.1421875 0.0078125 0.021875
0 0.196875 0.33828125 0.015625 0.0359375
2 0.8234375 0.19765625 0.0171875 0.04375
1 0.753125 0.3265625 0.0484375 0.1671875
4 0.06328125 0.37265625 0.015625 0.0359375
0 0.59296875 0.56328125 0.078125 0.1890625
0 0.41328125 0.27734375 0.0140625 0.0359375
2 0.8765625 0.1359375 0.009375 0.0234375
1 0.72578125 0.37734375 0.075 0.2078125
2 0.83515625 0.1703125 0.0125 0.0328125
0 0.75078125 0.37890625 0.0375 0.1171875
2 0.84296875 0.15390625 0.0109375 0.0265625
3 0.8671875 0.1328125 0.0046875 0.0171875