0 0.28359375 0.6171875 0.040625 0.14140625
0 0.3921875 0.48828125 0.01953125 0.07578125
0 0.9 0.42734375 0.009375 0.0359375
4 0.690625 0.496875 0.01640625 0.06953125
4 0.65546875 0.44375 0.01171875 0.04921875
4 0.91640625 0.45703125 0.0125 0.04921875
4 0.72734375 0.41796875 0.00859375 0.03359375
0 0.434375 0.39453125 0.00703125 0.03046875
4 0.79375 0.4359375 0.01015625 0.0390625
0 0.878125 0.41171875 0.00703125 0.02734375
4 0.69375 0.4046875 0.00625 0.028125
2 0.0671875 0.35078125 0.00625 0.025
4 0.6390625 0.38203125 0.00390625 0.01875
4 0.903125 0.40625 0.003125 0.021875
0 0.8171875 0.41171875 0.00703125 0.028125
0 0.534375 0.37265625 0.00390625 0.01953125
0 0.44453125 0.415625 0.009375 0.03984375
4 0.5640625 0.384375 0.00546875 0.02265625
4 0.59140625 0.4203125 0.009375 0.03515625
4 0.54921875 0.39140625 0.00625 0.02578125
2 0.11875 0.34921875 0.00546875 0.02265625
4 0.775 0.396875 0.00546875 0.021875
0 0.703125 0.3796875 0.00390625 0.01484375
4 0.5984375 0.38125 0.00390625 0.01953125
4 0.73984375 0.3875 0.0046875 0.01875
4 0.7515625 0.58828125 0.02734375 0.1109375
0 0.5890625 0.37265625 0.00390625 0.01640625
4 0.71640625 0.39765625 0.00625 0.02421875
0 0.44375 0.38203125 0.00546875 0.025
4 0.67734375 0.38203125 0.0046875 0.01640625
4 0.8625 0.4046875 0.00546875 0.02421875
4 0.55703125 0.40234375 0.00703125 0.03046875
2 0.24296875 0.34765625 0.0046875 0.0171875
2 0.27421875 0.346875 0.0046875 0.0171875
2 0.19453125 0.34921875 0.0046875 0.0203125
2 0.3140625 0.346875 0.00390625 0.01484375
0 0.50234375 0.45 0.0125 0.05234375
0 0.48125 0.37578125 0.00546875 0.0203125
0 0.94453125 0.4109375 0.00390625 0.0171875