4 0.61953125 0.78125 0.0359375 0.1140625
4 0.3015625 0.5671875 0.0578125 0.15625
4 0.16640625 0.415625 0.028125 0.084375
4 0.11328125 0.3515625 0.0203125 0.059375
4 0.0859375 0.3125 0.0171875 0.0484375
4 0.071875 0.28671875 0.0140625 0.0390625
4 0.0625 0.2671875 0.0109375 0.03125
4 0.05625 0.25703125 0.0078125 0.025
4 0.05625 0.24765625 0.0078125 0.0234375
4 0.07265625 0.2390625 0.00625 0.01875
4 0.1234375 0.23671875 0.00625 0.0171875
4 0.19375 0.24140625 0.0046875 0.015625
4 0.265625 0.25078125 0.0046875 0.015625
4 0.33515625 0.26015625 0.0046875 0.015625
4 0.4015625 0.27109375 0.0046875 0.015625
4 0.47421875 0.28203125 0.0046875 0.0171875
4 0.54453125 0.29375 0.0046875 0.0171875
4 0.6109375 0.30703125 0.00625 0.0203125
4 0.6578125 0.31953125 0.00625 0.021875
4 0.68125 0.3328125 0.009375 0.025
4 0.73515625 0.35390625 0.0109375 0.03125
4 0.8640625 0.39140625 0.015625 0.04375
1 0.35546875 0.5625 0.0875 0.2765625
1 0.26484375 0.48984375 0.0625 0.2125
0 0.059375 0.2265625 0.00625 0.0171875
0 0.13359375 0.23203125 0.0046875 0.015625
0 0.20078125 0.23984375 0.0046875 0.0140625
0 0.24609375 0.24375 0.0046875 0.0140625
0 0.2921875 0.24921875 0.0046875 0.0140625
0 0.340625 0.25625 0.0046875 0.0140625
0 0.4421875 0.27265625 0.0046875 0.0140625
0 0.49453125 0.28046875 0.0046875 0.015625
0 0.5484375 0.28984375 0.0046875 0.0171875
0 0.60078125 0.2984375 0.0046875 0.0171875
0 0.66796875 0.3125 0.00625 0.01875
0 0.72890625 0.32734375 0.00625 0.0203125
0 0.77890625 0.34453125 0.0078125 0.0234375
0 0.803125 0.35234375 0.009375 0.028125
0 0.87890625 0.37265625 0.0109375 0.0328125
0 0.8796875 0.3015625 0.0046875 0.0140625