0 0.42265625 0.38359375 0.03125 0.075
0 0.32734375 0.36796875 0.0234375 0.0546875
0 0.72109375 0.2109375 0.0171875 0.0390625
0 0.48359375 0.4640625 0.046875 0.121875
0 0.6296875 0.25625 0.01875 0.046875
1 0.340625 0.3140625 0.0234375 0.0625
0 0.734375 0.18671875 0.0109375 0.0296875
0 0.64140625 0.19140625 0.0078125 0.021875
0 0.2421875 0.37890625 0.01875 0.046875
4 0.42578125 0.303125 0.0171875 0.0421875
0 0.134375 0.4078125 0.01875 0.04375
2 0.84609375 0.246875 0.0296875 0.0703125
4 0.61328125 0.29921875 0.025 0.065625
4 0.53359375 0.26484375 0.015625 0.040625
0 0.69921875 0.18359375 0.009375 0.025
1 0.3046875 0.3234375 0.021875 0.0609375
4 0.8203125 0.35 0.0453125 0.1140625
0 0.128125 0.3765625 0.0125 0.03125
4 0.5859375 0.2109375 0.009375 0.025
2 0.084375 0.3875 0.0125 0.03125
1 0.21953125 0.3703125 0.0296875 0.0734375
4 0.61953125 0.209375 0.0109375 0.0265625
4 0.32265625 0.33125 0.0140625 0.0375
4 0.2390625 0.32890625 0.0109375 0.028125
4 0.271875 0.3109375 0.009375 0.021875
1 0.26015625 0.3609375 0.0296875 0.078125
4 0.60703125 0.23359375 0.0140625 0.034375
0 0.159375 0.35390625 0.009375 0.025
4 0.540625 0.2203125 0.009375 0.0234375
4 0.3203125 0.28984375 0.009375 0.021875
4 0.228125 0.3421875 0.0140625 0.0328125
2 0.79609375 0.2171875 0.0203125 0.0515625
4 0.63125 0.2140625 0.0109375 0.03125
0 0.50546875 0.22421875 0.0078125 0.0171875
0 0.575 0.2046875 0.0078125 0.0203125
0 0.21484375 0.3265625 0.0078125 0.0203125
0 0.36015625 0.26953125 0.0078125 0.01875
4 0.4875 0.23359375 0.009375 0.021875
0 0.38828125 0.78125 0.059375 0.178125
4 0.2515625 0.34375 0.0109375 0.034375
0 0.28515625 0.29765625 0.0078125 0.0203125
4 0.37578125 0.26875 0.0078125 0.0203125
3 0.890625 0.1203125 0.009375 0.0203125
3 0.70546875 0.16640625 0.00625 0.0171875
4 0.4328125 0.25 0.0078125 0.0203125
0 0.434375 0.24453125 0.00625 0.01875
4 0.03359375 0.428125 0.0078125 0.0265625
3 0.79140625 0.14140625 0.009375 0.021875
3 0.69765625 0.16328125 0.00625 0.0171875