4 0.55546875 0.4078125 0.03125 0.0703125
0 0.20390625 0.32578125 0.0515625 0.1046875
0 0.79765625 0.4328125 0.0171875 0.0359375
0 0.953125 0.50625 0.0171875 0.0375
0 0.28359375 0.24921875 0.025 0.0515625
0 0.15234375 0.16796875 0.01875 0.040625
4 0.84921875 0.47734375 0.0234375 0.0453125
4 0.3375 0.234375 0.0171875 0.0375
4 0.740625 0.4359375 0.0234375 0.05
0 0.290625 0.28828125 0.0328125 0.0671875
0 0.234375 0.209375 0.0203125 0.04375
4 0.64296875 0.40859375 0.0234375 0.0546875
1 0.23671875 0.29296875 0.065625 0.1453125
0 0.66875 0.38046875 0.0171875 0.0375
4 0.41796875 0.28359375 0.01875 0.04375
0 0.54921875 0.3421875 0.01875 0.0421875
1 0.5078125 0.4203125 0.0484375 0.15
1 0.4859375 0.4578125 0.075 0.1890625
4 0.2328125 0.1828125 0.015625 0.034375
2 0.47890625 0.27265625 0.0125 0.028125
2 0.5 0.26953125 0.009375 0.021875
1 0.16875 0.30234375 0.0828125 0.175
2 0.4421875 0.2796875 0.0171875 0.0375
2 0.515625 0.26640625 0.009375 0.0203125
2 0.55703125 0.33046875 0.0140625 0.0375
2 0.5359375 0.275 0.0078125 0.0203125
2 0.55625 0.28359375 0.009375 0.01875
2 0.56484375 0.31171875 0.0109375 0.028125
2 0.575 0.29296875 0.00625 0.01875
2 0.571875 0.3 0.0078125 0.021875
4 0.475 0.7015625 0.1 0.2140625
3 0.584375 0.29296875 0.00625 0.0171875
3 0.621875 0.30546875 0.00625 0.0125
3 0.93359375 0.4546875 0.0078125 0.0203125
3 0.9234375 0.4421875 0.00625 0.0171875
3 0.8796875 0.4234375 0.00625 0.0171875
3 0.83125 0.3953125 0.0046875 0.0140625
3 0.81171875 0.38984375 0.0046875 0.0140625
3 0.74296875 0.3546875 0.00625 0.0171875
3 0.6765625 0.3265625 0.0046875 0.0140625