0 0.17734375 0.32421875 0.0171875 0.0578125
4 0.34140625 0.35 0.0203125 0.0625
0 0.6890625 0.309375 0.009375 0.0296875
0 0.55703125 0.29765625 0.009375 0.03125
4 0.6046875 0.3171875 0.0109375 0.0375
0 0.42734375 0.29453125 0.0109375 0.0359375
4 0.415625 0.32578125 0.015625 0.0515625
4 0.71328125 0.32421875 0.0109375 0.0359375
0 0.303125 0.30234375 0.0125 0.0421875
4 0.30390625 0.41015625 0.0296875 0.090625
2 0.07578125 0.24453125 0.009375 0.0234375
2 0.103125 0.2453125 0.00625 0.0203125
2 0.1140625 0.25703125 0.009375 0.0265625
2 0.13125 0.27421875 0.0125 0.0359375
4 0.50390625 0.31484375 0.0125 0.0421875
1 0.43203125 0.55546875 0.084375 0.28125
2 0.15703125 0.3046875 0.015625 0.046875
1 0.3421875 0.4796875 0.059375 0.221875
2 0.04375 0.24375 0.0078125 0.0234375
4 0.378125 0.55390625 0.053125 0.1578125
4 0.828125 0.33984375 0.0109375 0.0375
0 0.82734375 0.325 0.0109375 0.03125