4 0.7625 0.3390625 0.028125 0.0609375
0 0.46484375 0.31796875 0.025 0.0625
0 0.540625 0.40703125 0.04375 0.1015625
0 0.51953125 0.35234375 0.03125 0.0765625
0 0.396875 0.2953125 0.0234375 0.0546875
4 0.64453125 0.3015625 0.0234375 0.05
4 0.9046875 0.41171875 0.0421875 0.0890625
4 0.53515625 0.27578125 0.0171875 0.040625
0 0.27578125 0.26484375 0.0171875 0.0453125
0 0.5171875 0.5171875 0.0671875 0.1546875
4 0.375 0.234375 0.0109375 0.028125
0 0.29296875 0.2203125 0.0109375 0.025
4 0.51328125 0.225 0.0078125 0.0203125
0 0.7484375 0.23671875 0.00625 0.0171875
4 0.60234375 0.23046875 0.0078125 0.0203125
4 0.771875 0.2453125 0.0078125 0.0203125
4 0.41953125 0.25390625 0.015625 0.0375
4 0.671875 0.23828125 0.0078125 0.0203125
0 0.6921875 0.2328125 0.0078125 0.0171875
4 0.38828125 0.228125 0.0109375 0.0265625
0 0.790625 0.2359375 0.00625 0.0140625
0 0.76640625 0.2375 0.00625 0.015625
4 0.4671875 0.2234375 0.0078125 0.0203125
0 0.35078125 0.21640625 0.0078125 0.0203125
4 0.38046875 0.24296875 0.0140625 0.03125
0 0.22734375 0.24375 0.015625 0.034375
0 0.4828125 0.21640625 0.0078125 0.0171875
4 0.4234375 0.22421875 0.009375 0.0234375
0 0.55234375 0.21953125 0.00625 0.0171875
4 0.91875 0.24140625 0.003125 0.0109375
0 0.72421875 0.2359375 0.00625 0.0171875
4 0.80859375 0.246875 0.0078125 0.01875
0 0.415625 0.215625 0.0078125 0.01875
0 0.240625 0.228125 0.0109375 0.028125
0 0.665625 0.23125 0.0078125 0.0171875
4 0.84921875 0.246875 0.00625 0.015625
0 0.78203125 0.2359375 0.00625 0.015625
0 0.32890625 0.70078125 0.1109375 0.24375
0 0.7953125 0.23515625 0.00625 0.0140625
4 0.5625 0.22734375 0.0078125 0.01875
0 0.80625 0.22890625 0.0046875 0.0125
4 0.8703125 0.23671875 0.0046875 0.0125
0 0.6234375 0.2265625 0.0078125 0.0171875
4 0.83203125 0.246875 0.0078125 0.01875
4 0.9515625 0.2453125 0.0046875 0.0109375
4 0.88984375 0.23828125 0.0046875 0.0125
4 0.86015625 0.2453125 0.0046875 0.015625
4 0.9796875 0.24921875 0.0046875 0.0125
4 0.85546875 0.23984375 0.0046875 0.0140625
4 0.85078125 0.2375 0.00625 0.0140625
4 0.725 0.24296875 0.009375 0.021875
0 0.96328125 0.24453125 0.0046875 0.0109375
0 0.86953125 0.234375 0.003125 0.0109375
0 0.9125 0.2390625 0.003125 0.0109375
4 0.85703125 0.24296875 0.0046875 0.015625