0 0.4484375 0.26171875 0.0078125 0.028125
0 0.078125 0.28203125 0.0140625 0.0453125
1 0.20234375 0.40546875 0.0546875 0.1765625
1 0.290625 0.43828125 0.059375 0.2015625
0 0.675 0.28125 0.0078125 0.0296875
4 0.746875 0.30625 0.0109375 0.0359375
4 0.14296875 0.32109375 0.0203125 0.0609375
4 0.37578125 0.2734375 0.0109375 0.0359375
4 0.13046875 0.37109375 0.0265625 0.084375
4 0.925 0.53984375 0.0515625 0.1328125
0 0.33046875 0.2609375 0.009375 0.03125
4 0.20546875 0.29453125 0.015625 0.0453125
4 0.240625 0.453125 0.040625 0.1171875
0 0.79609375 0.3 0.0109375 0.03125
4 0.5625 0.540625 0.040625 0.1484375
4 0.46953125 0.27421875 0.0109375 0.034375
4 0.6515625 0.28984375 0.0109375 0.034375
4 0.2859375 0.27890625 0.0140625 0.040625
4 0.84453125 0.328125 0.0125 0.0421875
0 0.20625 0.265625 0.0109375 0.0359375
4 0.93984375 0.36015625 0.0109375 0.05
4 0.56171875 0.278125 0.0109375 0.034375
0 0.56171875 0.26796875 0.0078125 0.028125
0 0.9375 0.32890625 0.0125 0.040625