0 0.28125 0.6640625 0.05 0.1703125
0 0.73828125 0.44921875 0.0078125 0.0359375
4 0.921875 0.4828125 0.0140625 0.046875
0 0.73046875 0.48828125 0.0140625 0.0578125
0 0.70625 0.4359375 0.0046875 0.028125
4 0.92890625 0.4421875 0.00625 0.0234375
4 0.940625 0.45546875 0.00625 0.028125
0 0.63671875 0.5421875 0.025 0.09375
4 0.8453125 0.4359375 0.0046875 0.025
0 0.7234375 0.4140625 0.0046875 0.025
4 0.83203125 0.45 0.0078125 0.03125
0 0.75234375 0.46484375 0.009375 0.0421875
0 0.90546875 0.4265625 0.003125 0.0171875
0 0.70390625 0.4265625 0.0046875 0.021875
4 0.8078125 0.43671875 0.00625 0.025
4 0.94921875 0.45078125 0.0046875 0.025
0 0.82890625 0.41875 0.0046875 0.0203125
0 0.76328125 0.415625 0.0046875 0.0171875
4 0.82109375 0.4421875 0.00625 0.028125
4 0.87890625 0.4640625 0.009375 0.0390625