2 0.23125 0.66328125 0.0828125 0.128125
2 0.35546875 0.4734375 0.0296875 0.0484375
2 0.38671875 0.42890625 0.0171875 0.03125
2 0.396875 0.41015625 0.0125 0.021875
2 0.40625 0.39375 0.0109375 0.0171875
2 0.4125 0.3859375 0.009375 0.015625
2 0.49296875 0.3671875 0.009375 0.0171875
2 0.5015625 0.37421875 0.009375 0.01875
2 0.51640625 0.3828125 0.0140625 0.0234375
2 0.54375 0.3921875 0.01875 0.03125
2 0.59921875 0.41640625 0.03125 0.0484375
2 0.82421875 0.5125 0.08125 0.1203125
1 0.415625 0.37578125 0.009375 0.0203125
1 0.4328125 0.371875 0.0125 0.021875
1 0.4484375 0.36875 0.0125 0.021875
1 0.4640625 0.365625 0.0109375 0.021875
1 0.48125 0.3609375 0.0109375 0.0203125