4 0.1703125 0.365625 0.01875 0.0703125
0 0.090625 0.2640625 0.00859375 0.03046875
0 0.7953125 0.33515625 0.0078125 0.03515625
0 0.69765625 0.3203125 0.00703125 0.03125
0 0.15390625 0.24609375 0.0046875 0.0203125
0 0.58203125 0.2921875 0.0046875 0.02265625
0 0.1234375 0.2546875 0.00625 0.025
0 0.61953125 0.30625 0.00625 0.025
4 0.78515625 0.35234375 0.0109375 0.0453125
4 0.18046875 0.3234375 0.01171875 0.046875
4 0.5046875 0.2953125 0.00625 0.0296875
4 0.59609375 0.31953125 0.00859375 0.03671875
0 0.91015625 0.34765625 0.009375 0.03671875
4 0.24140625 0.25625 0.0046875 0.021875
4 0.48359375 0.28046875 0.00390625 0.02421875
4 0.2234375 0.29375 0.00859375 0.0328125
0 0.06953125 0.2828125 0.009375 0.03671875
4 0.54140625 0.26015625 0.00234375 0.01171875
4 0.9421875 0.31015625 0.003125 0.01328125
0 0.62265625 0.28515625 0.003125 0.0171875
4 0.25546875 0.25 0.00390625 0.01953125
4 0.22109375 0.26484375 0.00390625 0.02578125
0 0.2296875 0.23359375 0.003125 0.01328125
0 0.1828125 0.240625 0.003125 0.01875
4 0.32734375 0.2375 0.003125 0.0140625
4 0.8921875 0.30546875 0.003125 0.01328125
4 0.52109375 0.2796875 0.00390625 0.01953125
4 0.31328125 0.50546875 0.03828125 0.13515625
0 0.61015625 0.2796875 0.003125 0.0171875
4 0.5953125 0.2640625 0.00234375 0.01328125
4 0.27734375 0.240625 0.003125 0.01640625
0 0.58671875 0.26796875 0.00234375 0.0140625
4 0.6828125 0.75625 0.0421875 0.18046875
0 0.20390625 0.2359375 0.003125 0.0171875
4 0.35234375 0.23671875 0.00234375 0.01171875
4 0.265625 0.2453125 0.00390625 0.01640625
0 0.915625 0.3171875 0.00390625 0.01484375
4 0.50390625 0.26328125 0.00234375 0.0140625
4 0.540625 0.27421875 0.003125 0.01875
0 0.61953125 0.2890625 0.0046875 0.01953125
4 0.2234375 0.27734375 0.00703125 0.028125
4 0.5203125 0.26796875 0.00234375 0.01640625
0 0.58984375 0.271875 0.003125 0.01484375
4 0.3015625 0.23828125 0.003125 0.0140625
0 0.296875 0.23359375 0.003125 0.01328125
4 0.36875 0.23515625 0.00234375 0.01328125
0 0.36484375 0.2328125 0.00234375 0.01328125
1 0.65390625 0.2578125 0.00234375 0.01484375
1 0.64296875 0.25625 0.00234375 0.01484375
1 0.63125 0.2546875 0.00234375 0.01484375
0 0.84609375 0.30859375 0.003125 0.01484375
0 0.7953125 0.296875 0.003125 0.01328125
0 0.74453125 0.28828125 0.00234375 0.01171875
0 0.68671875 0.2796875 0.00234375 0.01171875
0 0.63359375 0.2734375 0.00234375 0.01171875
4 0.83359375 0.29765625 0.00234375 0.01171875
4 0.76796875 0.28671875 0.003125 0.01328125
4 0.70546875 0.27734375 0.003125 0.01328125
4 0.6484375 0.2703125 0.0015625 0.0109375