0 0.08125 0.21015625 0.0078125 0.028125
0 0.91015625 0.36171875 0.0109375 0.03125
4 0.09375 0.22578125 0.0109375 0.03125
4 0.49921875 0.2890625 0.009375 0.0359375
4 0.10859375 0.42578125 0.040625 0.1078125
0 0.77890625 0.334375 0.0078125 0.0296875
4 0.28984375 0.2515625 0.009375 0.03125
4 0.384375 0.26875 0.0109375 0.0328125
0 0.63984375 0.3078125 0.0078125 0.028125
4 0.9265625 0.3796875 0.0125 0.0421875
4 0.60234375 0.3078125 0.009375 0.0359375
4 0.7578125 0.33828125 0.0109375 0.0375
0 0.4140625 0.2640625 0.00625 0.025
0 0.29765625 0.24140625 0.0078125 0.025
0 0.5203125 0.284375 0.0078125 0.0265625
0 0.19609375 0.22578125 0.0078125 0.025
4 0.58359375 0.7078125 0.071875 0.2171875
4 0.18984375 0.23671875 0.0109375 0.03125