0 0.19609375 0.41640625 0.028125 0.06875
0 0.3609375 0.38515625 0.015625 0.040625
4 0.48828125 0.48359375 0.034375 0.078125
4 0.94453125 0.50390625 0.015625 0.040625
0 0.25625 0.39609375 0.0203125 0.0515625
0 0.2140625 0.321875 0.0078125 0.0171875
0 0.221875 0.3453125 0.0109375 0.028125
4 0.8484375 0.45 0.0109375 0.028125
0 0.29140625 0.33828125 0.009375 0.0234375
0 0.45078125 0.38203125 0.0125 0.0328125
0 0.584375 0.39296875 0.0109375 0.0265625
4 0.1765625 0.3234375 0.0078125 0.01875
4 0.7375 0.43359375 0.0109375 0.0296875
0 0.0828125 0.3453125 0.0140625 0.0328125
0 0.9015625 0.44921875 0.0109375 0.025
0 0.16796875 0.34453125 0.0109375 0.03125
0 0.16328125 0.50078125 0.046875 0.1109375
0 0.75234375 0.41875 0.009375 0.0234375
0 0.265625 0.34296875 0.0109375 0.025
0 0.52734375 0.3859375 0.0125 0.0296875
0 0.16953125 0.31328125 0.00625 0.0171875
4 0.0875 0.3296875 0.0078125 0.025
4 0.2 0.33046875 0.0078125 0.01875
0 0.1171875 0.30625 0.00625 0.0171875
4 0.93671875 0.48203125 0.015625 0.0359375
0 0.81953125 0.43125 0.009375 0.0234375
4 0.6203125 0.415625 0.0125 0.0328125
4 0.52890625 0.41484375 0.0171875 0.040625
4 0.121875 0.31171875 0.00625 0.0171875
0 0.1015625 0.671875 0.09375 0.2109375
4 0.16796875 0.33046875 0.00625 0.0234375
0 0.26328125 0.33125 0.0078125 0.0203125
4 0.4625 0.4265625 0.021875 0.0515625
4 0.63203125 0.60546875 0.05625 0.121875
2 0.28984375 0.315625 0.0046875 0.0109375
2 0.26640625 0.3125 0.0046875 0.0109375
2 0.24453125 0.309375 0.0046875 0.0109375
2 0.22109375 0.30625 0.0046875 0.0109375
2 0.19453125 0.303125 0.0046875 0.0109375
2 0.41171875 0.33671875 0.0046875 0.0109375
2 0.42890625 0.33984375 0.0046875 0.0125
2 0.446875 0.34453125 0.0046875 0.0109375