0 0.39765625 0.46484375 0.040625 0.084375
0 0.16015625 0.5484375 0.075 0.159375
4 0.68125 0.446875 0.0171875 0.040625
0 0.33203125 0.3828125 0.0234375 0.05625
4 0.91875 0.5546875 0.028125 0.0625
4 0.68515625 0.62109375 0.05625 0.1203125
0 0.4578125 0.33984375 0.009375 0.0203125
0 0.865625 0.49375 0.0171875 0.0390625
0 0.9140625 0.49375 0.0125 0.028125
0 0.8265625 0.4625 0.0125 0.028125
4 0.63828125 0.41953125 0.0140625 0.034375
4 0.83515625 0.45546875 0.009375 0.0203125
0 0.71171875 0.40859375 0.009375 0.0203125
0 0.9328125 0.48671875 0.009375 0.0203125
4 0.4734375 0.36875 0.0125 0.03125
4 0.61015625 0.484375 0.0328125 0.0703125
4 0.9078125 0.4796875 0.009375 0.0234375
0 0.33125 0.3484375 0.0171875 0.040625
0 0.34921875 0.33203125 0.0125 0.03125
4 0.57265625 0.3734375 0.009375 0.021875
0 0.63671875 0.38203125 0.0078125 0.0171875
4 0.8921875 0.48046875 0.009375 0.021875
4 0.76640625 0.4921875 0.021875 0.05
2 0.1171875 0.23984375 0.009375 0.021875
0 0.77109375 0.453125 0.0125 0.0328125
4 0.678125 0.40234375 0.009375 0.0203125
0 0.79609375 0.43828125 0.0078125 0.0171875
2 0.1625 0.246875 0.0078125 0.01875
0 0.39765625 0.33125 0.0109375 0.025
4 0.71953125 0.42265625 0.0109375 0.025
4 0.80390625 0.44765625 0.0109375 0.025
0 0.5703125 0.3640625 0.0078125 0.0171875
4 0.659375 0.41328125 0.0125 0.028125
4 0.75546875 0.42734375 0.009375 0.0234375
2 0.21484375 0.25703125 0.00625 0.015625
4 0.6125 0.38125 0.0078125 0.01875
4 0.52265625 0.42421875 0.021875 0.0484375
4 0.48046875 0.38828125 0.015625 0.0375
4 0.490625 0.36171875 0.0140625 0.03125
0 0.86640625 0.4625 0.0109375 0.0234375