0 0.29921875 0.5140625 0.034375 0.1
4 0.69765625 0.525 0.03125 0.0953125
4 0.60234375 0.40390625 0.0109375 0.040625
0 0.3890625 0.434375 0.0203125 0.0609375
0 0.4484375 0.37734375 0.009375 0.0328125
4 0.63125 0.4453125 0.0171875 0.059375
0 0.5609375 0.3640625 0.00625 0.025
4 0.59140625 0.384375 0.009375 0.03125
0 0.50625 0.36875 0.0078125 0.028125
0 0.62109375 0.3625 0.00625 0.0234375
0 0.4265625 0.390625 0.0125 0.0390625
4 0.63828125 0.37578125 0.0078125 0.028125
4 0.89296875 0.3890625 0.00625 0.028125
0 0.89609375 0.3796875 0.00625 0.025
4 0.80234375 0.37890625 0.0078125 0.025
0 0.7953125 0.3703125 0.00625 0.021875
4 0.71015625 0.37421875 0.00625 0.025
0 0.70859375 0.36328125 0.00625 0.021875