0 0.1984375 0.15703125 0.0109375 0.028125
4 0.31875 0.309375 0.028125 0.06875
0 0.865625 0.43046875 0.0125 0.0328125
0 0.18203125 0.1671875 0.0140625 0.0328125
4 0.34921875 0.38828125 0.0390625 0.096875
4 0.8234375 0.42890625 0.015625 0.0390625
0 0.77734375 0.371875 0.0078125 0.021875
0 0.159375 0.17890625 0.015625 0.0390625
4 0.71484375 0.36796875 0.0125 0.03125
1 0.11796875 0.1875 0.03125 0.0828125
0 0.24765625 0.1421875 0.00625 0.015625
0 0.76875 0.37109375 0.0078125 0.0234375
4 0.29921875 0.1625 0.00625 0.0140625
4 0.28828125 0.190625 0.0109375 0.028125
4 0.30078125 0.26796875 0.0203125 0.0515625
0 0.221875 0.1453125 0.0078125 0.0203125
4 0.42421875 0.55625 0.071875 0.165625
0 0.209375 0.15234375 0.009375 0.025
0 0.78984375 0.3875 0.0109375 0.0265625
4 0.2890625 0.22265625 0.0140625 0.0359375
1 0.13046875 0.18125 0.028125 0.075
0 0.76171875 0.35625 0.0078125 0.01875
1 0.29921875 0.23515625 0.021875 0.0703125
4 0.2875 0.2046875 0.0125 0.0296875
4 0.39765625 0.1859375 0.0046875 0.0140625
4 0.58671875 0.26953125 0.00625 0.015625
0 0.94296875 0.38515625 0.00625 0.0140625
0 0.28125 0.1421875 0.0046875 0.0140625
4 0.63359375 0.29296875 0.00625 0.0171875
4 0.68828125 0.3453125 0.009375 0.021875
0 0.4390625 0.2 0.0046875 0.0109375
0 0.9734375 0.40078125 0.00625 0.0140625
4 0.49453125 0.2265625 0.0046875 0.0140625
4 0.31328125 0.1609375 0.00625 0.0140625
0 0.728125 0.33515625 0.00625 0.0171875
0 0.61328125 0.278125 0.00625 0.0140625
0 0.3109375 0.15078125 0.0046875 0.0140625
0 0.25390625 0.13828125 0.00625 0.0140625
0 0.2375 0.1453125 0.0078125 0.01875
0 0.471875 0.21328125 0.0046875 0.0125
0 0.65078125 0.29609375 0.00625 0.015625
0 0.359375 0.16796875 0.0046875 0.0140625
4 0.53828125 0.246875 0.00625 0.0171875
4 0.28984375 0.18125 0.0078125 0.0203125
0 0.93359375 0.378125 0.0046875 0.0140625
4 0.696875 0.32890625 0.0078125 0.01875
4 0.29296875 0.17265625 0.0078125 0.0203125
0 0.40703125 0.18671875 0.0046875 0.0125
4 0.690625 0.33359375 0.0078125 0.0203125
0 0.26796875 0.1390625 0.00625 0.015625
0 0.50703125 0.22734375 0.0046875 0.0109375
4 0.3484375 0.16875 0.0046875 0.0140625
4 0.446875 0.20625 0.0046875 0.0140625
0 0.68515625 0.3109375 0.00625 0.0171875
4 0.675 0.3140625 0.0078125 0.0171875
0 0.95703125 0.38203125 0.0046875 0.0140625
0 0.578125 0.2609375 0.0046875 0.0140625
4 0.55234375 0.2296875 0.003125 0.00625
4 0.29140625 0.24453125 0.0171875 0.04375
4 0.51953125 0.21953125 0.003125 0.009375
4 0.546875 0.23125 0.003125 0.009375
0 0.93828125 0.3765625 0.0046875 0.0140625
4 0.528125 0.221875 0.003125 0.0078125
0 0.54375 0.2265625 0.003125 0.00625
0 0.1265625 0.19921875 0.0171875 0.05
1 0.2953125 0.22734375 0.025 0.06875
4 0.2953125 0.16640625 0.0078125 0.01875
4 0.52890625 0.2234375 0.003125 0.00625
1 0.89296875 0.34140625 0.0046875 0.0125
1 0.896875 0.34140625 0.0046875 0.015625
1 0.9 0.34453125 0.0046875 0.0125
1 0.90546875 0.34375 0.00625 0.015625
1 0.909375 0.34609375 0.00625 0.0140625