4 0.296875 0.2953125 0.021875 0.0578125
4 0.46484375 0.446875 0.0390625 0.1
4 0.21640625 0.2515625 0.0203125 0.0515625
4 0.4 0.36171875 0.028125 0.071875
4 0.14609375 0.21796875 0.0203125 0.0453125
0 0.9484375 0.41328125 0.00625 0.0140625
0 0.26484375 0.1828125 0.00625 0.0140625
4 0.47578125 0.24375 0.0046875 0.0140625
0 0.85859375 0.3796875 0.0046875 0.0140625
4 0.3453125 0.20390625 0.0046875 0.0140625
0 0.5171875 0.25625 0.0046875 0.0125
4 0.39140625 0.21171875 0.0046875 0.0109375
0 0.1765625 0.159375 0.00625 0.015625
4 0.49140625 0.25078125 0.00625 0.0140625
4 0.628125 0.2984375 0.0046875 0.0140625
4 0.74453125 0.3375 0.0046875 0.0140625
4 0.2796875 0.19140625 0.00625 0.015625
4 0.31796875 0.20078125 0.0046875 0.0140625
0 0.47109375 0.23828125 0.003125 0.0109375
0 0.921875 0.403125 0.00625 0.0140625
4 0.46015625 0.2359375 0.0046875 0.0125
0 0.759375 0.3390625 0.0046875 0.0109375
4 0.765625 0.34453125 0.0046875 0.0140625
4 0.9390625 0.4125 0.00625 0.0171875
4 0.71171875 0.32578125 0.00625 0.015625
0 0.5515625 0.26796875 0.0046875 0.0125
4 0.59453125 0.28671875 0.0046875 0.0140625
4 0.3375 0.20390625 0.0046875 0.0140625
4 0.23671875 0.18046875 0.0078125 0.01875
4 0.8046875 0.36171875 0.00625 0.0140625
4 0.4421875 0.2296875 0.0046875 0.0125
4 0.184375 0.16484375 0.0078125 0.0203125
4 0.6859375 0.31796875 0.0046875 0.0140625
0 0.6421875 0.30078125 0.0046875 0.0125
0 0.62109375 0.29296875 0.0046875 0.0140625
4 0.41953125 0.22109375 0.0046875 0.0109375
0 0.5765625 0.278125 0.0046875 0.0140625
4 0.521875 0.2609375 0.00625 0.0140625
4 0.3671875 0.20390625 0.0046875 0.0109375
0 0.21171875 0.1703125 0.00625 0.015625
0 0.715625 0.3234375 0.0046875 0.0109375
4 0.83828125 0.375 0.00625 0.0140625
0 0.24140625 0.17734375 0.0046875 0.015625
4 0.55546875 0.2734375 0.00625 0.0140625
0 0.68046875 0.31328125 0.0046875 0.0125
0 0.5296875 0.2609375 0.0046875 0.0125
0 0.49765625 0.2484375 0.0046875 0.0109375
4 0.66015625 0.309375 0.00625 0.015625
4 0.5578125 0.75 0.0875 0.21875
0 0.89140625 0.39140625 0.0046875 0.0140625
4 0.8921875 0.39609375 0.00625 0.0171875
0 0.78671875 0.35 0.0046875 0.0109375
0 0.809375 0.359375 0.0046875 0.0125
1 0.10546875 0.1375 0.0109375 0.03125
4 0.09765625 0.14140625 0.00625 0.01875
1 0.10390625 0.13203125 0.0078125 0.028125
4 0.3234375 0.19296875 0.0046875 0.0125
4 0.33203125 0.1921875 0.0046875 0.0125
0 0.28671875 0.1859375 0.0046875 0.015625
0 0.2953125 0.18203125 0.003125 0.0109375