4 0.45859375 0.5640625 0.0609375 0.128125
0 0.17578125 0.33984375 0.0203125 0.040625
4 0.2734375 0.39296875 0.028125 0.059375
4 0.87265625 0.546875 0.034375 0.0734375
0 0.08984375 0.346875 0.0234375 0.0515625
4 0.80859375 0.49375 0.0265625 0.0546875
4 0.34296875 0.4578125 0.040625 0.08125
0 0.9515625 0.5078125 0.0234375 0.0515625
0 0.26953125 0.33828125 0.0140625 0.03125
4 0.72265625 0.43828125 0.01875 0.0390625
4 0.76328125 0.46484375 0.021875 0.0453125
0 0.81328125 0.44140625 0.015625 0.034375
4 0.62890625 0.39609375 0.0109375 0.0265625
0 0.34453125 0.3453125 0.0140625 0.028125
4 0.25625 0.36640625 0.0203125 0.0453125
4 0.528125 0.37890625 0.0125 0.0296875
0 0.48515625 0.3625 0.0125 0.0265625
0 0.68515625 0.3984375 0.0140625 0.028125
4 0.41875 0.365625 0.015625 0.0328125
0 0.61640625 0.38515625 0.0125 0.0265625
4 0.69375 0.4203125 0.0140625 0.03125
0 0.10390625 0.30234375 0.0140625 0.0296875
0 0.55390625 0.37578125 0.0109375 0.025
0 0.84921875 0.4625 0.015625 0.034375
4 0.3171875 0.36015625 0.0171875 0.0390625
0 0.76015625 0.421875 0.0140625 0.0296875
4 0.6796875 0.78203125 0.0625 0.15625
2 0.92578125 0.43046875 0.0140625 0.0265625
2 0.88515625 0.421875 0.0125 0.021875
2 0.853125 0.41328125 0.0109375 0.0203125