0 0.5390625 0.36484375 0.0265625 0.078125
0 0.3703125 0.3234375 0.015625 0.0453125
0 0.4390625 0.33828125 0.01875 0.05625
4 0.63359375 0.27890625 0.0203125 0.0515625
0 0.05859375 0.3609375 0.0125 0.034375
0 0.59921875 0.5140625 0.0578125 0.153125
4 0.4890625 0.27578125 0.0125 0.0375
0 0.80234375 0.19296875 0.0078125 0.0234375
4 0.36484375 0.28671875 0.0109375 0.03125
4 0.03203125 0.3484375 0.0109375 0.028125
4 0.24609375 0.30390625 0.0109375 0.028125
4 0.653125 0.221875 0.009375 0.0234375
4 0.8359375 0.20234375 0.0109375 0.03125
0 0.28828125 0.325 0.0140625 0.0390625
4 0.834375 0.30859375 0.034375 0.0796875
4 0.05625 0.3265625 0.00625 0.01875
0 0.1796875 0.3375 0.0125 0.0359375
4 0.2921875 0.27421875 0.0046875 0.0140625
0 0.0625 0.321875 0.0046875 0.015625
4 0.61328125 0.225 0.0078125 0.0203125
0 0.6625 0.2078125 0.00625 0.01875
4 0.1140625 0.31328125 0.00625 0.0171875
4 0.2328125 0.28828125 0.0046875 0.0140625
4 0.40078125 0.25234375 0.0046875 0.0140625
0 0.1953125 0.2921875 0.0046875 0.0140625
0 0.253125 0.27734375 0.0046875 0.0140625
4 0.46484375 0.240625 0.0046875 0.0171875
0 0.4234375 0.240625 0.0046875 0.0140625
0 0.4953125 0.22890625 0.0046875 0.015625
4 0.34375 0.26171875 0.0046875 0.015625
4 0.71796875 0.21328125 0.009375 0.025
4 0.13671875 0.32578125 0.009375 0.028125
4 0.56953125 0.2265625 0.00625 0.0203125
0 0.12890625 0.30703125 0.0046875 0.0140625
0 0.36484375 0.2515625 0.003125 0.0125
0 0.62421875 0.209375 0.0046875 0.0171875
0 0.315625 0.26015625 0.0046875 0.0140625
0 0.45859375 0.2359375 0.0046875 0.0140625
4 0.1734375 0.3015625 0.00625 0.0140625
0 0.71796875 0.20234375 0.00625 0.0234375
0 0.5453125 0.2203125 0.0046875 0.015625
4 0.5265625 0.23125 0.00625 0.0171875