0 0.8578125 0.38125 0.03125 0.078125
0 0.68984375 0.45234375 0.046875 0.115625
0 0.675 0.19765625 0.00625 0.01875
0 0.51953125 0.18828125 0.00625 0.01875
0 0.39609375 0.1703125 0.0046875 0.0140625
4 0.47578125 0.17578125 0.0046875 0.0140625
4 0.5671875 0.18203125 0.00625 0.015625
0 0.46171875 0.18125 0.0078125 0.01875
4 0.671875 0.1890625 0.0046875 0.0140625
0 0.90859375 0.2140625 0.0046875 0.0171875
4 0.5109375 0.17578125 0.0046875 0.0125
0 0.60234375 0.19375 0.0078125 0.01875
4 0.596875 0.1796875 0.003125 0.009375
4 0.68359375 0.184375 0.003125 0.0109375
0 0.7234375 0.196875 0.00625 0.0171875
0 0.86015625 0.20703125 0.00625 0.015625
4 0.45234375 0.175 0.003125 0.0109375
0 0.771875 0.2 0.00625 0.015625
4 0.62421875 0.18828125 0.00625 0.015625
4 0.5140625 0.17578125 0.0046875 0.0171875
0 0.4203125 0.17421875 0.0078125 0.01875
4 0.715625 0.1921875 0.00625 0.015625
0 0.2796875 0.70078125 0.0953125 0.24375
0 0.38828125 0.17109375 0.0046875 0.0140625
0 0.3984375 0.17109375 0.0046875 0.015625
0 0.45078125 0.171875 0.0046875 0.0125
4 0.4546875 0.175 0.0046875 0.0125
0 0.4859375 0.1703125 0.0046875 0.0125
0 0.53359375 0.17265625 0.0046875 0.0125
4 0.5484375 0.1765625 0.0046875 0.0140625
0 0.58203125 0.17578125 0.0046875 0.0125
0 0.60859375 0.1765625 0.003125 0.0109375
4 0.64375 0.18203125 0.0046875 0.0125
0 0.634375 0.17734375 0.0046875 0.0140625
0 0.66640625 0.18046875 0.003125 0.0109375
0 0.75 0.1890625 0.0046875 0.0109375
4 0.821875 0.1984375 0.0046875 0.0078125
0 0.81953125 0.203125 0.00625 0.0171875
0 0.959375 0.2203125 0.00625 0.0140625
4 0.7546875 0.19140625 0.0046875 0.0140625
4 0.78828125 0.1953125 0.0046875 0.0109375
4 0.83671875 0.2015625 0.00625 0.0125