0 0.828125 0.328125 0.0078125 0.03125
0 0.28125 0.2875 0.00625 0.0203125
0 0.3875 0.29296875 0.0046875 0.021875
0 0.06015625 0.27421875 0.00625 0.0234375
4 0.18046875 0.44921875 0.0359375 0.0984375
4 0.34140625 0.29375 0.0078125 0.0265625
0 0.18046875 0.28046875 0.0078125 0.025
4 0.14453125 0.28671875 0.0078125 0.03125
4 0.621875 0.75390625 0.0375 0.1734375
4 0.25078125 0.28984375 0.0078125 0.0265625
4 0.46953125 0.30078125 0.0078125 0.0265625
4 0.8375 0.35 0.0109375 0.0359375
0 0.6015625 0.3046875 0.00625 0.0265625
0 0.7 0.31171875 0.0046875 0.0265625
4 0.590625 0.31171875 0.0078125 0.0296875
4 0.04765625 0.28203125 0.0078125 0.0265625
0 0.50234375 0.29921875 0.00625 0.025
4 0.70078125 0.32578125 0.0078125 0.0296875