0 0.2484375 0.2140625 0.0078125 0.0234375
4 0.07578125 0.19765625 0.009375 0.03125
4 0.5328125 0.27265625 0.0078125 0.025
4 0.22890625 0.2203125 0.0078125 0.0265625
0 0.33671875 0.23125 0.0078125 0.0234375
4 0.140625 0.20703125 0.009375 0.028125
4 0.56953125 0.27578125 0.00625 0.0203125
0 0.425 0.246875 0.0078125 0.0234375
0 0.14765625 0.19765625 0.009375 0.0234375
4 0.44765625 0.2625 0.009375 0.0265625
0 0.3875 0.240625 0.0078125 0.0234375
0 0.4625 0.25234375 0.00625 0.021875
0 0.896875 0.33203125 0.0046875 0.015625
0 0.48828125 0.2546875 0.00625 0.0203125
4 0.38203125 0.25 0.009375 0.028125
4 0.784375 0.30703125 0.0046875 0.0140625
0 0.86640625 0.32421875 0.0046875 0.0140625
4 0.86953125 0.32890625 0.0046875 0.0171875
4 0.5796875 0.271875 0.0046875 0.0203125
4 0.31484375 0.23671875 0.0078125 0.028125
0 0.83515625 0.31640625 0.0046875 0.0140625
4 0.65859375 0.2734375 0.0046875 0.0140625
0 0.925 0.3375 0.00625 0.015625
4 0.96015625 0.35078125 0.0046875 0.015625
4 0.596875 0.2609375 0.0046875 0.0140625
0 0.7890625 0.30390625 0.0046875 0.0140625
0 0.49375 0.24609375 0.0046875 0.015625
0 0.5234375 0.24453125 0.0046875 0.0140625
0 0.95546875 0.34453125 0.00625 0.0140625
4 0.72578125 0.2890625 0.0046875 0.0140625
4 0.15703125 0.4515625 0.05 0.1328125
4 0.6921875 0.28125 0.003125 0.0140625
0 0.5 0.2421875 0.0046875 0.0140625
4 0.91875 0.340625 0.0046875 0.015625
4 0.74765625 0.2953125 0.0046875 0.0140625
0 0.74375 0.290625 0.0046875 0.0125
0 0.81484375 0.31171875 0.0046875 0.0171875
4 0.62578125 0.26640625 0.0046875 0.0140625
0 0.60234375 0.25859375 0.0046875 0.0140625
0 0.64765625 0.26796875 0.003125 0.0109375
0 0.69453125 0.2796875 0.003125 0.0140625
4 0.82109375 0.31640625 0.0046875 0.015625
4 0.553125 0.771875 0.040625 0.1625
0 0.50078125 0.25546875 0.0046875 0.01875
0 0.5015625 0.2515625 0.0046875 0.01875
4 0.575 0.26796875 0.0046875 0.0171875
4 0.57578125 0.2578125 0.0046875 0.015625
4 0.5609375 0.26015625 0.0046875 0.015625
4 0.5625 0.25703125 0.0046875 0.015625
0 0.5609375 0.25 0.0046875 0.0140625