0 0.24921875 0.246875 0.0234375 0.0546875
0 0.41796875 0.30625 0.021875 0.0515625
0 0.14140625 0.19609375 0.0234375 0.05
0 0.93046875 0.47734375 0.015625 0.0375
4 0.1203125 0.25078125 0.03125 0.0734375
0 0.4890625 0.26796875 0.009375 0.021875
0 0.2953125 0.19609375 0.009375 0.0234375
2 0.8671875 0.4265625 0.0109375 0.028125
0 0.23046875 0.178125 0.0109375 0.0265625
4 0.48203125 0.471875 0.0453125 0.1109375
0 0.1703125 0.1625 0.0140625 0.03125
0 0.353125 0.2140625 0.009375 0.021875
1 0.54140625 0.325 0.0296875 0.071875
0 0.14296875 0.346875 0.0546875 0.1140625
0 0.79609375 0.41953125 0.015625 0.0375
4 0.8390625 0.45859375 0.01875 0.0453125
4 0.5484375 0.40859375 0.0296875 0.0734375
1 0.50390625 0.31640625 0.03125 0.078125
0 0.60078125 0.334375 0.0125 0.03125
0 0.58203125 0.315625 0.0109375 0.028125
1 0.62109375 0.3875 0.0390625 0.09375
4 0.5953125 0.30859375 0.009375 0.021875
0 0.52265625 0.33515625 0.0171875 0.046875
4 0.27265625 0.18125 0.009375 0.021875
1 0.65546875 0.39140625 0.0375 0.0875
4 0.73203125 0.42265625 0.0203125 0.0484375
2 0.78671875 0.38828125 0.009375 0.025
0 0.58671875 0.34140625 0.0140625 0.0375
4 0.5234375 0.27421875 0.0078125 0.0203125
4 0.69921875 0.371875 0.0125 0.03125
2 0.82265625 0.421875 0.0125 0.0328125
2 0.89765625 0.43046875 0.009375 0.021875
0 0.5421875 0.2921875 0.009375 0.025
2 0.82578125 0.396875 0.0078125 0.0203125
2 0.73046875 0.37734375 0.0125 0.0296875
2 0.878125 0.4125 0.0078125 0.01875
2 0.85703125 0.403125 0.0078125 0.01875
4 0.18203125 0.1546875 0.0109375 0.025
4 0.63515625 0.40390625 0.0234375 0.05625
4 0.34609375 0.20625 0.0078125 0.0203125
2 0.921875 0.43125 0.0078125 0.01875
4 0.4375 0.2390625 0.0078125 0.0203125
0 0.12109375 0.1578125 0.015625 0.034375
4 0.65859375 0.340625 0.0109375 0.028125
4 0.52421875 0.7703125 0.0640625 0.175
0 0.4234375 0.240625 0.009375 0.021875
3 0.88984375 0.4125 0.00625 0.015625
3 0.9421875 0.4390625 0.00625 0.015625
2 0.9015625 0.42265625 0.00625 0.0203125