4 0.4703125 0.70625 0.0984375 0.23125
4 0.20390625 0.4359375 0.0375 0.09375
4 0.1703125 0.346875 0.025 0.0578125
4 0.24375 0.3015625 0.015625 0.0390625
4 0.35859375 0.28046875 0.0109375 0.03125
4 0.48984375 0.27421875 0.0109375 0.028125
4 0.6359375 0.27421875 0.0109375 0.0296875
4 0.78046875 0.27890625 0.0125 0.03125
4 0.19453125 0.25 0.0046875 0.0125
0 0.08671875 0.29765625 0.015625 0.0375
0 0.22265625 0.2796875 0.0125 0.0296875
0 0.33125 0.26953125 0.009375 0.0265625
0 0.40703125 0.26484375 0.009375 0.025
0 0.48671875 0.26171875 0.009375 0.025
0 0.56796875 0.26015625 0.009375 0.025
0 0.6578125 0.2625 0.009375 0.025
0 0.7640625 0.265625 0.0109375 0.025
0 0.8734375 0.26953125 0.0109375 0.025