0 0.31796875 0.38828125 0.025 0.0578125
0 0.39765625 0.40234375 0.0328125 0.0765625
0 0.2234375 0.40390625 0.0203125 0.0484375
4 0.4390625 0.3171875 0.0203125 0.0484375
0 0.140625 0.39609375 0.0125 0.0296875
0 0.1125 0.440625 0.01875 0.0453125
0 0.44140625 0.48828125 0.0515625 0.121875
0 0.1671875 0.371875 0.009375 0.0265625
4 0.30703125 0.3484375 0.0171875 0.040625
2 0.3640625 0.29921875 0.0125 0.0296875
4 0.58515625 0.30546875 0.028125 0.065625
4 0.04140625 0.43515625 0.0140625 0.034375
2 0.31328125 0.31171875 0.0109375 0.025
0 0.1078125 0.38203125 0.009375 0.0203125
4 0.78359375 0.3515625 0.053125 0.115625
2 0.23125 0.3515625 0.0125 0.0296875
0 0.1515625 0.36953125 0.009375 0.021875
2 0.2765625 0.34296875 0.0140625 0.03125
4 0.17578125 0.39375 0.015625 0.0375
0 0.04140625 0.40625 0.0078125 0.0203125
4 0.078125 0.4109375 0.0109375 0.0265625
4 0.0734375 0.40546875 0.009375 0.025
4 0.0453125 0.4125 0.009375 0.021875
3 0.06328125 0.38671875 0.00625 0.0140625
3 0.08046875 0.38203125 0.00625 0.015625
3 0.13984375 0.353125 0.00625 0.0125
3 0.1484375 0.35234375 0.00625 0.0140625
3 0.21328125 0.3265625 0.00625 0.0125
3 0.21484375 0.31875 0.0046875 0.0125
3 0.2234375 0.31875 0.00625 0.0125
3 0.27734375 0.30078125 0.00625 0.0140625
3 0.27421875 0.2984375 0.0046875 0.0125
3 0.31015625 0.2796875 0.0046875 0.0109375
3 0.31328125 0.2828125 0.0046875 0.0125
3 0.31640625 0.2828125 0.0046875 0.0125
3 0.3390625 0.278125 0.00625 0.0140625
3 0.36796875 0.26484375 0.00625 0.0140625
3 0.3796875 0.28046875 0.0078125 0.0203125
3 0.384375 0.26484375 0.0046875 0.0140625
3 0.4046875 0.26328125 0.0078125 0.01875
3 0.42734375 0.246875 0.00625 0.0140625
3 0.440625 0.26171875 0.0078125 0.021875
3 0.46328125 0.24140625 0.00625 0.01875
0 0.32421875 0.8171875 0.059375 0.1515625