4 0.7671875 0.3625 0.03125 0.0671875
0 0.5015625 0.36875 0.0328125 0.0796875
0 0.45078125 0.328125 0.028125 0.065625
4 0.6453125 0.3171875 0.025 0.0515625
0 0.26953125 0.2640625 0.0203125 0.0453125
0 0.509375 0.43046875 0.0484375 0.1109375
4 0.9171875 0.45 0.0484375 0.09375
0 0.2453125 0.225 0.0125 0.03125
0 0.2265625 0.23984375 0.015625 0.0359375
0 0.30078125 0.21953125 0.0109375 0.0234375
4 0.39609375 0.22890625 0.0109375 0.025
4 0.5359375 0.28359375 0.01875 0.0421875
4 0.525 0.2296875 0.0078125 0.01875
4 0.4203125 0.2578125 0.0140625 0.0359375
4 0.478125 0.228125 0.0078125 0.0203125
0 0.4546875 0.5671875 0.0828125 0.178125
4 0.7890625 0.2609375 0.0078125 0.0203125
4 0.8515625 0.265625 0.0078125 0.01875
4 0.68671875 0.25 0.0078125 0.0203125
0 0.3859375 0.30078125 0.025 0.0578125
0 0.80078125 0.253125 0.0078125 0.015625
4 0.4328125 0.228125 0.0109375 0.021875
0 0.765625 0.2515625 0.0078125 0.0171875
0 0.70859375 0.24609375 0.0078125 0.0171875
0 0.3609375 0.21640625 0.0078125 0.0203125
0 0.78515625 0.253125 0.0078125 0.0171875
0 0.98828125 0.2671875 0.0046875 0.0109375
0 0.82734375 0.2453125 0.00625 0.0109375
0 0.42734375 0.21875 0.0078125 0.01875
4 0.38359375 0.24453125 0.0125 0.03125
4 0.9765625 0.2671875 0.0046875 0.0109375
0 0.85390625 0.2484375 0.00625 0.0109375
4 0.828125 0.26484375 0.0078125 0.0203125
4 0.740625 0.259375 0.009375 0.01875
0 0.81015625 0.25234375 0.00625 0.015625
4 0.5765625 0.234375 0.0078125 0.01875
0 0.4953125 0.221875 0.0078125 0.01875
0 0.6375 0.23671875 0.00625 0.0171875
0 0.8140625 0.2515625 0.0046875 0.0140625
4 0.3796875 0.2359375 0.0109375 0.028125
4 0.61640625 0.2390625 0.0078125 0.0203125
0 0.68125 0.24296875 0.00625 0.0171875
0 0.184375 0.72421875 0.0828125 0.125
0 0.740625 0.25 0.00625 0.0171875
4 0.9421875 0.2625 0.0046875 0.0109375
0 0.56640625 0.22734375 0.00625 0.0171875
4 0.86953125 0.26484375 0.0078125 0.0171875
4 0.8765625 0.2578125 0.00625 0.0140625
4 0.8796875 0.26484375 0.00625 0.015625
4 0.8921875 0.25546875 0.0046875 0.0125
0 0.8921875 0.2515625 0.0046875 0.0109375