4 0.9375 0.4625 0.01875 0.0453125
4 0.4484375 0.26875 0.0125 0.03125
4 0.328125 0.3671875 0.040625 0.0890625
0 0.2046875 0.2140625 0.0140625 0.0375
4 0.303125 0.25 0.015625 0.0390625
0 0.40625 0.24765625 0.009375 0.0265625
4 0.37109375 0.25546875 0.0140625 0.034375
0 0.9515625 0.440625 0.015625 0.0359375
4 0.7 0.3453125 0.0125 0.0296875
4 0.5578125 0.478125 0.0421875 0.1046875
4 0.84140625 0.55859375 0.040625 0.1
0 0.725 0.34296875 0.009375 0.025
4 0.78046875 0.37734375 0.0125 0.0328125
4 0.86171875 0.41796875 0.0140625 0.0390625
0 0.30234375 0.22578125 0.009375 0.03125
2 0.1890625 0.18359375 0.0109375 0.025
4 0.53125 0.28984375 0.0109375 0.028125
0 0.51328125 0.275 0.009375 0.025
1 0.24140625 0.26640625 0.0265625 0.1
0 0.54765625 0.77265625 0.0546875 0.171875
0 0.83125 0.3859375 0.0125 0.03125
1 0.259375 0.2859375 0.0390625 0.1109375
2 0.096875 0.15 0.0078125 0.0234375
2 0.103125 0.1453125 0.00625 0.0171875
2 0.13046875 0.15 0.0078125 0.01875
2 0.1984375 0.20234375 0.0125 0.034375
2 0.1546875 0.15625 0.0078125 0.0203125
2 0.1828125 0.17109375 0.0078125 0.0203125
0 0.62109375 0.30703125 0.00625 0.025
2 0.17578125 0.1609375 0.00625 0.01875
4 0.6171875 0.31640625 0.009375 0.028125
4 0.2546875 0.26015625 0.0125 0.05
4 0.24375 0.29296875 0.021875 0.0640625