0 0.18046875 0.54375 0.040625 0.0703125
0 0.27421875 0.4734375 0.0234375 0.04375
0 0.37890625 0.425 0.0171875 0.0296875
0 0.48984375 0.39609375 0.0140625 0.0234375
0 0.48125 0.36796875 0.009375 0.021875
0 0.6171875 0.3703125 0.0125 0.025
0 0.6609375 0.3390625 0.0125 0.0234375
0 0.753125 0.34921875 0.0140625 0.025
0 0.86953125 0.3328125 0.015625 0.0265625
4 0.41171875 0.36484375 0.003125 0.00625
4 0.44921875 0.35859375 0.003125 0.00625
4 0.54765625 0.4328125 0.0265625 0.046875
4 0.57734375 0.4125 0.0234375 0.0421875
4 0.65546875 0.45078125 0.0359375 0.0640625
4 0.6859375 0.38671875 0.01875 0.0359375
4 0.7984375 0.36953125 0.0171875 0.0375
4 0.7640625 0.31796875 0.0046875 0.0109375
4 0.7703125 0.31796875 0.0046875 0.0109375
4 0.77890625 0.31796875 0.0046875 0.0109375
4 0.903125 0.36328125 0.0203125 0.040625
4 0.89375 0.3046875 0.0078125 0.0140625
4 0.815625 0.31328125 0.0078125 0.0140625
4 0.8046875 0.315625 0.0078125 0.015625
4 0.7953125 0.315625 0.0078125 0.0140625
4 0.7859375 0.315625 0.0078125 0.0140625
0 0.146875 0.63046875 0.0640625 0.10625