0 0.75 0.4296875 0.021875 0.059375
0 0.81484375 0.4140625 0.015625 0.04375
0 0.23359375 0.31328125 0.028125 0.075
0 0.5203125 0.3984375 0.0265625 0.0765625
0 0.79609375 0.38359375 0.0125 0.0328125
4 0.4828125 0.33515625 0.0203125 0.05625
0 0.17265625 0.18515625 0.009375 0.0265625
2 0.2828125 0.428125 0.0421875 0.11875
4 0.67578125 0.36015625 0.0140625 0.040625
4 0.2234375 0.24765625 0.0171875 0.046875
0 0.74140625 0.35 0.009375 0.028125
4 0.29921875 0.2171875 0.009375 0.025
4 0.6171875 0.3078125 0.009375 0.025
4 0.66171875 0.3296875 0.009375 0.028125
4 0.5625 0.2859375 0.0078125 0.025
4 0.6859375 0.3484375 0.0125 0.0328125
4 0.36328125 0.22890625 0.0078125 0.0234375
4 0.61328125 0.359375 0.015625 0.0484375
0 0.59609375 0.29140625 0.0078125 0.0203125
0 0.33828125 0.21640625 0.0078125 0.021875
2 0.16484375 0.16875 0.0078125 0.0203125
0 0.25234375 0.1984375 0.009375 0.025
0 0.671875 0.31953125 0.0078125 0.0234375
4 0.43203125 0.246875 0.00625 0.021875
2 0.11796875 0.14375 0.0046875 0.0171875
0 0.51484375 0.26484375 0.00625 0.01875
2 0.15703125 0.1546875 0.0046875 0.0140625
4 0.32734375 0.2890625 0.01875 0.053125
4 0.18515625 0.21953125 0.0109375 0.0375
4 0.2421875 0.2078125 0.009375 0.028125
4 0.50078125 0.26640625 0.0078125 0.021875
0 0.42734375 0.23984375 0.0078125 0.0203125
2 0.1609375 0.16015625 0.00625 0.0171875
2 0.1390625 0.1484375 0.0046875 0.0171875
4 0.20078125 0.20859375 0.0109375 0.0359375
2 0.16875 0.178125 0.009375 0.025
1 0.1875 0.203125 0.0171875 0.0578125
3 0.165625 0.153125 0.0046875 0.015625
2 0.54609375 0.8171875 0.0328125 0.0796875
3 0.4796875 0.23671875 0.003125 0.0109375
3 0.4765625 0.24140625 0.003125 0.0109375
3 0.5140625 0.24921875 0.003125 0.0109375
3 0.44296875 0.22734375 0.0015625 0.0109375
3 0.4421875 0.22265625 0.003125 0.0109375
3 0.41015625 0.21640625 0.003125 0.0109375
3 0.3625 0.2015625 0.003125 0.0109375
3 0.3078125 0.18515625 0.003125 0.0125
3 0.2484375 0.17109375 0.003125 0.0109375
3 0.1984375 0.159375 0.003125 0.0109375
1 0.19375 0.2125 0.0203125 0.065625
3 0.1125 0.13828125 0.003125 0.0140625
2 0.09609375 0.1390625 0.0046875 0.01875
3 0.37890625 0.2046875 0.0015625 0.009375
3 0.2328125 0.1640625 0.0015625 0.0109375