4 0.52734375 0.296875 0.01875 0.05625
0 0.40625 0.4265625 0.0328125 0.109375
0 0.2578125 0.33515625 0.0203125 0.05625
4 0.68671875 0.34296875 0.0265625 0.0875
0 0.14921875 0.3390625 0.015625 0.05
2 0.71640625 0.29296875 0.0203125 0.065625
0 0.3484375 0.35546875 0.025 0.071875
4 0.3796875 0.2875 0.0125 0.0453125
4 0.23828125 0.29765625 0.0125 0.0390625
2 0.78046875 0.18828125 0.0078125 0.0265625
2 0.8796875 0.18046875 0.009375 0.0265625
4 0.06953125 0.325 0.0140625 0.0375
2 0.92421875 0.2234375 0.0171875 0.0484375
2 0.7703125 0.20546875 0.009375 0.0328125
2 0.81328125 0.1859375 0.009375 0.0265625
2 0.89609375 0.19609375 0.0109375 0.034375
2 0.84765625 0.18203125 0.0078125 0.028125
0 0.35 0.68671875 0.075 0.2265625
2 0.753125 0.234375 0.0125 0.0453125