0 0.8234375 0.4125 0.01875 0.0640625
0 0.8671875 0.378125 0.0140625 0.046875
0 0.825 0.34375 0.0109375 0.0359375
4 0.5078125 0.35859375 0.0140625 0.05625
0 0.234375 0.39609375 0.025 0.0890625
4 0.32578125 0.3375 0.015625 0.05625
0 0.75234375 0.31875 0.009375 0.028125
0 0.58671875 0.4359375 0.021875 0.0875
4 0.646875 0.3578125 0.0125 0.0484375
4 0.2 0.309375 0.0140625 0.0515625
4 0.48359375 0.2734375 0.00625 0.0234375
4 0.2078125 0.2609375 0.0078125 0.0296875
0 0.30546875 0.25078125 0.0046875 0.0203125
4 0.703125 0.3453125 0.0109375 0.0390625
4 0.26796875 0.2578125 0.0078125 0.0265625
4 0.55234375 0.2828125 0.00625 0.0234375
2 0.0421875 0.21328125 0.0046875 0.0171875
0 0.67109375 0.296875 0.0046875 0.025
0 0.40078125 0.2578125 0.0046875 0.0203125
4 0.66796875 0.3109375 0.0078125 0.0265625
2 0.346875 0.5578125 0.0484375 0.159375
0 0.21484375 0.24765625 0.00625 0.0234375
0 0.58515625 0.28046875 0.0046875 0.021875
2 0.11875 0.23203125 0.0046875 0.0203125
0 0.4953125 0.2671875 0.0046875 0.0203125
4 0.33515625 0.25859375 0.0078125 0.025
2 0.11171875 0.22421875 0.003125 0.0171875
2 0.08828125 0.215625 0.0046875 0.0171875
4 0.6140625 0.2953125 0.00625 0.0234375
4 0.703125 0.328125 0.0078125 0.0328125
2 0.10703125 0.21796875 0.003125 0.015625
1 0.16171875 0.27734375 0.0140625 0.0703125
1 0.15078125 0.26796875 0.0109375 0.0640625
4 0.15390625 0.284375 0.009375 0.0421875
4 0.16640625 0.26953125 0.0078125 0.0375
0 0.1296875 0.24765625 0.00625 0.028125
2 0.125 0.24296875 0.0046875 0.025
2 0.065625 0.21484375 0.0046875 0.0171875
4 0.40859375 0.26484375 0.0046875 0.021875
3 0.059375 0.2109375 0.003125 0.0140625
3 0.11484375 0.21484375 0.0015625 0.0171875
3 0.3734375 0.23515625 0.0015625 0.0125
3 0.26328125 0.22109375 0.003125 0.0140625