0 0.2078125 0.24140625 0.0140625 0.0390625
0 0.725 0.30078125 0.0203125 0.0578125
0 0.30703125 0.2375 0.0140625 0.0375
0 0.5359375 0.25078125 0.0140625 0.0390625
4 0.59375 0.2390625 0.0125 0.034375
0 0.6328125 0.26953125 0.015625 0.0453125
4 0.7234375 0.2609375 0.0140625 0.040625
0 0.425 0.240625 0.0140625 0.0375
4 0.86875 0.2984375 0.021875 0.0515625
0 0.82421875 0.45078125 0.0421875 0.121875
0 0.65234375 0.6703125 0.09375 0.240625
0 0.0796875 0.2515625 0.0125 0.0453125
1 0.72109375 0.56015625 0.1125 0.328125
0 0.79921875 0.35390625 0.0296875 0.0796875
4 0.19296875 0.22734375 0.0125 0.0328125
4 0.3140625 0.2234375 0.009375 0.0296875
4 0.45546875 0.22578125 0.0109375 0.03125
1 0.5484375 0.659375 0.121875 0.3953125