4 0.5921875 0.40078125 0.0296875 0.065625
0 0.82734375 0.40390625 0.0125 0.03125
0 0.9234375 0.55078125 0.0359375 0.0765625
0 0.903125 0.45546875 0.0171875 0.0390625
0 0.29765625 0.38515625 0.0515625 0.109375
4 0.403125 0.3296875 0.034375 0.06875
0 0.953125 0.509375 0.0203125 0.0515625
4 0.78515625 0.428125 0.0203125 0.046875
0 0.684375 0.5265625 0.05 0.1078125
4 0.73359375 0.43359375 0.03125 0.0609375
4 0.2734375 0.2625 0.0265625 0.0625
0 0.29765625 0.19375 0.0109375 0.0265625
4 0.34921875 0.21796875 0.0140625 0.0296875
4 0.78203125 0.40546875 0.015625 0.0375
4 0.28828125 0.20625 0.015625 0.0328125
2 0.41328125 0.684375 0.103125 0.228125
4 0.228125 0.221875 0.0203125 0.0484375
1 0.23046875 0.20390625 0.0265625 0.0734375
1 0.2390625 0.21640625 0.0328125 0.08125
2 0.1265625 0.11875 0.009375 0.021875
2 0.1328125 0.11484375 0.009375 0.0203125
2 0.15546875 0.12109375 0.009375 0.0203125
2 0.178125 0.1296875 0.009375 0.0203125
2 0.196875 0.13515625 0.0078125 0.01875
2 0.2 0.14296875 0.009375 0.0203125
2 0.20390625 0.15234375 0.0109375 0.0234375
2 0.209375 0.16484375 0.0125 0.028125
0 0.21328125 0.17421875 0.0140625 0.03125
0 0.3875 0.21875 0.0109375 0.0234375
0 0.48046875 0.25 0.0109375 0.0234375
0 0.57265625 0.284375 0.009375 0.0203125
0 0.6609375 0.321875 0.0109375 0.0234375
0 0.74453125 0.36015625 0.0109375 0.025
4 0.41640625 0.2359375 0.0140625 0.028125
4 0.48828125 0.26015625 0.0109375 0.025
4 0.56171875 0.28828125 0.0109375 0.0265625
4 0.62890625 0.31640625 0.0125 0.0265625
4 0.690625 0.3453125 0.0140625 0.03125
4 0.7453125 0.37734375 0.015625 0.034375
4 0.2453125 0.20546875 0.015625 0.040625
2 0.11953125 0.12578125 0.0078125 0.025