0 0.21015625 0.54375 0.034375 0.10625
4 0.8265625 0.69453125 0.0671875 0.1921875
0 0.27578125 0.4484375 0.0203125 0.0609375
4 0.8234375 0.4671875 0.0265625 0.071875
0 0.3296875 0.40859375 0.0125 0.0421875
4 0.7875 0.396875 0.0125 0.0375
0 0.565625 0.36484375 0.0078125 0.028125
0 0.82265625 0.36875 0.0078125 0.0265625
4 0.57890625 0.38125 0.0109375 0.0328125
4 0.89609375 0.38125 0.0109375 0.0328125
4 0.78046875 0.3734375 0.0078125 0.028125
0 0.63203125 0.36171875 0.0078125 0.0234375
4 0.51640625 0.4171875 0.0140625 0.0453125
4 0.8484375 0.3890625 0.0125 0.0359375
4 0.73984375 0.43046875 0.0171875 0.0578125
0 0.48828125 0.3734375 0.0078125 0.0296875
2 0.0875 0.365625 0.0078125 0.0265625
4 0.6390625 0.375 0.009375 0.03125
4 0.5265625 0.39453125 0.0109375 0.0359375
2 0.2125 0.35234375 0.0078125 0.0203125
0 0.71875 0.3625 0.0078125 0.0234375
2 0.146875 0.3578125 0.0078125 0.025
4 0.74453125 0.41328125 0.0078125 0.0453125
4 0.68984375 0.37109375 0.0078125 0.028125
0 0.40546875 0.3859375 0.0109375 0.03125
4 0.50703125 0.45 0.01875 0.0671875
4 0.57578125 0.52109375 0.0328125 0.0953125
4 0.940625 0.390625 0.0109375 0.0375