0 0.61328125 0.4421875 0.015625 0.04375
0 0.59453125 0.47890625 0.0234375 0.0625
4 0.75078125 0.43359375 0.0140625 0.0375
4 0.78203125 0.45546875 0.0171875 0.04375
4 0.82890625 0.5765625 0.0375 0.0984375
0 0.4359375 0.54296875 0.0421875 0.103125
0 0.646875 0.39609375 0.0078125 0.0203125
0 0.6125 0.4203125 0.0109375 0.034375
0 0.8 0.40625 0.0078125 0.0203125
4 0.875 0.81015625 0.0671875 0.175
4 0.82109375 0.5 0.0234375 0.0625
4 0.95234375 0.4359375 0.0109375 0.028125
0 0.69609375 0.39765625 0.0078125 0.0203125
0 0.60390625 0.396875 0.0078125 0.0234375
0 0.7453125 0.4 0.00625 0.01875
4 0.71171875 0.4078125 0.009375 0.025
4 0.83125 0.415625 0.0078125 0.021875
4 0.89609375 0.42578125 0.009375 0.025
4 0.76640625 0.409375 0.0078125 0.025
0 0.60546875 0.409375 0.0109375 0.028125
2 0.9109375 0.4 0.0046875 0.0140625
4 0.71953125 0.41796875 0.0109375 0.028125
2 0.88515625 0.39765625 0.0046875 0.0140625
2 0.8609375 0.3953125 0.00625 0.0140625
0 0.86953125 0.41328125 0.0078125 0.0203125
2 0.8359375 0.3921875 0.0046875 0.0140625
2 0.67890625 0.37734375 0.0046875 0.0125
2 0.65625 0.3765625 0.003125 0.0109375
2 0.6375 0.375 0.0046875 0.0125
2 0.615625 0.3734375 0.0046875 0.0125
2 0.5890625 0.371875 0.0046875 0.0125
2 0.59375 0.36484375 0.003125 0.0109375
2 0.55390625 0.3625 0.003125 0.0109375
2 0.52421875 0.36171875 0.003125 0.009375
4 0.6359375 0.3671875 0.0046875 0.0125
4 0.62421875 0.36484375 0.003125 0.009375
0 0.621875 0.36796875 0.003125 0.0109375
0 0.60859375 0.36484375 0.003125 0.0109375
4 0.60234375 0.36171875 0.003125 0.009375
4 0.58359375 0.36171875 0.003125 0.009375
0 0.58671875 0.3640625 0.003125 0.0109375
0 0.56875 0.359375 0.003125 0.0078125
4 0.55703125 0.36015625 0.003125 0.0078125
4 0.53125 0.35703125 0.003125 0.009375
0 0.52578125 0.3609375 0.003125 0.009375
0 0.5171875 0.35703125 0.003125 0.009375