0 0.4734375 0.57265625 0.0328125 0.1171875
0 0.34921875 0.4890625 0.01875 0.07421875
0 0.08046875 0.49765625 0.025 0.08515625
0 0.25859375 0.765625 0.03203125 0.16171875
4 0.81875 0.44453125 0.01015625 0.04140625
4 0.71171875 0.4328125 0.009375 0.03828125
0 0.89453125 0.43046875 0.009375 0.03515625
4 0.6 0.4265625 0.0078125 0.03359375
0 0.75546875 0.42109375 0.0078125 0.0296875
4 0.41328125 0.4484375 0.01484375 0.046875
0 0.10234375 0.40625 0.009375 0.03125
2 0.34375 0.37890625 0.00390625 0.01640625
4 0.47890625 0.42265625 0.009375 0.03515625
4 0.36015625 0.4203125 0.009375 0.03359375
4 0.25546875 0.4453125 0.0125 0.046875
4 0.09375 0.41796875 0.009375 0.03984375
0 0.49140625 0.4109375 0.0078125 0.02578125
0 0.3703125 0.4078125 0.00703125 0.02734375
2 0.29375 0.3765625 0.00390625 0.01640625
4 0.5546875 0.46171875 0.015625 0.0546875
2 0.66171875 0.3875 0.0046875 0.01640625
2 0.6 0.3875 0.00390625 0.01640625
0 0.61953125 0.41328125 0.00625 0.02734375
4 0.08828125 0.44296875 0.01015625 0.053125
4 0.23125 0.41875 0.009375 0.0359375
0 0.240625 0.40703125 0.00703125 0.0296875
2 0.38046875 0.378125 0.00390625 0.0171875
2 0.41171875 0.38046875 0.00390625 0.0171875
2 0.45859375 0.3828125 0.00390625 0.01484375
2 0.53359375 0.38515625 0.00390625 0.01640625
4 0.70546875 0.496875 0.02109375 0.071875
2 0.73671875 0.390625 0.00390625 0.01640625
4 0.88828125 0.6171875 0.04140625 0.1296875
4 0.94375 0.459375 0.0140625 0.04921875