1 0.82421875 0.67734375 0.084375 0.196875
1 0.5671875 0.6609375 0.16875 0.3609375
0 0.17421875 0.41328125 0.03125 0.06875
0 0.3046875 0.353125 0.021875 0.05
0 0.43203125 0.31796875 0.0171875 0.0390625
0 0.56640625 0.29609375 0.015625 0.034375
0 0.70703125 0.28203125 0.0140625 0.03125
0 0.86015625 0.2734375 0.015625 0.034375
4 0.39375 0.5171875 0.0609375 0.128125
4 0.38671875 0.4109375 0.0359375 0.078125
4 0.446875 0.35859375 0.0265625 0.0578125
4 0.53125 0.32734375 0.0203125 0.0453125
4 0.63359375 0.30703125 0.01875 0.040625
4 0.74921875 0.2953125 0.0171875 0.0390625
4 0.88046875 0.2890625 0.01875 0.040625
4 0.68046875 0.7453125 0.059375 0.1359375
2 0.140625 0.3875 0.0265625 0.0578125
2 0.09765625 0.35546875 0.01875 0.0390625
2 0.0734375 0.3375 0.0140625 0.03125
2 0.0578125 0.32578125 0.0109375 0.025
2 0.028125 0.33046875 0.0125 0.025
3 0.06484375 0.3203125 0.0078125 0.0203125
3 0.05859375 0.31171875 0.00625 0.0171875
3 0.17578125 0.2953125 0.00625 0.0171875
3 0.109375 0.30703125 0.0078125 0.01875
3 0.53203125 0.26796875 0.0078125 0.0171875