4 0.64140625 0.45546875 0.034375 0.078125
0 0.8734375 0.4703125 0.01875 0.0390625
0 0.26953125 0.31484375 0.04375 0.084375
0 0.5921875 0.3609375 0.021875 0.0453125
0 0.734375 0.4109375 0.01875 0.0390625
4 0.8140625 0.484375 0.025 0.05625
4 0.72265625 0.45703125 0.0265625 0.0609375
4 0.5765625 0.615625 0.0703125 0.1515625
0 0.44375 0.325 0.028125 0.05625
4 0.57578125 0.4890625 0.04375 0.1
3 0.16640625 0.13515625 0.0109375 0.021875
3 0.1421875 0.11953125 0.009375 0.0203125
3 0.17578125 0.1296875 0.0078125 0.0203125
3 0.18125 0.12109375 0.0078125 0.0171875
3 0.18671875 0.1328125 0.009375 0.0171875
3 0.24921875 0.14921875 0.0078125 0.0171875
3 0.26015625 0.16328125 0.009375 0.0203125
3 0.265625 0.15859375 0.00625 0.0140625
3 0.28359375 0.16171875 0.00625 0.0140625
3 0.3390625 0.178125 0.00625 0.0125
3 0.35390625 0.18671875 0.00625 0.0140625
3 0.39140625 0.20078125 0.00625 0.015625
3 0.41953125 0.2140625 0.00625 0.0125
3 0.51015625 0.25546875 0.00625 0.0140625
3 0.63046875 0.3109375 0.0078125 0.0171875
3 0.6359375 0.309375 0.00625 0.0140625
3 0.67734375 0.32578125 0.00625 0.0140625
3 0.71484375 0.346875 0.0078125 0.0171875
3 0.7 0.33515625 0.00625 0.0140625
3 0.7625 0.36328125 0.00625 0.0140625