0 0.24296875 0.50234375 0.0265625 0.0484375
0 0.75625 0.45546875 0.0375 0.06875
0 0.6015625 0.384375 0.0109375 0.0203125
0 0.0859375 0.46328125 0.0109375 0.01875
0 0.80078125 0.33671875 0.0109375 0.0203125
0 0.43515625 0.44609375 0.021875 0.040625
0 0.36171875 0.42421875 0.0125 0.025
0 0.43203125 0.415625 0.0125 0.021875
0 0.48671875 0.42578125 0.0140625 0.0296875
0 0.68984375 0.36171875 0.009375 0.0203125
4 0.68671875 0.41015625 0.021875 0.0453125
4 0.871875 0.3984375 0.0328125 0.0546875
4 0.84296875 0.33671875 0.0125 0.021875
4 0.3921875 0.51328125 0.0359375 0.06875
4 0.2953125 0.4234375 0.0125 0.0171875
4 0.41015625 0.4078125 0.0125 0.021875
4 0.490625 0.4015625 0.0109375 0.021875
4 0.62578125 0.40234375 0.0171875 0.0375
4 0.6828125 0.37421875 0.0125 0.025
4 0.7515625 0.35546875 0.0125 0.0265625
4 0.07109375 0.4578125 0.0125 0.0265625
2 0.2609375 0.6671875 0.08125 0.1421875
2 0.5234375 0.36875 0.00625 0.0125
2 0.50859375 0.37265625 0.00625 0.0109375
2 0.53984375 0.3671875 0.0078125 0.0109375
2 0.55390625 0.3640625 0.00625 0.0140625
2 0.5609375 0.36640625 0.00625 0.0125
2 0.56953125 0.36953125 0.00625 0.015625
2 0.5765625 0.37734375 0.0078125 0.015625
2 0.584375 0.3828125 0.009375 0.01875
2 0.496875 0.396875 0.009375 0.01875
1 0.47578125 0.42265625 0.0234375 0.0515625
1 0.4859375 0.415625 0.0171875 0.046875
1 0.6234375 0.39375 0.0203125 0.05
1 0.63671875 0.396875 0.025 0.0515625