0 0.4171875 0.2453125 0.0109375 0.0296875
4 0.19765625 0.2828125 0.021875 0.06875
4 0.18046875 0.34453125 0.0359375 0.096875
0 0.94765625 0.40234375 0.0125 0.0328125
0 0.31015625 0.2265625 0.0125 0.0328125
4 0.390625 0.2609375 0.0125 0.0375
4 0.25078125 0.2609375 0.0203125 0.0546875
4 0.4640625 0.27265625 0.0125 0.0359375
0 0.61796875 0.29375 0.009375 0.025
4 0.275 0.4671875 0.0578125 0.146875
4 0.62265625 0.30859375 0.0125 0.0328125
4 0.5625 0.29375 0.0125 0.0328125
0 0.89375 0.384375 0.0109375 0.03125
0 0.19375 0.2125 0.015625 0.0390625
4 0.71484375 0.33828125 0.0125 0.0328125
4 0.81953125 0.37421875 0.0140625 0.0359375
0 0.721875 0.3265625 0.0078125 0.028125
4 0.9125 0.40625 0.0140625 0.0375
4 0.32109375 0.25546875 0.015625 0.04375
0 0.8265625 0.3609375 0.009375 0.028125
0 0.52109375 0.26796875 0.009375 0.0265625
4 0.64453125 0.78125 0.05625 0.18125