0 0.8046875 0.31328125 0.0078125 0.03125
0 0.30546875 0.25546875 0.009375 0.0359375
4 0.22578125 0.31484375 0.0203125 0.065625
4 0.48125 0.27734375 0.009375 0.0359375
4 0.38515625 0.2765625 0.0109375 0.040625
0 0.43359375 0.259375 0.0078125 0.03125
0 0.55703125 0.27109375 0.0078125 0.028125
4 0.2984375 0.28671875 0.015625 0.05
4 0.19765625 0.37734375 0.028125 0.096875
0 0.17421875 0.26328125 0.0140625 0.0453125
1 0.36484375 0.5140625 0.0703125 0.2703125
4 0.78359375 0.32265625 0.009375 0.0359375
4 0.30078125 0.51875 0.05 0.1578125
1 0.2625 0.4453125 0.0546875 0.2203125
4 0.896875 0.35234375 0.0125 0.0421875
4 0.58203125 0.28828125 0.0078125 0.0359375
0 0.67890625 0.28828125 0.00625 0.0265625
0 0.95078125 0.3515625 0.00625 0.0328125
4 0.68125 0.30234375 0.009375 0.034375
4 0.74453125 0.73828125 0.0609375 0.225