0 0.48359375 0.33125 0.0171875 0.0640625
0 0.15234375 0.32734375 0.01171875 0.04453125
4 0.63671875 0.29140625 0.01484375 0.05234375
4 0.7921875 0.328125 0.01796875 0.07578125
0 0.3875 0.31328125 0.01328125 0.05078125
0 0.58515625 0.528125 0.03828125 0.15859375
4 0.48984375 0.2796875 0.01015625 0.0390625
0 0.28203125 0.31328125 0.01171875 0.04453125
2 0.93359375 0.203125 0.0078125 0.028125
2 0.84140625 0.24765625 0.01015625 0.0421875
2 0.81328125 0.29296875 0.015625 0.06015625
4 0.196875 0.3015625 0.00859375 0.03359375
2 0.8640625 0.2078125 0.00625 0.02578125
0 0.5609375 0.3796875 0.0234375 0.08828125
2 0.89765625 0.20546875 0.0078125 0.028125
1 0.3921875 0.72109375 0.04609375 0.24921875
2 0.85546875 0.22265625 0.0078125 0.03125
4 0.353125 0.284375 0.009375 0.0359375