4 0.1828125 0.20859375 0.0296875 0.0578125
0 0.19296875 0.109375 0.009375 0.0171875
4 0.29140625 0.35859375 0.053125 0.103125
4 0.25625 0.27109375 0.0359375 0.0734375
0 0.16640625 0.1 0.009375 0.0203125
4 0.85625 0.38828125 0.0078125 0.015625
0 0.25546875 0.1234375 0.00625 0.015625
4 0.9265625 0.42265625 0.0109375 0.01875
0 0.23984375 0.121875 0.009375 0.01875
4 0.96875 0.44375 0.009375 0.0171875
0 0.2484375 0.12265625 0.0078125 0.0171875
0 0.83046875 0.37265625 0.00625 0.0140625
4 0.29296875 0.14765625 0.0109375 0.0203125
4 0.33828125 0.15546875 0.0078125 0.0171875
0 0.4328125 0.18984375 0.00625 0.0125
4 0.80625 0.365625 0.0078125 0.0140625
4 0.26640625 0.140625 0.0109375 0.0203125
4 0.4890625 0.21171875 0.00625 0.0109375
4 0.4703125 0.20625 0.00625 0.0109375
4 0.890625 0.40390625 0.0078125 0.0171875
0 0.39765625 0.1765625 0.00625 0.0109375
4 0.57109375 0.24609375 0.00625 0.0109375
4 0.16015625 0.10625 0.0109375 0.0234375
0 0.2234375 0.11796875 0.0078125 0.0171875
0 0.78515625 0.35234375 0.0078125 0.0140625
4 0.6171875 0.26796875 0.00625 0.0140625
0 0.28359375 0.13203125 0.00625 0.0140625
0 0.4390625 0.1921875 0.00625 0.0140625
4 0.646875 0.2859375 0.00625 0.0109375
4 0.5265625 0.22578125 0.0046875 0.0109375
4 0.5484375 0.23671875 0.00625 0.0125
0 0.66328125 0.28984375 0.0046875 0.0109375
4 0.4796875 0.209375 0.00625 0.0109375
1 0.4453125 0.65234375 0.159375 0.3609375
4 0.64453125 0.2828125 0.0046875 0.0109375
4 0.97421875 0.4671875 0.009375 0.021875
0 0.71796875 0.31875 0.00625 0.0109375
0 0.609375 0.26171875 0.0046875 0.009375
1 0.546875 0.72265625 0.11875 0.2859375
4 0.63984375 0.28125 0.0046875 0.009375
4 0.50703125 0.21796875 0.0046875 0.0109375
0 0.9359375 0.42265625 0.0078125 0.0140625
0 0.69296875 0.30703125 0.00625 0.0140625
0 0.70078125 0.3109375 0.00625 0.0125
4 0.41796875 0.1859375 0.00625 0.0140625
0 0.88046875 0.39609375 0.00625 0.015625
4 0.6296875 0.2734375 0.00625 0.0109375
4 0.72265625 0.32578125 0.00625 0.015625
4 0.30546875 0.15078125 0.0078125 0.015625
0 0.37890625 0.1703125 0.00625 0.0125
0 0.346875 0.15625 0.0078125 0.0140625
4 0.65625 0.29140625 0.00625 0.0109375
4 0.7625 0.34609375 0.0078125 0.015625
0 0.5765625 0.246875 0.0046875 0.0109375
0 0.68125 0.29765625 0.0046875 0.0125
4 0.309375 0.146875 0.00625 0.015625
4 0.68828125 0.3078125 0.0078125 0.0171875
4 0.38828125 0.1765625 0.0078125 0.015625
4 0.22109375 0.1265625 0.0125 0.0234375
0 0.5421875 0.2328125 0.0046875 0.0109375
0 0.6390625 0.27578125 0.0046875 0.009375
0 0.7609375 0.34140625 0.00625 0.0140625
0 0.7375 0.3296875 0.00625 0.0125
4 0.59375 0.25625 0.0046875 0.0125
4 0.4515625 0.2 0.00625 0.0140625
0 0.31640625 0.1453125 0.00625 0.0140625
4 0.31875 0.14921875 0.0078125 0.0140625
4 0.4671875 0.7515625 0.0984375 0.1953125
0 0.51015625 0.21875 0.0046875 0.0109375
4 0.31328125 0.15078125 0.0078125 0.0171875