4 0.43203125 0.40546875 0.0234375 0.0671875
0 0.290625 0.3109375 0.009375 0.028125
4 0.55078125 0.55234375 0.05 0.134375
0 0.23828125 0.32734375 0.0125 0.0359375
4 0.42578125 0.31171875 0.009375 0.028125
0 0.39921875 0.3 0.00625 0.0203125
0 0.34453125 0.30234375 0.0078125 0.0234375
0 0.08515625 0.39765625 0.0234375 0.065625
0 0.18125 0.353125 0.015625 0.0453125
4 0.40625 0.3234375 0.009375 0.03125
0 0.9109375 0.29921875 0.0046875 0.0140625
0 0.534375 0.29609375 0.00625 0.01875
0 0.878125 0.29140625 0.0046875 0.0140625
4 0.409375 0.35 0.0140625 0.040625
4 0.51875 0.26015625 0.003125 0.0109375
4 0.08984375 0.23046875 0.0046875 0.0140625
0 0.5796875 0.29296875 0.0046875 0.0171875
4 0.62734375 0.303125 0.00625 0.01875
0 0.4703125 0.29921875 0.0046875 0.0171875
4 0.62421875 0.27109375 0.0046875 0.0140625
4 0.3671875 0.24296875 0.003125 0.0109375
0 0.17890625 0.23671875 0.0046875 0.0125
4 0.475 0.3078125 0.00625 0.0234375
4 0.91328125 0.31015625 0.0078125 0.0203125
4 0.55234375 0.30625 0.00625 0.021875
4 0.84921875 0.29453125 0.0046875 0.0109375
0 0.59921875 0.278125 0.0046875 0.0140625
0 0.60234375 0.28671875 0.0046875 0.0140625
0 0.08046875 0.2375 0.0046875 0.015625
0 0.253125 0.2375 0.003125 0.0125
4 0.42734375 0.24453125 0.003125 0.0109375
4 0.6703125 0.29765625 0.00625 0.0171875
0 0.5796875 0.2703125 0.003125 0.0125
0 0.38828125 0.2484375 0.0046875 0.0109375
4 0.86796875 0.2984375 0.00625 0.015625
4 0.415625 0.2484375 0.003125 0.009375
0 0.1421875 0.23828125 0.0046875 0.0140625
0 0.34921875 0.24453125 0.003125 0.0109375
4 0.47578125 0.25625 0.003125 0.0109375
0 0.5328125 0.265625 0.003125 0.0125
0 0.4859375 0.26171875 0.0046875 0.0140625
4 0.26484375 0.23515625 0.003125 0.0109375
0 0.446875 0.25703125 0.0046875 0.0140625
4 0.1671875 0.23125 0.003125 0.0125
4 0.440625 0.2515625 0.003125 0.0125
4 0.1296875 0.23046875 0.0046875 0.0140625
4 0.88828125 0.30390625 0.0078125 0.015625
4 0.671875 0.2875 0.0046875 0.0171875
4 0.6421875 0.26015625 0.003125 0.0109375
4 0.22421875 0.23046875 0.003125 0.0109375
0 0.28203125 0.23984375 0.003125 0.0109375
4 0.4953125 0.24921875 0.003125 0.0109375
1 0.92890625 0.3125 0.0078125 0.028125
4 0.8328125 0.2890625 0.0046875 0.0109375
0 0.8453125 0.28359375 0.0046875 0.0109375
4 0.37265625 0.24140625 0.003125 0.009375
4 0.75 0.27265625 0.0046875 0.009375
4 0.8125 0.28515625 0.0046875 0.0109375
4 0.78203125 0.278125 0.0046875 0.0109375
4 0.65 0.27890625 0.0046875 0.0140625
4 0.4625 0.246875 0.003125 0.009375
4 0.52265625 0.25 0.003125 0.0109375
4 0.60859375 0.2578125 0.003125 0.0109375
0 0.41796875 0.25390625 0.003125 0.0109375