2 0.27109375 0.30625 0.0375 0.0859375
2 0.16796875 0.19921875 0.025 0.05625
2 0.22265625 0.21484375 0.0234375 0.0515625
3 0.29609375 0.19453125 0.0140625 0.0296875
3 0.79765625 0.38203125 0.0109375 0.025
2 0.43671875 0.621875 0.09375 0.2015625
3 0.34140625 0.18984375 0.0078125 0.0234375
3 0.38515625 0.21328125 0.009375 0.0234375
3 0.4859375 0.24609375 0.0078125 0.0203125
3 0.94296875 0.44296875 0.009375 0.0234375
3 0.46796875 0.23125 0.0078125 0.0203125
3 0.9265625 0.446875 0.0109375 0.028125
3 0.215625 0.1609375 0.009375 0.025
3 0.23203125 0.1953125 0.0125 0.0375
3 0.8328125 0.3890625 0.009375 0.021875
3 0.6953125 0.3296875 0.0078125 0.0234375
3 0.72109375 0.334375 0.0078125 0.0203125
3 0.5890625 0.284375 0.0078125 0.0203125
3 0.5921875 0.278125 0.0078125 0.0203125