0 0.803125 0.30859375 0.021875 0.0546875
0 0.87734375 0.35546875 0.028125 0.071875
0 0.3078125 0.23203125 0.0140625 0.0359375
0 0.5078125 0.23984375 0.0140625 0.0359375
0 0.71171875 0.275 0.0171875 0.04375
0 0.90703125 0.44140625 0.04375 0.1109375
0 0.615625 0.2546875 0.0140625 0.0390625
4 0.534375 0.228125 0.0109375 0.028125
0 0.196875 0.2375 0.015625 0.040625
4 0.15 0.22421875 0.0140625 0.0359375
4 0.7984375 0.2703125 0.015625 0.0375
4 0.66796875 0.2453125 0.0140625 0.03125
1 0.82421875 0.5046875 0.0984375 0.2640625
4 0.94609375 0.3109375 0.021875 0.0515625
4 0.2890625 0.21953125 0.0109375 0.0296875
0 0.309375 0.70546875 0.0875 0.2390625
1 0.70703125 0.5703125 0.1234375 0.33125
0 0.77265625 0.5828125 0.078125 0.1890625
0 0.39765625 0.23203125 0.0125 0.034375