0 0.0640625 0.5078125 0.0296875 0.034375
0 0.309375 0.54453125 0.025 0.0375
0 0.40078125 0.50625 0.0109375 0.0140625
0 0.48046875 0.51953125 0.0109375 0.0171875
0 0.5046875 0.54609375 0.01875 0.0265625
0 0.55859375 0.52109375 0.0078125 0.0125
0 0.68671875 0.5890625 0.03125 0.0390625
0 0.72734375 0.56328125 0.0140625 0.0234375
0 0.75546875 0.540625 0.0078125 0.0109375
0 0.8 0.55078125 0.0109375 0.015625
0 0.8421875 0.575 0.0171875 0.0234375
0 0.8890625 0.56953125 0.0140625 0.01875
0 0.7640625 0.65546875 0.04375 0.065625
4 0.346875 0.515625 0.0140625 0.021875
4 0.596875 0.53984375 0.0140625 0.021875
4 0.60390625 0.53125 0.0078125 0.015625
4 0.6453125 0.5296875 0.009375 0.0125
4 0.68515625 0.53046875 0.0078125 0.0109375
4 0.83984375 0.55 0.009375 0.0125
4 0.8609375 0.56875 0.015625 0.0203125
4 0.88671875 0.5609375 0.0078125 0.015625
4 0.928125 0.57890625 0.0171875 0.021875
2 0.31328125 0.7953125 0.115625 0.1671875
2 0.5609375 0.6109375 0.0375 0.053125
2 0.71796875 0.565625 0.0203125 0.0265625
2 0.746875 0.55703125 0.0140625 0.01875
2 0.7484375 0.54453125 0.0109375 0.0140625
2 0.78046875 0.5546875 0.0125 0.0171875
2 0.81171875 0.5453125 0.0078125 0.0109375
2 0.89921875 0.5640625 0.0109375 0.015625
2 0.8484375 0.61015625 0.0296875 0.0390625