4 0.6609375 0.60859375 0.05625 0.1171875
0 0.35546875 0.44296875 0.03125 0.06875
0 0.47890625 0.4125 0.0171875 0.0375
0 0.425 0.4203125 0.0203125 0.046875
0 0.2671875 0.50859375 0.05 0.1140625
4 0.59609375 0.44765625 0.0203125 0.046875
4 0.5796875 0.48203125 0.0328125 0.0671875
4 0.35 0.35703125 0.009375 0.0203125
0 0.2453125 0.33359375 0.009375 0.021875
4 0.68515625 0.44453125 0.015625 0.0375
0 0.5640625 0.41328125 0.0140625 0.03125
4 0.1625 0.3078125 0.009375 0.01875
0 0.396875 0.37265625 0.009375 0.025
0 0.634375 0.40625 0.0109375 0.021875
0 0.321875 0.3546875 0.009375 0.0203125
0 0.70703125 0.4234375 0.0109375 0.025
4 0.23125 0.321875 0.009375 0.0203125
4 0.72734375 0.4171875 0.009375 0.0203125
0 0.6859375 0.41484375 0.0109375 0.021875
0 0.1890625 0.31953125 0.009375 0.0203125
0 0.64921875 0.41796875 0.0125 0.028125
4 0.5109375 0.38671875 0.009375 0.01875
4 0.590625 0.3953125 0.0078125 0.01875
4 0.78359375 0.4359375 0.0109375 0.025
4 0.42578125 0.37421875 0.009375 0.0203125
0 0.48984375 0.38828125 0.0109375 0.021875
0 0.11171875 0.30625 0.009375 0.0234375
4 0.6625 0.40390625 0.009375 0.0203125
0 0.5640625 0.3984375 0.009375 0.021875
4 0.290625 0.33984375 0.009375 0.01875
4 0.8140625 0.45703125 0.015625 0.0328125
4 0.753125 0.45078125 0.0171875 0.034375
4 0.81015625 0.4484375 0.0109375 0.028125