0 0.79765625 0.35546875 0.0078125 0.028125
0 0.05546875 0.25390625 0.0078125 0.028125
4 0.35703125 0.50859375 0.0390625 0.1265625
0 0.08671875 0.23828125 0.00625 0.0203125
4 0.2625 0.41015625 0.028125 0.0828125
0 0.04375 0.265625 0.0109375 0.034375
4 0.73671875 0.3609375 0.0109375 0.034375
1 0.2140625 0.3390625 0.0171875 0.0921875
4 0.19453125 0.32578125 0.015625 0.046875
0 0.06953125 0.24296875 0.00625 0.0234375
1 0.2328125 0.35390625 0.034375 0.10625
4 0.9125 0.403125 0.0171875 0.0453125
0 0.096875 0.23203125 0.0046875 0.0171875
0 0.75625 0.34140625 0.00625 0.0234375
4 0.1703125 0.28046875 0.009375 0.03125
0 0.72265625 0.3234375 0.00625 0.01875
0 0.11953125 0.221875 0.003125 0.0140625
4 0.628125 0.75703125 0.040625 0.1671875
0 0.6765625 0.309375 0.0046875 0.0171875
0 0.13515625 0.221875 0.003125 0.0140625
4 0.17890625 0.234375 0.003125 0.0140625
4 0.1796875 0.29921875 0.0109375 0.0359375
4 0.65234375 0.3125 0.00625 0.01875
4 0.165625 0.26484375 0.00625 0.025
0 0.2296875 0.23125 0.003125 0.0125
0 0.9171875 0.384375 0.0078125 0.034375
0 0.103125 0.225 0.003125 0.0140625
4 0.67421875 0.33671875 0.0078125 0.028125
4 0.21953125 0.23359375 0.003125 0.0140625
4 0.65625 0.32109375 0.00625 0.0203125
0 0.75234375 0.33671875 0.0046875 0.0203125
0 0.621875 0.29609375 0.0015625 0.015625
4 0.21953125 0.36484375 0.0171875 0.0609375
4 0.61875 0.3015625 0.0046875 0.01875