0 0.19609375 0.57109375 0.040625 0.096875
0 0.2890625 0.49453125 0.028125 0.06484375
0 0.190625 0.459375 0.02109375 0.04375
0 0.1921875 0.4296875 0.015625 0.03515625
0 0.296875 0.41015625 0.01171875 0.02578125
0 0.375 0.39765625 0.00859375 0.0234375
0 0.36484375 0.36953125 0.0046875 0.0109375
0 0.37734375 0.36796875 0.00390625 0.0109375
0 0.39140625 0.36640625 0.00546875 0.01015625
0 0.3984375 0.37109375 0.0046875 0.01171875
0 0.39609375 0.36015625 0.003125 0.00546875
0 0.40859375 0.365625 0.00390625 0.00859375
0 0.41640625 0.36171875 0.00390625 0.00859375
0 0.434375 0.371875 0.0046875 0.0109375
0 0.4375 0.36328125 0.003125 0.00859375
0 0.45078125 0.3625 0.00390625 0.01015625
0 0.43984375 0.36015625 0.00234375 0.00703125
0 0.45546875 0.3609375 0.00390625 0.009375
0 0.4671875 0.37109375 0.0046875 0.009375
0 0.46796875 0.375 0.00390625 0.009375
0 0.4640625 0.390625 0.00625 0.01875
0 0.4875 0.35546875 0.003125 0.00625
0 0.49453125 0.38359375 0.00546875 0.01484375
0 0.5171875 0.38125 0.0046875 0.0109375
0 0.51796875 0.37578125 0.0046875 0.01015625
0 0.921875 0.38046875 0.0046875 0.0109375
0 0.8890625 0.3765625 0.0046875 0.0109375
0 0.83984375 0.37578125 0.00703125 0.01328125
0 0.80078125 0.37578125 0.00703125 0.0140625
0 0.74609375 0.36953125 0.0046875 0.01171875
0 0.6953125 0.36875 0.0046875 0.0109375
0 0.63671875 0.36796875 0.00546875 0.0109375
0 0.57734375 0.365625 0.00390625 0.0109375
4 0.428125 0.359375 0.003125 0.00703125
4 0.43203125 0.35859375 0.003125 0.00625
4 0.446875 0.36796875 0.00390625 0.0109375
4 0.4421875 0.35859375 0.003125 0.00703125
4 0.4625 0.36875 0.00390625 0.0109375
4 0.46015625 0.359375 0.00390625 0.009375
4 0.48203125 0.359375 0.00390625 0.00859375
4 0.48515625 0.35625 0.00234375 0.00546875
4 0.49140625 0.36484375 0.00390625 0.009375
4 0.496875 0.37578125 0.00390625 0.009375
4 0.509375 0.36328125 0.00390625 0.009375
4 0.50703125 0.36015625 0.00234375 0.00703125
4 0.51796875 0.36953125 0.00390625 0.009375
4 0.51796875 0.36328125 0.0046875 0.009375
4 0.534375 0.37109375 0.00546875 0.01171875
4 0.54140625 0.36953125 0.0046875 0.01171875
4 0.5421875 0.3625 0.0046875 0.01015625
4 0.5375 0.3625 0.0046875 0.01015625
4 0.5296875 0.35703125 0.003125 0.00625
4 0.54765625 0.36171875 0.00390625 0.00859375
4 0.55078125 0.36015625 0.00390625 0.00703125
4 0.5671875 0.371875 0.00625 0.01328125
4 0.5296875 0.43125 0.015625 0.0359375
4 0.52578125 0.4125 0.0125 0.0265625
4 0.58203125 0.453125 0.02109375 0.046875
4 0.721875 0.49609375 0.034375 0.06875
4 0.9078125 0.40859375 0.0140625 0.0296875
4 0.853125 0.39765625 0.0109375 0.0234375
4 0.76484375 0.3875 0.0078125 0.01953125
4 0.72109375 0.38125 0.0078125 0.01640625
4 0.6890625 0.378125 0.00625 0.01484375
4 0.678125 0.37578125 0.00703125 0.01484375
4 0.65859375 0.37421875 0.00625 0.01484375
4 0.6140625 0.39375 0.00859375 0.021875
4 0.62265625 0.38671875 0.0078125 0.01875
4 0.6234375 0.38125 0.0078125 0.01484375
4 0.63125 0.378125 0.00703125 0.01640625
4 0.6234375 0.371875 0.0078125 0.0140625
4 0.6046875 0.375 0.00703125 0.01484375
4 0.58046875 0.40234375 0.01171875 0.025
4 0.58359375 0.36953125 0.0046875 0.0140625