0 0.10234375 0.39609375 0.0234375 0.0453125
0 0.321875 0.54609375 0.0609375 0.109375
0 0.44296875 0.428125 0.0234375 0.0421875
0 0.27890625 0.4015625 0.021875 0.0375
0 0.459375 0.48046875 0.0375 0.06875
0 0.09609375 0.35234375 0.0125 0.0171875
0 0.28984375 0.36796875 0.0109375 0.015625
0 0.45 0.3765625 0.0125 0.015625
0 0.5625 0.38125 0.009375 0.0140625
0 0.6796875 0.38984375 0.0109375 0.0140625
0 0.76484375 0.40546875 0.0140625 0.015625
0 0.8390625 0.41796875 0.015625 0.0171875
4 0.76875 0.45703125 0.025 0.04375
4 0.21953125 0.375 0.0171875 0.0328125
4 0.89609375 0.52890625 0.0421875 0.0734375
4 0.63125 0.4265625 0.0203125 0.0375
4 0.50625 0.4046875 0.0171875 0.0328125
4 0.375 0.3859375 0.015625 0.0296875