0 0.20078125 0.871875 0.1359375 0.1765625
0 0.203125 0.54921875 0.0140625 0.0203125
0 0.30078125 0.51640625 0.0078125 0.0125
0 0.37578125 0.57578125 0.03125 0.040625
0 0.553125 0.51640625 0.0203125 0.0203125
0 0.3703125 0.51484375 0.0109375 0.015625
4 0.1609375 0.6609375 0.053125 0.0625
4 0.06484375 0.58671875 0.0203125 0.028125
4 0.290625 0.5609375 0.0234375 0.0296875
4 0.3046875 0.52109375 0.009375 0.0140625
4 0.44609375 0.6125 0.05 0.046875
4 0.9265625 0.671875 0.1046875 0.125
4 0.778125 0.50625 0.03125 0.028125
4 0.4875 0.509375 0.0125 0.0203125
4 0.415625 0.51953125 0.0125 0.0203125
2 0.909375 0.51953125 0.0453125 0.0375