0 0.4921875 0.5484375 0.05 0.10625
0 0.646875 0.43671875 0.0328125 0.06875
0 0.09140625 0.51328125 0.028125 0.0578125
0 0.3015625 0.43203125 0.015625 0.0359375
0 0.76640625 0.39296875 0.028125 0.0578125
4 0.1828125 0.4484375 0.0171875 0.040625
0 0.221875 0.82890625 0.0890625 0.184375
0 0.34375 0.409375 0.0140625 0.03125
0 0.2484375 0.40703125 0.0109375 0.0234375
0 0.228125 0.4625 0.0203125 0.046875
4 0.1953125 0.428125 0.0109375 0.028125
4 0.0421875 0.4953125 0.021875 0.0453125
0 0.8984375 0.36484375 0.025 0.0515625
2 0.490625 0.34921875 0.00625 0.0140625
0 0.0640625 0.434375 0.0140625 0.028125
4 0.12890625 0.4328125 0.0125 0.025
0 0.19453125 0.41328125 0.0125 0.025
4 0.046875 0.4484375 0.015625 0.0296875
0 0.31015625 0.40390625 0.0125 0.0265625
2 0.51328125 0.34609375 0.00625 0.0140625
4 0.21796875 0.43046875 0.0109375 0.0265625
4 0.95625 0.53125 0.0578125 0.1390625
0 0.13359375 0.421875 0.0109375 0.0265625
2 0.53671875 0.3453125 0.00625 0.015625