0 0.14921875 0.4296875 0.0296875 0.071875
0 0.28203125 0.378125 0.0203125 0.053125
0 0.375 0.346875 0.015625 0.040625
0 0.70234375 0.29375 0.0078125 0.025
0 0.56640625 0.31328125 0.0109375 0.0296875
0 0.7625 0.28671875 0.009375 0.0234375
0 0.478125 0.328125 0.0140625 0.0359375
4 0.78125 0.30625 0.0125 0.03125
4 0.6203125 0.3515625 0.0171875 0.0484375
4 0.43984375 0.575 0.0578125 0.1453125
4 0.49609375 0.40703125 0.0265625 0.0703125
4 0.70859375 0.32578125 0.0140625 0.0375
0 0.640625 0.30390625 0.009375 0.028125
4 0.8328125 0.29453125 0.0109375 0.0265625
0 0.834375 0.28203125 0.00625 0.0203125
4 0.89296875 0.2890625 0.0109375 0.025
0 0.91015625 0.28125 0.009375 0.021875
0 0.62109375 0.2375 0.003125 0.0125
0 0.61875 0.22421875 0.003125 0.009375
4 0.61171875 0.2296875 0.0046875 0.0140625
4 0.60390625 0.22890625 0.003125 0.0109375
4 0.5859375 0.23125 0.003125 0.0109375
4 0.5796875 0.23125 0.003125 0.0109375
0 0.5828125 0.2359375 0.0046875 0.0140625
4 0.56640625 0.2328125 0.003125 0.0109375
0 0.553125 0.23359375 0.0046875 0.0140625
0 0.53359375 0.23359375 0.003125 0.0109375
4 0.64921875 0.23125 0.0046875 0.0140625
0 0.67421875 0.23671875 0.0046875 0.0140625
0 0.678125 0.221875 0.003125 0.0109375
4 0.68828125 0.23046875 0.0046875 0.0140625
0 0.7234375 0.23359375 0.0046875 0.0140625
0 0.7984375 0.22734375 0.0046875 0.0140625
4 0.8046875 0.225 0.0046875 0.0125
0 0.75859375 0.23046875 0.0046875 0.0125
0 0.83828125 0.22734375 0.0046875 0.0125
4 0.828125 0.221875 0.0046875 0.0109375
4 0.859375 0.221875 0.0046875 0.0140625
4 0.04609375 0.27421875 0.0046875 0.0140625
4 0.01796875 0.2671875 0.0046875 0.0109375