0 0.55 0.33046875 0.0140625 0.0390625
4 0.81875 0.35 0.01875 0.04375
4 0.5484375 0.521875 0.046875 0.125
4 0.628125 0.37734375 0.0234375 0.059375
4 0.86171875 0.340625 0.01875 0.0375
4 0.575 0.41875 0.0296875 0.078125
4 0.8375 0.309375 0.0109375 0.0265625
0 0.6625 0.32421875 0.0125 0.034375
4 0.81328125 0.303125 0.009375 0.021875
0 0.428125 0.3453125 0.0171875 0.0484375
0 0.0953125 0.4703125 0.05 0.109375
4 0.87265625 0.3296875 0.0140625 0.034375
4 0.75 0.29375 0.0078125 0.0203125
4 0.6921875 0.36015625 0.01875 0.05
4 0.8640625 0.31875 0.0109375 0.028125
0 0.29140625 0.38125 0.025 0.0640625
0 0.71953125 0.30859375 0.009375 0.0265625
4 0.73671875 0.2828125 0.00625 0.015625
0 0.6953125 0.29453125 0.0078125 0.0203125
4 0.759375 0.27578125 0.0046875 0.0140625
4 0.7796875 0.296875 0.0078125 0.0203125
0 0.64375 0.28671875 0.0078125 0.0203125
0 0.603125 0.28125 0.00625 0.0171875
0 0.6921875 0.3203125 0.0125 0.0328125
4 0.6453125 0.7421875 0.0578125 0.1703125
0 0.65546875 0.2765625 0.00625 0.0171875
0 0.715625 0.31484375 0.0109375 0.028125
4 0.765625 0.27734375 0.0046875 0.0109375
0 0.59609375 0.27734375 0.00625 0.0171875
4 0.68828125 0.28125 0.00625 0.0171875
0 0.675 0.29140625 0.0078125 0.0203125
0 0.62109375 0.27734375 0.00625 0.015625
4 0.75703125 0.28203125 0.0046875 0.0140625
4 0.7046875 0.28828125 0.00625 0.0203125
0 0.70859375 0.2984375 0.009375 0.025
4 0.678125 0.2828125 0.00625 0.0171875
4 0.80234375 0.27421875 0.0046875 0.0125
0 0.71328125 0.29453125 0.0046875 0.009375
4 0.7796875 0.2734375 0.0046875 0.0125