0 0.375 0.60546875 0.059375 0.121875
4 0.88359375 0.625 0.0875 0.171875
0 0.4703125 0.50546875 0.0390625 0.08125
0 0.175 0.5203125 0.0296875 0.065625
4 0.746875 0.38828125 0.0171875 0.0375
0 0.36953125 0.484375 0.025 0.05625
4 0.66015625 0.39609375 0.0140625 0.034375
4 0.409375 0.453125 0.01875 0.040625
4 0.86796875 0.39375 0.021875 0.0515625
0 0.06015625 0.48203125 0.0140625 0.028125
4 0.13203125 0.4828125 0.0171875 0.034375
4 0.56328125 0.4078125 0.0109375 0.028125
4 0.1453125 0.4953125 0.0171875 0.0453125
0 0.70078125 0.38046875 0.0125 0.028125
0 0.81796875 0.36640625 0.0140625 0.03125
2 0.56640625 0.3796875 0.0078125 0.0171875
2 0.32890625 0.41640625 0.00625 0.015625
0 0.5828125 0.39765625 0.0109375 0.0265625
4 0.2796875 0.475 0.01875 0.040625
4 0.84453125 0.37890625 0.0171875 0.0421875
4 0.63984375 0.4390625 0.0265625 0.0578125
2 0.3921875 0.40625 0.00625 0.0171875
2 0.6921875 0.359375 0.009375 0.0171875
2 0.6234375 0.36953125 0.00625 0.015625
4 0.3578125 0.44296875 0.0109375 0.028125
4 0.2484375 0.4640625 0.0140625 0.03125
2 0.43515625 0.39921875 0.00625 0.0171875
2 0.28203125 0.4234375 0.00625 0.015625
2 0.3625 0.41015625 0.00625 0.015625
4 0.52421875 0.4390625 0.0203125 0.0453125
4 0.74609375 0.47890625 0.040625 0.0875
4 0.4609375 0.42734375 0.0125 0.0296875
2 0.5046875 0.38984375 0.0078125 0.0171875
0 0.36328125 0.434375 0.0109375 0.025