0 0.29921875 0.590625 0.053125 0.125
0 0.48984375 0.48046875 0.034375 0.078125
0 0.8796875 0.39375 0.021875 0.053125
0 0.75 0.4046875 0.021875 0.053125
0 0.63203125 0.43359375 0.0265625 0.0640625
4 0.4578125 0.33984375 0.0046875 0.0140625
2 0.396875 0.34921875 0.0046875 0.0140625
4 0.26015625 0.3640625 0.0046875 0.015625
2 0.29375 0.36015625 0.00625 0.0171875
4 0.81953125 0.55 0.0546875 0.13125
4 0.9375 0.46484375 0.040625 0.0984375
0 0.31953125 0.35 0.0046875 0.0140625
4 0.46015625 0.33671875 0.0046875 0.0109375
4 0.44296875 0.33671875 0.0046875 0.0125
0 0.4390625 0.34453125 0.0046875 0.0140625
0 0.42265625 0.34140625 0.0046875 0.0125
0 0.41953125 0.34375 0.0046875 0.0140625
4 0.4140625 0.3390625 0.0046875 0.0109375
0 0.40234375 0.340625 0.0046875 0.0109375
4 0.2796875 0.35625 0.0046875 0.0125
0 0.2765625 0.3578125 0.0046875 0.0140625
4 0.25 0.36015625 0.0046875 0.0125
0 0.30078125 0.35703125 0.0046875 0.0140625
0 0.2984375 0.35390625 0.0046875 0.0109375
2 0.3359375 0.35546875 0.0046875 0.015625
0 0.340625 0.353125 0.003125 0.0109375
0 0.3890625 0.34921875 0.0046875 0.015625
4 0.390625 0.34140625 0.0046875 0.0125