0 0.34140625 0.61640625 0.05625 0.1296875
0 0.47109375 0.4125 0.01875 0.046875
4 0.73125 0.44453125 0.0390625 0.0875
4 0.77109375 0.3328125 0.01875 0.0390625
0 0.88046875 0.3 0.015625 0.034375
4 0.94296875 0.63359375 0.096875 0.203125
4 0.8421875 0.33828125 0.021875 0.05
4 0.65625 0.3828125 0.0234375 0.0515625
0 0.4984375 0.36484375 0.0125 0.0296875
0 0.51171875 0.3421875 0.009375 0.0203125
0 0.48671875 0.38359375 0.015625 0.0375
0 0.4359375 0.46640625 0.03125 0.0703125
4 0.6265625 0.35625 0.015625 0.0359375
4 0.78828125 0.28125 0.00625 0.0171875
0 0.85703125 0.290625 0.0125 0.0296875
4 0.77734375 0.278125 0.00625 0.0171875
0 0.88046875 0.26796875 0.009375 0.0203125
4 0.596875 0.3328125 0.0109375 0.0234375
4 0.65234375 0.29765625 0.00625 0.0140625
0 0.86484375 0.27890625 0.009375 0.0234375
0 0.63359375 0.2984375 0.0046875 0.0140625
0 0.846875 0.2625 0.0078125 0.0171875
4 0.76171875 0.3 0.0109375 0.0265625
0 0.8875 0.2609375 0.0078125 0.01875
0 0.5046875 0.3515625 0.009375 0.0234375
4 0.73828125 0.3265625 0.015625 0.0359375
4 0.61015625 0.30859375 0.00625 0.015625
4 0.61015625 0.34296875 0.0125 0.0296875
0 0.5171875 0.334375 0.00625 0.0171875
0 0.51953125 0.32890625 0.00625 0.015625
4 0.58828125 0.32734375 0.009375 0.01875
0 0.54453125 0.3203125 0.0046875 0.0140625
4 0.5828125 0.321875 0.00625 0.015625
4 0.70078125 0.28828125 0.00625 0.0140625
0 0.75859375 0.27421875 0.0046875 0.0140625
4 0.5890625 0.315625 0.0078125 0.0171875
0 0.69296875 0.28671875 0.00625 0.0140625
4 0.74453125 0.3125 0.0140625 0.03125
4 0.78515625 0.28671875 0.009375 0.0203125
0 0.8046875 0.2671875 0.00625 0.0140625
4 0.7546875 0.27890625 0.00625 0.0171875