4 0.58984375 0.40078125 0.0234375 0.0625
4 0.55390625 0.4265625 0.0296875 0.078125
0 0.53359375 0.32734375 0.0140625 0.0390625
0 0.4078125 0.30859375 0.01875 0.0484375
4 0.84140625 0.40703125 0.0109375 0.028125
0 0.26015625 0.31015625 0.0265625 0.0671875
4 0.50703125 0.54921875 0.05625 0.1375
4 0.7609375 0.41328125 0.0140625 0.040625
0 0.69296875 0.36484375 0.0109375 0.03125
4 0.81640625 0.42265625 0.0140625 0.0359375
4 0.846875 0.4234375 0.0125 0.0328125
4 0.8140625 0.3890625 0.009375 0.025
0 0.6421875 0.3515625 0.0125 0.03125
4 0.7734375 0.36796875 0.0078125 0.0203125
0 0.865625 0.378125 0.0046875 0.0140625
4 0.67421875 0.4 0.0203125 0.0484375
4 0.8953125 0.3921875 0.0046875 0.0140625
0 0.8859375 0.38515625 0.0046875 0.0125
0 0.91875 0.39609375 0.0046875 0.0125
0 0.7 0.3453125 0.00625 0.0234375
0 0.83984375 0.3703125 0.0046875 0.0140625
0 0.6703125 0.33046875 0.0078125 0.021875
0 0.9640625 0.40625 0.0046875 0.0109375
4 0.95234375 0.41171875 0.00625 0.0140625
0 0.78984375 0.35078125 0.0046875 0.0125
0 0.740625 0.33203125 0.0046875 0.0125
4 0.66875 0.321875 0.00625 0.0171875
4 0.928125 0.40390625 0.0046875 0.0140625
0 0.6125 0.3046875 0.0078125 0.0203125
4 0.746875 0.3375 0.0046875 0.0140625
0 0.9359375 0.40078125 0.0046875 0.0109375
0 0.69453125 0.315625 0.0046875 0.0125
4 0.6390625 0.30625 0.00625 0.0140625
0 0.58828125 0.28359375 0.0046875 0.0140625
0 0.57734375 0.2875 0.0078125 0.0171875
0 0.93984375 0.40078125 0.0046875 0.0109375
0 0.903125 0.39140625 0.0046875 0.0140625
0 0.5703125 0.28125 0.00625 0.015625
4 0.85859375 0.3796875 0.0046875 0.0140625
4 0.7140625 0.325 0.0046875 0.0140625
4 0.6859375 0.31640625 0.0046875 0.0140625
4 0.725 0.34609375 0.00625 0.01875
4 0.6609375 0.309375 0.0046875 0.0140625
0 0.94375 0.4015625 0.0046875 0.0109375
4 0.7734375 0.346875 0.0046875 0.0140625
4 0.8203125 0.365625 0.0046875 0.0125
0 0.615625 0.290625 0.0046875 0.0140625
0 0.94921875 0.4015625 0.0046875 0.0109375
0 0.65234375 0.30078125 0.0046875 0.0125
0 0.71875 0.35703125 0.0078125 0.021875
0 0.725 0.36328125 0.009375 0.025
0 0.71875 0.36796875 0.0109375 0.028125
4 0.64296875 0.30546875 0.00625 0.015625
4 0.64609375 0.3109375 0.00625 0.0171875
0 0.81953125 0.36171875 0.003125 0.0109375