0 0.18359375 0.18515625 0.015625 0.040625
0 0.21640625 0.23515625 0.021875 0.053125
0 0.865625 0.4203125 0.0078125 0.021875
0 0.165625 0.2796875 0.0359375 0.078125
4 0.45859375 0.44296875 0.0390625 0.1
4 0.43046875 0.3234375 0.0203125 0.05625
0 0.1140625 0.134375 0.0140625 0.034375
4 0.2015625 0.15234375 0.0109375 0.025
4 0.85078125 0.4234375 0.009375 0.0265625
0 0.778125 0.38359375 0.0078125 0.0203125
0 0.70859375 0.3515625 0.00625 0.01875
4 0.95546875 0.46875 0.0125 0.0296875
4 0.3828125 0.2609375 0.0140625 0.0375
4 0.19765625 0.115625 0.0046875 0.0140625
4 0.434375 0.22734375 0.00625 0.0171875
1 0.63046875 0.31015625 0.009375 0.03125
0 0.9421875 0.4515625 0.009375 0.025
4 0.609375 0.3125 0.00625 0.0203125
4 0.56328125 0.2890625 0.00625 0.0203125
4 0.76875 0.38984375 0.009375 0.025
0 0.378125 0.19296875 0.0046875 0.015625
4 0.47265625 0.24609375 0.00625 0.0171875
4 0.11953125 0.0859375 0.0046875 0.0140625
0 0.5578125 0.2828125 0.00625 0.0171875
4 0.68515625 0.35 0.0078125 0.0234375
4 0.29765625 0.20546875 0.0125 0.0296875
1 0.62265625 0.31328125 0.0109375 0.0328125
0 0.63828125 0.31953125 0.00625 0.01875
0 0.4265625 0.21796875 0.0046875 0.0140625
4 0.36171875 0.19140625 0.0046875 0.0140625
0 0.51953125 0.26484375 0.0046875 0.015625
4 0.515625 0.26640625 0.00625 0.01875
4 0.40078125 0.209375 0.0046875 0.015625
0 0.14453125 0.096875 0.0046875 0.0125
0 0.47578125 0.24296875 0.0046875 0.0140625
1 0.653125 0.321875 0.0109375 0.03125
4 0.5125 0.7953125 0.04375 0.1171875
1 0.59921875 0.3 0.009375 0.0359375
0 0.21875 0.12578125 0.0046875 0.0140625
4 0.2609375 0.14375 0.0046875 0.0140625
0 0.275 0.14921875 0.0046875 0.0140625
4 0.3109375 0.16875 0.0046875 0.0109375
0 0.32421875 0.16796875 0.0046875 0.0140625
0 0.5953125 0.2984375 0.00625 0.0171875