4 0.71171875 0.2953125 0.0171875 0.0609375
0 0.8625 0.18125 0.00625 0.021875
0 0.46796875 0.390625 0.0234375 0.0796875
0 0.4453125 0.4734375 0.034375 0.115625
0 0.4265625 0.31796875 0.0125 0.04375
4 0.753125 0.20390625 0.00625 0.0203125
0 0.44375 0.32890625 0.0140625 0.0515625
4 0.84765625 0.19140625 0.00625 0.0234375
4 0.79765625 0.328125 0.0234375 0.0796875
0 0.3859375 0.27734375 0.0046875 0.025
4 0.5546875 0.26875 0.009375 0.0359375
0 0.38125 0.2921875 0.0078125 0.03125
0 0.40546875 0.30546875 0.0109375 0.0375
4 0.63984375 0.28046875 0.0125 0.0453125
4 0.509375 0.2484375 0.00625 0.021875
4 0.9375 0.4078125 0.025 0.1234375
0 0.3578125 0.61640625 0.053125 0.1734375
4 0.6296875 0.2203125 0.0046875 0.0203125
4 0.50625 0.26328125 0.0078125 0.028125
0 0.425 0.26171875 0.0046875 0.0203125
4 0.5984375 0.275 0.0109375 0.0421875
0 0.69609375 0.203125 0.0046875 0.0171875
0 0.77578125 0.1921875 0.00625 0.01875
0 0.46484375 0.35234375 0.0171875 0.0640625
4 0.678125 0.21328125 0.0046875 0.0203125
4 0.57890625 0.2296875 0.0046875 0.0203125
0 0.48046875 0.24453125 0.0046875 0.01875
4 0.5 0.25546875 0.00625 0.025
4 0.53671875 0.240625 0.00625 0.0203125
0 0.54453125 0.23046875 0.0046875 0.0171875
0 0.61796875 0.21640625 0.0046875 0.0171875
3 0.68125 0.18828125 0.0015625 0.0078125
3 0.83984375 0.16328125 0.0015625 0.009375
3 0.65390625 0.1890625 0.0015625 0.00625
3 0.78125 0.1734375 0.0015625 0.0078125
3 0.75859375 0.178125 0.0015625 0.0109375
3 0.8140625 0.16796875 0.0015625 0.009375
3 0.82734375 0.16875 0.0015625 0.009375
3 0.81953125 0.16328125 0.0015625 0.009375
3 0.84453125 0.16171875 0.0015625 0.009375
3 0.87890625 0.15234375 0.0015625 0.00625
3 0.8921875 0.15703125 0.0015625 0.009375
3 0.9015625 0.15234375 0.0015625 0.009375
3 0.92890625 0.1421875 0.0015625 0.009375
3 0.9234375 0.1390625 0.0015625 0.00625
3 0.7140625 0.18125 0.0015625 0.0078125
3 0.62578125 0.1953125 0.0015625 0.0078125
3 0.61328125 0.1953125 0.0015625 0.0078125
3 0.6078125 0.19765625 0.0015625 0.0078125
3 0.5828125 0.2015625 0.0015625 0.009375
3 0.5765625 0.2015625 0.0015625 0.0078125
3 0.53671875 0.21171875 0.0015625 0.00625
3 0.52890625 0.21171875 0.0015625 0.00625
3 0.428125 0.234375 0.003125 0.009375
3 0.4671875 0.2296875 0.0015625 0.009375
3 0.4734375 0.225 0.0015625 0.0109375
3 0.51484375 0.21875 0.0015625 0.0109375
3 0.52265625 0.21328125 0.003125 0.0109375
3 0.47890625 0.22421875 0.0015625 0.0078125
3 0.45703125 0.22890625 0.0015625 0.0078125
3 0.47734375 0.22109375 0.0015625 0.009375
3 0.4078125 0.24140625 0.003125 0.0109375
3 0.4453125 0.22265625 0.0015625 0.00625
3 0.39453125 0.23984375 0.0015625 0.0078125
3 0.38671875 0.23671875 0.0015625 0.0078125
3 0.92578125 0.13359375 0.0015625 0.0046875
3 0.45078125 0.22109375 0.0015625 0.0046875
3 0.434375 0.22578125 0.0015625 0.00625
3 0.4234375 0.2265625 0.0015625 0.00625
3 0.42265625 0.22890625 0.0015625 0.00625
3 0.41015625 0.23203125 0.0015625 0.00625
3 0.4046875 0.22890625 0.0015625 0.00625
3 0.3578125 0.24765625 0.003125 0.0109375