0 0.40703125 0.4703125 0.0421875 0.084375
0 0.27421875 0.53125 0.0703125 0.134375
4 0.365625 0.38984375 0.021875 0.0453125
4 0.8609375 0.578125 0.034375 0.0703125
4 0.23046875 0.3546875 0.021875 0.046875
0 0.315625 0.4046875 0.0265625 0.0578125
0 0.76484375 0.4765625 0.0140625 0.03125
4 0.69765625 0.46953125 0.01875 0.0375
4 0.74765625 0.746875 0.0859375 0.1703125
4 0.8 0.5203125 0.0234375 0.05
0 0.87265625 0.5125 0.015625 0.034375
4 0.78515625 0.49765625 0.0203125 0.040625
0 0.209375 0.321875 0.0140625 0.03125
4 0.525 0.41484375 0.0171875 0.03125
4 0.4234375 0.38671875 0.015625 0.03125
0 0.65859375 0.44296875 0.0125 0.0265625
4 0.6171875 0.4421875 0.015625 0.0328125
4 0.31875 0.359375 0.015625 0.034375
0 0.3265625 0.353125 0.0109375 0.025
0 0.54609375 0.4109375 0.0125 0.0265625
0 0.434375 0.38125 0.0125 0.028125
4 0.58671875 0.4734375 0.0265625 0.0578125
4 0.47734375 0.428125 0.0203125 0.0421875
0 0.075 0.3640625 0.0296875 0.078125
4 0.20234375 0.33046875 0.0171875 0.0359375
4 0.671875 0.5546875 0.04375 0.084375