0 0.73359375 0.2265625 0.0453125 0.071875
0 0.84296875 0.28203125 0.06875 0.1125
0 0.41171875 0.44375 0.0703125 0.115625
0 0.55390625 0.2484375 0.0328125 0.05
0 0.48046875 0.2453125 0.025 0.040625
0 0.4234375 0.24765625 0.021875 0.0328125
0 0.37265625 0.2515625 0.01875 0.028125
0 0.825 0.10546875 0.0203125 0.03125
4 0.82109375 0.15546875 0.0328125 0.0515625
4 0.8625 0.1328125 0.034375 0.0484375
4 0.59921875 0.19375 0.025 0.0359375
4 0.675 0.18125 0.025 0.040625
4 0.49609375 0.20546875 0.0140625 0.025
4 0.70859375 0.16015625 0.0234375 0.0375
2 0.36171875 0.25 0.015625 0.028125
2 0.809375 0.11015625 0.0171875 0.0296875
2 0.69375 0.1640625 0.0234375 0.0359375
2 0.49140625 0.20546875 0.0125 0.0234375