0 0.13984375 0.39453125 0.0296875 0.1
0 0.49765625 0.3203125 0.009375 0.0421875
4 0.521875 0.38359375 0.0171875 0.06875
4 0.46015625 0.4578125 0.025 0.10625
0 0.634375 0.328125 0.009375 0.0375
4 0.6140625 0.3625 0.0125 0.053125
0 0.92734375 0.3796875 0.009375 0.0375
0 0.76953125 0.34765625 0.009375 0.0359375
0 0.34453125 0.33125 0.015625 0.059375
4 0.71640625 0.36328125 0.0109375 0.0453125
3 0.1015625 0.2203125 0.00625 0.025
3 0.16640625 0.2421875 0.009375 0.028125
4 0.82890625 0.37734375 0.0109375 0.0421875
3 0.209375 0.2359375 0.003125 0.025
4 0.51953125 0.72421875 0.0578125 0.2203125