0 0.2546875 0.59765625 0.05 0.1125
4 0.6109375 0.45 0.0359375 0.0734375
4 0.74921875 0.34765625 0.0171875 0.0375
4 0.68125 0.36875 0.0203125 0.04375
0 0.55234375 0.37734375 0.015625 0.0359375
0 0.6421875 0.35078125 0.0140625 0.03125
4 0.625 0.4015625 0.025 0.053125
0 0.71953125 0.33046875 0.0125 0.028125
2 0.08046875 0.44609375 0.0140625 0.03125
0 0.353125 0.47578125 0.028125 0.0625
0 0.8296875 0.31328125 0.0140625 0.0296875
4 0.809375 0.33046875 0.0171875 0.034375
2 0.15234375 0.42421875 0.0109375 0.025
2 0.2265625 0.40390625 0.009375 0.021875
4 0.678125 0.5453125 0.0578125 0.125
0 0.453125 0.41640625 0.01875 0.0453125