0 0.609375 0.49609375 0.04375 0.134375
0 0.134375 0.32734375 0.015625 0.0421875
0 0.38203125 0.3203125 0.0171875 0.0515625
0 0.271875 0.31796875 0.015625 0.0453125
4 0.6203125 0.30546875 0.01875 0.0515625
0 0.56484375 0.38125 0.0265625 0.084375
4 0.4765625 0.29140625 0.0125 0.0390625
4 0.76875 0.34140625 0.0234375 0.0703125
4 0.3375 0.29296875 0.0109375 0.0359375
2 0.80546875 0.27265625 0.0140625 0.0375
2 0.81640625 0.25234375 0.0109375 0.028125
0 0.4828125 0.3375 0.01875 0.059375
2 0.92890625 0.253125 0.0109375 0.0328125
2 0.85390625 0.2390625 0.0078125 0.0234375
4 0.175 0.30390625 0.0109375 0.0359375
2 0.82421875 0.23984375 0.0078125 0.0234375
2 0.78359375 0.31328125 0.0171875 0.0578125
2 0.88515625 0.2390625 0.009375 0.0265625
2 0.95234375 0.27421875 0.0140625 0.0421875
1 0.52578125 0.67734375 0.096875 0.3515625
2 0.9125 0.2375 0.009375 0.028125