0 0.34375 0.35625 0.021875 0.059375
1 0.92890625 0.33203125 0.0171875 0.059375
0 0.1609375 0.43203125 0.040625 0.096875
4 0.534375 0.39296875 0.028125 0.071875
0 0.63203125 0.325 0.0125 0.0375
4 0.48359375 0.46796875 0.0375 0.1078125
0 0.4984375 0.33046875 0.0140625 0.0453125
0 0.84765625 0.33046875 0.0109375 0.0328125
4 0.853125 0.35703125 0.0171875 0.04375
4 0.73125 0.35234375 0.01875 0.0484375
2 0.5515625 0.3 0.0109375 0.0296875
2 0.40234375 0.296875 0.0109375 0.03125
4 0.615625 0.29453125 0.0078125 0.025
2 0.45234375 0.2890625 0.009375 0.028125
4 0.65859375 0.3109375 0.0109375 0.03125
0 0.74609375 0.3125 0.0109375 0.0296875
2 0.51328125 0.31015625 0.0125 0.0359375
4 0.6234375 0.28671875 0.0078125 0.021875
4 0.7859375 0.2875 0.00625 0.0171875
4 0.6609375 0.28359375 0.00625 0.01875
0 0.8125 0.29296875 0.00625 0.01875
0 0.72109375 0.2921875 0.0078125 0.0203125
0 0.875 0.29921875 0.00625 0.01875
4 0.62265625 0.36171875 0.0203125 0.0546875
0 0.76015625 0.29140625 0.00625 0.0171875
4 0.86640625 0.29375 0.00625 0.0171875
4 0.559375 0.71015625 0.0828125 0.221875
0 0.6984375 0.29453125 0.00625 0.021875
4 0.71640625 0.28359375 0.0046875 0.0171875
0 0.703125 0.30078125 0.0078125 0.0265625