0 0.1796875 0.28125 0.0109375 0.04453125
0 0.29296875 0.27421875 0.009375 0.0359375
0 0.409375 0.278125 0.00703125 0.028125
0 0.52890625 0.28984375 0.00625 0.02578125
0 0.65078125 0.3078125 0.00625 0.02734375
0 0.775 0.3328125 0.00703125 0.028125
0 0.9109375 0.36484375 0.00859375 0.0328125
4 0.934375 0.71953125 0.034375 0.18671875
4 0.46875 0.55859375 0.03984375 0.15
4 0.27734375 0.4125 0.02578125 0.09453125
4 0.2578125 0.340625 0.01171875 0.0640625
4 0.3109375 0.31015625 0.009375 0.05
4 0.38359375 0.29921875 0.009375 0.04140625
4 0.46796875 0.2984375 0.0078125 0.0359375
4 0.56171875 0.3078125 0.00703125 0.0328125
4 0.66171875 0.32265625 0.00703125 0.03125
4 0.7625 0.3421875 0.0078125 0.0328125
4 0.86796875 0.36953125 0.009375 0.03671875
2 0.1671875 0.265625 0.009375 0.03828125
2 0.14921875 0.24140625 0.00703125 0.03046875
2 0.1375 0.2265625 0.00546875 0.025
2 0.128125 0.21640625 0.00390625 0.01953125
2 0.10390625 0.21328125 0.0046875 0.021875
2 0.075 0.21015625 0.0046875 0.02265625
3 0.0671875 0.2046875 0.003125 0.0171875
1 0.30234375 0.40625 0.0390625 0.16640625
1 0.26171875 0.36875 0.02421875 0.1421875