0 0.6296875 0.48828125 0.03125 0.0796875
0 0.35390625 0.57265625 0.053125 0.1375
0 0.75234375 0.4484375 0.0203125 0.05625
0 0.8453125 0.40859375 0.0125 0.0328125
0 0.8125 0.39140625 0.009375 0.025
4 0.953125 0.3921875 0.0078125 0.0203125
4 0.6890625 0.35390625 0.0046875 0.015625
4 0.8265625 0.38125 0.0078125 0.0203125
4 0.765625 0.3703125 0.00625 0.01875
0 0.82265625 0.42734375 0.015625 0.0421875
0 0.6515625 0.3546875 0.00625 0.0171875
4 0.72578125 0.346875 0.0046875 0.0125
0 0.69765625 0.3640625 0.0078125 0.0203125
4 0.753125 0.35234375 0.0046875 0.0125
4 0.78984375 0.35859375 0.0046875 0.0125
4 0.91171875 0.38046875 0.00625 0.0171875
0 0.76875 0.37890625 0.0078125 0.0234375
0 0.625 0.34609375 0.0046875 0.0140625
4 0.7125 0.359375 0.00625 0.0171875
4 0.89453125 0.3953125 0.0078125 0.0234375
4 0.68203125 0.34921875 0.0046875 0.0125
0 0.93515625 0.37578125 0.0046875 0.015625
0 0.62890625 0.35 0.00625 0.0171875
4 0.8765625 0.371875 0.0046875 0.015625
0 0.62734375 0.34296875 0.003125 0.0140625
0 0.63046875 0.33828125 0.003125 0.0109375