0 0.534375 0.4828125 0.0453125 0.090625
0 0.68125 0.3796875 0.0265625 0.0578125
0 0.81640625 0.33203125 0.021875 0.0453125
0 0.14140625 0.8953125 0.0390625 0.1
4 0.93125 0.39140625 0.0328125 0.0859375
4 0.42890625 0.346875 0.00625 0.0140625
4 0.41875 0.346875 0.00625 0.0171875
4 0.38046875 0.36015625 0.009375 0.0171875
4 0.3515625 0.36328125 0.00625 0.015625
4 0.34296875 0.36484375 0.0078125 0.0171875
4 0.334375 0.365625 0.0078125 0.015625
4 0.3265625 0.36796875 0.00625 0.015625
4 0.19140625 0.390625 0.009375 0.021875
4 0.2 0.42265625 0.015625 0.0234375
4 0.16640625 0.43203125 0.0171875 0.025
4 0.090625 0.41484375 0.009375 0.0234375
4 0.09296875 0.44453125 0.0140625 0.03125
4 0.04453125 0.43828125 0.0109375 0.0234375