0 0.38125 0.47734375 0.02265625 0.08046875
0 0.2328125 0.71171875 0.05859375 0.19765625
0 0.6375 0.42421875 0.01328125 0.05234375
0 0.740625 0.41796875 0.0125 0.046875
0 0.5203125 0.4375 0.01640625 0.0578125
0 0.8546875 0.4234375 0.0109375 0.046875
2 0.57734375 0.35078125 0.00546875 0.01875
2 0.91015625 0.36953125 0.00625 0.021875
4 0.51640625 0.3359375 0.00234375 0.01328125
2 0.54453125 0.3515625 0.0046875 0.01875
4 0.41953125 0.328125 0.003125 0.0109375
2 0.8734375 0.36796875 0.00625 0.0203125
2 0.4421875 0.34921875 0.0046875 0.01953125
2 0.48359375 0.35 0.00546875 0.01953125
4 0.3296875 0.3328125 0.00390625 0.01640625
2 0.5171875 0.35 0.0046875 0.01953125
4 0.31953125 0.3296875 0.003125 0.01328125
4 0.38515625 0.328125 0.00390625 0.01328125
2 0.83828125 0.365625 0.00546875 0.0203125
0 0.45078125 0.33515625 0.003125 0.0140625
2 0.803125 0.36328125 0.00625 0.0203125
4 0.51875 0.33515625 0.00234375 0.01171875
4 0.72578125 0.49921875 0.02265625 0.08515625
4 0.846875 0.46875 0.02109375 0.06875
4 0.86953125 0.67265625 0.0453125 0.1640625
2 0.45859375 0.33671875 0.00390625 0.01640625
0 0.4984375 0.33671875 0.00390625 0.01484375
4 0.503125 0.3328125 0.003125 0.01328125
2 0.36171875 0.33515625 0.00390625 0.01484375
0 0.36875 0.3328125 0.003125 0.0140625
2 0.40234375 0.3359375 0.00390625 0.01484375
0 0.40625 0.33515625 0.003125 0.01328125