0 0.3703125 0.4765625 0.0234375 0.08125
4 0.76796875 0.5203125 0.0328125 0.1046875
4 0.4109375 0.38984375 0.009375 0.040625
4 0.5078125 0.409375 0.0140625 0.05
0 0.24140625 0.40625 0.0125 0.0421875
4 0.64140625 0.44375 0.0171875 0.0703125
4 0.7859375 0.38515625 0.0109375 0.040625
0 0.21015625 0.384375 0.009375 0.0359375
4 0.3546875 0.37734375 0.009375 0.0359375
0 0.29375 0.428125 0.0171875 0.05625
4 0.68515625 0.36953125 0.0078125 0.0328125
4 0.5703125 0.3515625 0.00625 0.025
0 0.28046875 0.61640625 0.046875 0.146875
0 0.2828125 0.3609375 0.00625 0.025
4 0.44921875 0.33046875 0.003125 0.0140625
4 0.61953125 0.3578125 0.00625 0.0296875
0 0.7796875 0.36015625 0.00625 0.03125
4 0.484375 0.33828125 0.003125 0.0171875
4 0.39921875 0.35 0.00625 0.0234375
0 0.88828125 0.37265625 0.009375 0.0359375
4 0.3265625 0.33828125 0.003125 0.01875
4 0.34453125 0.3421875 0.0046875 0.0203125
4 0.534375 0.34609375 0.00625 0.021875
4 0.39140625 0.35703125 0.00625 0.0265625
0 0.31171875 0.35234375 0.0046875 0.0203125
4 0.37109375 0.34609375 0.003125 0.01875
4 0.37421875 0.365625 0.0078125 0.028125
4 0.4671875 0.3359375 0.003125 0.015625
4 0.3234375 0.3265625 0.003125 0.0125
0 0.54140625 0.334375 0.003125 0.0171875
0 0.6453125 0.34609375 0.00625 0.0234375
4 0.34765625 0.33203125 0.003125 0.015625
0 0.2875 0.3484375 0.0046875 0.0203125
4 0.42578125 0.32734375 0.003125 0.0125
0 0.51875 0.33125 0.003125 0.015625
0 0.265625 0.34375 0.003125 0.0171875
0 0.28984375 0.33359375 0.003125 0.0140625
4 0.35390625 0.3296875 0.003125 0.0140625
4 0.50625 0.3421875 0.0046875 0.01875
0 0.23828125 0.37109375 0.0078125 0.028125
0 0.7078125 0.35390625 0.00625 0.025
0 0.25390625 0.3390625 0.003125 0.0171875
0 0.26875 0.3375 0.003125 0.015625
0 0.3046875 0.33046875 0.003125 0.0140625
0 0.2921875 0.3296875 0.003125 0.0140625
0 0.26796875 0.3265625 0.003125 0.0125
0 0.27265625 0.328125 0.003125 0.0140625
0 0.27421875 0.325 0.0015625 0.0125
0 0.27578125 0.32265625 0.0015625 0.0109375
0 0.28671875 0.3234375 0.003125 0.0109375
4 0.31171875 0.32578125 0.003125 0.0140625
4 0.3203125 0.32421875 0.003125 0.0125
4 0.32578125 0.321875 0.003125 0.0109375
4 0.3296875 0.3234375 0.003125 0.0125
4 0.3390625 0.33671875 0.003125 0.0140625
4 0.33828125 0.32890625 0.0015625 0.0109375
4 0.3375 0.32265625 0.0015625 0.009375
4 0.3359375 0.31953125 0.0015625 0.009375
4 0.3609375 0.31875 0.003125 0.0109375
4 0.37734375 0.31953125 0.003125 0.009375
0 0.36953125 0.31796875 0.003125 0.0109375
4 0.38828125 0.31875 0.003125 0.0109375
4 0.39296875 0.3203125 0.003125 0.0109375
4 0.396875 0.3203125 0.0015625 0.0109375
4 0.40234375 0.321875 0.003125 0.0125
4 0.41015625 0.32421875 0.0015625 0.0109375
4 0.4171875 0.32578125 0.003125 0.0109375
0 0.40546875 0.31640625 0.0015625 0.009375
0 0.4140625 0.31796875 0.003125 0.009375
0 0.41953125 0.31796875 0.0015625 0.009375
0 0.43046875 0.3203125 0.003125 0.0109375
0 0.42421875 0.31875 0.003125 0.0109375
0 0.4359375 0.31953125 0.003125 0.009375
4 0.4359375 0.32890625 0.003125 0.0109375
0 0.4453125 0.321875 0.003125 0.0109375
0 0.45625 0.32421875 0.003125 0.0125
0 0.4671875 0.3234375 0.003125 0.0109375
0 0.48125 0.3265625 0.003125 0.0125
0 0.49765625 0.328125 0.0046875 0.015625
0 0.5671875 0.33671875 0.003125 0.01875
0 0.60234375 0.34140625 0.0046875 0.01875