0 0.234375 0.2875 0.0078125 0.0328125
0 0.3625 0.49296875 0.04375 0.1359375
0 0.75859375 0.26484375 0.0125 0.0453125
0 0.72578125 0.4015625 0.0328125 0.109375
0 0.13984375 0.3125 0.009375 0.0390625
0 0.31484375 0.27265625 0.0078125 0.03125
0 0.60078125 0.2484375 0.0078125 0.0359375
0 0.6859375 0.25234375 0.0078125 0.0390625
4 0.87578125 0.24765625 0.0109375 0.04375
0 0.5140625 0.25078125 0.0078125 0.03125
4 0.64921875 0.23359375 0.00625 0.03125
4 0.1875 0.28359375 0.00625 0.03125
4 0.765625 0.2375 0.0078125 0.0359375
2 0.89609375 0.2171875 0.0078125 0.0296875
1 0.82578125 0.30078125 0.0171875 0.1140625
4 0.28984375 0.26484375 0.00625 0.028125
2 0.9375 0.1953125 0.00625 0.0234375
2 0.9046875 0.2046875 0.0078125 0.0265625
1 0.80859375 0.32578125 0.034375 0.1359375
4 0.415625 0.24609375 0.0046875 0.025
4 0.53828125 0.2390625 0.0078125 0.028125
2 0.88359375 0.23671875 0.009375 0.0375
4 0.05390625 0.31484375 0.0046875 0.0375
2 0.91015625 0.1953125 0.00625 0.0234375
0 0.82109375 0.3328125 0.015625 0.078125
0 0.415625 0.25859375 0.00625 0.028125
0 0.8140625 0.2890625 0.0078125 0.0609375