4 0.365625 0.54296875 0.0375 0.1015625
0 0.90703125 0.41328125 0.025 0.065625
4 0.81484375 0.46796875 0.0328125 0.0875
0 0.82578125 0.38515625 0.015625 0.046875
4 0.1140625 0.48125 0.0203125 0.0546875
4 0.53125 0.384375 0.009375 0.028125
0 0.1484375 0.4171875 0.0109375 0.028125
4 0.571875 0.39296875 0.0125 0.0359375
0 0.72578125 0.37578125 0.0140625 0.0375
4 0.43828125 0.375 0.0078125 0.0203125
4 0.1328125 0.4390625 0.0125 0.034375
4 0.61640625 0.403125 0.0140625 0.040625
4 0.340625 0.38984375 0.009375 0.025
0 0.06640625 0.4375 0.0109375 0.03125
0 0.2921875 0.38828125 0.009375 0.0234375
0 0.559375 0.35859375 0.0078125 0.021875
4 0.6734375 0.42265625 0.01875 0.05625
4 0.21875 0.50625 0.028125 0.075
0 0.3609375 0.37734375 0.0109375 0.01875
0 0.60625 0.35859375 0.0078125 0.0265625
4 0.0765625 0.465625 0.015625 0.04375
4 0.584375 0.6078125 0.03125 0.115625
4 0.2328125 0.41015625 0.009375 0.03125