0 0.97421875 0.2875 0.009375 0.021875
0 0.9546875 0.29296875 0.0109375 0.0265625
0 0.8671875 0.3625 0.0265625 0.0578125
0 0.7203125 0.49296875 0.0546875 0.1234375
0 0.93828125 0.30390625 0.0140625 0.03125
0 0.90234375 0.33671875 0.01875 0.0453125
0 0.8078125 0.41875 0.0328125 0.084375
1 0.82265625 0.3828125 0.0390625 0.121875
0 0.925 0.3140625 0.015625 0.0359375
0 0.52578125 0.64453125 0.0921875 0.2078125
0 0.9875 0.2828125 0.0078125 0.0203125
0 0.99453125 0.27578125 0.0078125 0.0171875
1 0.79296875 0.403125 0.0578125 0.14375