0 0.58359375 0.60859375 0.071875 0.2078125
3 0.14921875 0.25 0.0046875 0.0140625
3 0.89609375 0.1734375 0.0046875 0.0203125
3 0.2046875 0.24140625 0.003125 0.0125
3 0.26015625 0.228125 0.0015625 0.009375
3 0.8828125 0.16875 0.0046875 0.01875
3 0.3203125 0.2171875 0.0015625 0.009375
3 0.78984375 0.1796875 0.0046875 0.0203125
3 0.79453125 0.16796875 0.0046875 0.015625
3 0.7859375 0.1765625 0.0046875 0.0203125
3 0.74296875 0.175 0.0046875 0.0171875
3 0.7453125 0.17421875 0.003125 0.015625
3 0.70078125 0.17421875 0.003125 0.0140625
3 0.625 0.18203125 0.003125 0.0140625
3 0.5859375 0.18125 0.003125 0.0125
3 0.58046875 0.18359375 0.003125 0.0125
3 0.54609375 0.18671875 0.003125 0.0125
3 0.5484375 0.18828125 0.003125 0.0109375
3 0.57265625 0.184375 0.0015625 0.0109375
3 0.56484375 0.18515625 0.003125 0.0125
3 0.559375 0.1875 0.003125 0.0140625
3 0.55703125 0.18671875 0.003125 0.0140625
3 0.50625 0.18671875 0.003125 0.0140625
3 0.51015625 0.1859375 0.003125 0.0109375
3 0.4984375 0.1984375 0.0046875 0.0140625
3 0.49375 0.1859375 0.003125 0.009375
3 0.47734375 0.1984375 0.003125 0.0140625
3 0.4796875 0.19609375 0.003125 0.0125
3 0.08515625 0.27578125 0.0046875 0.0171875
3 0.08828125 0.2703125 0.0046875 0.021875
3 0.1515625 0.2671875 0.0046875 0.0171875
3 0.15625 0.25390625 0.0046875 0.0140625
3 0.171875 0.25546875 0.0046875 0.0140625
3 0.23671875 0.23125 0.003125 0.0109375