0 0.13984375 0.5015625 0.0765625 0.1265625
0 0.409375 0.471875 0.0703125 0.1296875
0 0.2734375 0.7296875 0.140625 0.25625
0 0.35234375 0.3609375 0.0421875 0.0765625
0 0.325 0.31484375 0.0265625 0.05
0 0.33984375 0.28515625 0.0203125 0.0375
0 0.340625 0.2671875 0.0171875 0.03125
0 0.33671875 0.25703125 0.0140625 0.0234375
0 0.815625 0.16015625 0.021875 0.0390625
4 0.85078125 0.29375 0.0609375 0.1015625
4 0.70703125 0.24375 0.0375 0.0609375
4 0.61875 0.27578125 0.034375 0.0578125
4 0.6140625 0.22578125 0.021875 0.0421875
4 0.5421875 0.25234375 0.025 0.04375
4 0.5140625 0.23984375 0.0203125 0.0359375
4 0.61875 0.2734375 0.034375 0.0609375
4 0.4984375 0.22890625 0.015625 0.0296875
4 0.48203125 0.22109375 0.0125 0.025
2 0.3359375 0.25234375 0.0140625 0.0234375
2 0.48046875 0.2203125 0.0109375 0.0234375
2 0.60546875 0.225 0.0203125 0.0390625
2 0.79921875 0.16171875 0.0203125 0.0359375