0 0.08046875 0.19921875 0.0109375 0.03125
4 0.2453125 0.378125 0.028125 0.084375
4 0.19609375 0.28984375 0.01875 0.05625
0 0.928125 0.37734375 0.009375 0.025
0 0.828125 0.35 0.00625 0.021875
4 0.41328125 0.61875 0.0640625 0.1859375
4 0.609375 0.3 0.00625 0.025
0 0.36796875 0.23515625 0.0046875 0.021875
4 0.865625 0.36875 0.009375 0.0265625
4 0.378125 0.246875 0.0078125 0.025
4 0.4890625 0.26875 0.0078125 0.0234375
0 0.5015625 0.2625 0.0046875 0.0203125
4 0.728125 0.33359375 0.0078125 0.025
0 0.16015625 0.20546875 0.009375 0.028125
0 0.73828125 0.32421875 0.00625 0.0203125
0 0.6484375 0.29921875 0.00625 0.021875
0 0.4328125 0.2484375 0.00625 0.0203125
0 0.5734375 0.2796875 0.0046875 0.0203125
0 0.27265625 0.22109375 0.0078125 0.0234375
4 0.27734375 0.23671875 0.009375 0.028125
4 0.20546875 0.24765625 0.0109375 0.0390625