0 0.53515625 0.49296875 0.040625 0.0921875
0 0.2921875 0.403125 0.0296875 0.0703125
0 0.740625 0.48125 0.028125 0.0671875
4 0.32421875 0.35 0.01875 0.0453125
0 0.79609375 0.45078125 0.0203125 0.0484375
0 0.4375 0.38125 0.0203125 0.0453125
0 0.7296875 0.41328125 0.0140625 0.0375
4 0.91953125 0.45625 0.015625 0.0390625
0 0.51640625 0.36875 0.0140625 0.034375
4 0.1546875 0.35625 0.028125 0.0625
4 0.42109375 0.3484375 0.0140625 0.034375
4 0.475 0.34609375 0.0109375 0.0265625
4 0.8078125 0.41484375 0.0125 0.0296875
4 0.771875 0.39609375 0.0109375 0.025
4 0.64765625 0.34609375 0.0046875 0.0140625
4 0.78984375 0.39375 0.0078125 0.0203125
4 0.68359375 0.353125 0.0046875 0.0125
4 0.6046875 0.340625 0.0046875 0.0140625
0 0.74140625 0.378125 0.0078125 0.01875
0 0.66875 0.3859375 0.0109375 0.028125
0 0.7625 0.37890625 0.00625 0.0171875
0 0.68828125 0.37421875 0.009375 0.021875
4 0.5625 0.34375 0.00625 0.0171875
4 0.80546875 0.384375 0.00625 0.015625
4 0.7953125 0.378125 0.00625 0.0140625
4 0.51640625 0.34453125 0.009375 0.0234375
0 0.58515625 0.35859375 0.0078125 0.0234375
4 0.57890625 0.3421875 0.00625 0.0171875
4 0.54140625 0.34296875 0.0078125 0.0203125
0 0.55703125 0.3625 0.0109375 0.025
4 0.77265625 0.37109375 0.0046875 0.0109375
0 0.6578125 0.375 0.009375 0.025
0 0.75 0.37265625 0.00625 0.0171875
0 0.640625 0.3515625 0.00625 0.015625
4 0.81875 0.3953125 0.0078125 0.0203125
4 0.5921875 0.3421875 0.00625 0.0140625
0 0.67578125 0.35234375 0.0046875 0.0125
0 0.63125 0.3515625 0.00625 0.0171875
0 0.7359375 0.36640625 0.00625 0.0140625
0 0.61953125 0.3546875 0.00625 0.0171875
0 0.71328125 0.3609375 0.003125 0.0125
0 0.603125 0.35546875 0.0078125 0.0203125
0 0.22734375 0.59921875 0.0796875 0.1765625
0 0.65 0.34921875 0.0046875 0.0140625
4 0.81796875 0.38984375 0.00625 0.01875