0 0.8328125 0.29921875 0.0140625 0.0296875
0 0.840625 0.48125 0.0484375 0.10625
0 0.909375 0.32734375 0.0171875 0.0359375
0 0.98046875 0.359375 0.021875 0.04375
0 0.58828125 0.5484375 0.078125 0.1578125
0 0.73828125 0.27421875 0.0109375 0.025
0 0.64296875 0.253125 0.0109375 0.025
4 0.88515625 0.29765625 0.0140625 0.028125
0 0.55546875 0.23671875 0.009375 0.021875
0 0.4875 0.2140625 0.009375 0.0171875
4 0.684375 0.25078125 0.0109375 0.021875
4 0.6359375 0.23125 0.00625 0.0140625
4 0.77578125 0.2703125 0.0109375 0.021875
0 0.5953125 0.22109375 0.00625 0.0125
0 0.9546875 0.28671875 0.0078125 0.0140625
0 0.5 0.2234375 0.009375 0.01875
4 0.60078125 0.22421875 0.00625 0.015625
0 0.55390625 0.2125 0.00625 0.0125
4 0.5796875 0.225 0.0078125 0.0171875
0 0.74453125 0.24609375 0.00625 0.0109375
4 0.78359375 0.25703125 0.0078125 0.0140625
4 0.72890625 0.24921875 0.0078125 0.0140625
0 0.996875 0.29609375 0.00625 0.0171875
0 0.51796875 0.20859375 0.00625 0.0125
4 0.60703125 0.23515625 0.009375 0.0203125
0 0.85234375 0.26484375 0.00625 0.0140625
4 0.9640625 0.2953125 0.009375 0.01875
0 0.4953125 0.2125 0.0078125 0.015625
4 0.83359375 0.26640625 0.0078125 0.0140625
0 0.69375 0.2390625 0.00625 0.0140625
4 0.89453125 0.27890625 0.0078125 0.015625
4 0.58359375 0.21953125 0.00625 0.0140625
4 0.67890625 0.240625 0.00625 0.0140625
0 0.6421875 0.23046875 0.00625 0.0125
0 0.80234375 0.25546875 0.00625 0.0125
4 0.88515625 0.29765625 0.0140625 0.028125
0 0.9140625 0.27890625 0.0078125 0.015625