0 0.35234375 0.70625 0.0859375 0.178125
4 0.81875 0.5921875 0.0890625 0.175
0 0.05390625 0.51875 0.0296875 0.0609375
0 0.246875 0.45 0.021875 0.0453125
0 0.41171875 0.421875 0.0234375 0.0484375
4 0.62109375 0.43515625 0.0359375 0.078125
0 0.425 0.3890625 0.0171875 0.034375
4 0.52578125 0.365625 0.0171875 0.0359375
4 0.55390625 0.38984375 0.0234375 0.0484375
0 0.4078125 0.48359375 0.0359375 0.075
0 0.375 0.3578125 0.009375 0.01875
0 0.3109375 0.41640625 0.0171875 0.034375
4 0.47265625 0.33515625 0.009375 0.0171875
4 0.346875 0.35859375 0.009375 0.0171875
4 0.16875 0.4375 0.0171875 0.034375
0 0.29921875 0.3875 0.0125 0.025
4 0.053125 0.48203125 0.021875 0.0453125
0 0.31796875 0.3953125 0.0140625 0.0296875
0 0.42890625 0.35234375 0.009375 0.0203125
4 0.50234375 0.34375 0.0125 0.025
4 0.51015625 0.35078125 0.0125 0.028125
0 0.32890625 0.3703125 0.009375 0.0203125
4 0.2078125 0.4046875 0.0125 0.025
0 0.30234375 0.38125 0.009375 0.0203125
4 0.41015625 0.3453125 0.00625 0.0171875
4 0.196875 0.4171875 0.0140625 0.03125
0 0.42578125 0.3703125 0.0125 0.028125
0 0.42734375 0.36015625 0.0125 0.025
4 0.28359375 0.37421875 0.009375 0.0203125
0 0.41015625 0.35234375 0.0078125 0.01875
4 0.2234375 0.39296875 0.0109375 0.0234375
4 0.4953125 0.33828125 0.0109375 0.0203125