0 0.84453125 0.21015625 0.0140625 0.0421875
4 0.85390625 0.1859375 0.0109375 0.03125
0 0.89140625 0.3421875 0.0421875 0.10625
0 0.6578125 0.21328125 0.009375 0.03125
0 0.57578125 0.20546875 0.00625 0.021875
0 0.775 0.21015625 0.0125 0.0359375
0 0.9125 0.215625 0.01875 0.0484375
4 0.69609375 0.19296875 0.0078125 0.025
4 0.740625 0.19140625 0.009375 0.028125
0 0.60390625 0.5359375 0.0640625 0.178125
4 0.8203125 0.15625 0.0046875 0.0171875
4 0.70078125 0.178125 0.00625 0.0203125
0 0.63203125 0.18515625 0.00625 0.0171875
0 0.590625 0.21171875 0.0078125 0.025
4 0.67890625 0.18984375 0.0078125 0.021875
0 0.73671875 0.1640625 0.00625 0.015625
4 0.77265625 0.16328125 0.0046875 0.0171875
4 0.86171875 0.15078125 0.0046875 0.0171875
0 0.68046875 0.17421875 0.0046875 0.015625
4 0.7328125 0.1703125 0.0046875 0.0171875
0 0.8765625 0.14296875 0.0046875 0.0171875
0 0.8015625 0.15390625 0.0046875 0.015625
0 0.596875 0.1953125 0.0046875 0.0171875
4 0.67890625 0.18515625 0.00625 0.0203125