0 0.24140625 0.3625 0.01875 0.078125
0 0.4015625 0.32734375 0.0125 0.05
0 0.5484375 0.32578125 0.009375 0.040625
0 0.68984375 0.33828125 0.0078125 0.034375
0 0.83359375 0.36015625 0.009375 0.0359375
4 0.47734375 0.56640625 0.0375 0.15
4 0.48203125 0.4203125 0.0203125 0.084375
4 0.55390625 0.37421875 0.0140625 0.059375
4 0.65 0.36328125 0.0109375 0.05
4 0.76015625 0.3703125 0.009375 0.04375
4 0.8828125 0.38984375 0.0109375 0.0421875
3 0.11484375 0.2078125 0.003125 0.015625
3 0.12421875 0.21328125 0.003125 0.0171875
3 0.2234375 0.22421875 0.003125 0.0171875
3 0.2375 0.22265625 0.003125 0.015625
3 0.31171875 0.2390625 0.003125 0.0171875
3 0.3484375 0.23984375 0.003125 0.015625
3 0.384375 0.253125 0.003125 0.01875
3 0.42890625 0.25625 0.003125 0.015625
3 0.46640625 0.2703125 0.003125 0.021875
3 0.50234375 0.2703125 0.003125 0.01875