1 0.62890625 0.3515625 0.0203125 0.065625
0 0.2953125 0.3390625 0.0234375 0.06875
4 0.51796875 0.425 0.028125 0.0828125
4 0.60390625 0.40234375 0.021875 0.0609375
0 0.27890625 0.24140625 0.0109375 0.0328125
0 0.38125 0.2921875 0.0140625 0.0421875
0 0.2921875 0.2359375 0.009375 0.028125
4 0.18203125 0.23828125 0.0140625 0.0421875
0 0.515625 0.3359375 0.0140625 0.0421875
0 0.30390625 0.2609375 0.0125 0.0359375
4 0.16953125 0.215625 0.0125 0.0328125
0 0.32890625 0.23984375 0.0078125 0.0265625
4 0.28671875 0.290625 0.0171875 0.0515625
0 0.37734375 0.246875 0.0078125 0.021875
1 0.72265625 0.39921875 0.0265625 0.0796875
2 0.925 0.4234375 0.009375 0.025
4 0.7734375 0.3765625 0.009375 0.0265625
0 0.60859375 0.315625 0.0078125 0.0203125
0 0.90703125 0.44296875 0.0125 0.0359375
1 0.59296875 0.34453125 0.01875 0.065625
2 0.0890625 0.25 0.021875 0.05625
4 0.70234375 0.41015625 0.01875 0.0515625
4 0.81171875 0.434375 0.01875 0.0484375
0 0.6796875 0.36953125 0.009375 0.0328125
2 0.95078125 0.45078125 0.0140625 0.0375
4 0.2703125 0.21875 0.0078125 0.025
0 0.65703125 0.33515625 0.0078125 0.025
4 0.93984375 0.475 0.01875 0.046875
0 0.546875 0.29375 0.0078125 0.0203125
0 0.70390625 0.36640625 0.009375 0.03125
4 0.33984375 0.2328125 0.0078125 0.0203125
4 0.20859375 0.21171875 0.009375 0.0265625
0 0.61015625 0.35859375 0.0140625 0.040625
4 0.6453125 0.32109375 0.00625 0.0203125
1 0.68359375 0.39296875 0.0265625 0.0828125
0 0.4828125 0.27421875 0.00625 0.0203125
4 0.7140625 0.34921875 0.009375 0.0234375
2 0.84765625 0.40703125 0.0109375 0.0296875
4 0.5625 0.29296875 0.00625 0.0203125
4 0.41484375 0.24921875 0.00625 0.0203125
4 0.4640625 0.534375 0.0421875 0.1375
4 0.8078125 0.4 0.0109375 0.03125
4 0.47890625 0.2671875 0.00625 0.0203125
0 0.43203125 0.26015625 0.0078125 0.021875
0 0.06484375 0.4109375 0.03125 0.13125
0 0.69296875 0.353125 0.00625 0.0265625