0 0.40234375 0.28671875 0.0109375 0.0359375
0 0.225 0.31640625 0.021875 0.0640625
4 0.48671875 0.40234375 0.025 0.078125
0 0.3921875 0.2984375 0.0125 0.04375
0 0.38125 0.2671875 0.009375 0.0296875
0 0.28046875 0.228125 0.0078125 0.0234375
0 0.22421875 0.21015625 0.00625 0.021875
4 0.5828125 0.34765625 0.0125 0.0453125
4 0.5359375 0.30703125 0.009375 0.03125
4 0.4671875 0.27421875 0.009375 0.025
0 0.36796875 0.25625 0.0078125 0.028125
0 0.34765625 0.24921875 0.0078125 0.025
4 0.56328125 0.32421875 0.0109375 0.0359375
4 0.4625 0.475 0.0390625 0.1125
0 0.36640625 0.3046875 0.015625 0.0453125
4 0.34453125 0.23515625 0.00625 0.021875
0 0.2109375 0.20078125 0.00625 0.0203125
4 0.70234375 0.3046875 0.003125 0.0109375
4 0.57109375 0.365625 0.0171875 0.05625
0 0.2390625 0.20546875 0.00625 0.01875
0 0.31953125 0.23984375 0.0078125 0.0265625
4 0.86796875 0.34765625 0.0046875 0.0109375
4 0.72578125 0.31015625 0.003125 0.0109375
4 0.3890625 0.22421875 0.0046875 0.0140625
4 0.67421875 0.2984375 0.003125 0.0109375
0 0.3359375 0.21875 0.003125 0.015625
0 0.3515625 0.2140625 0.003125 0.0109375
4 0.746875 0.315625 0.003125 0.0109375
4 0.6375 0.2890625 0.003125 0.0109375
4 0.52890625 0.25703125 0.003125 0.0109375
4 0.81328125 0.33125 0.0046875 0.0109375
0 0.27734375 0.2125 0.00625 0.01875
4 0.50390625 0.25078125 0.003125 0.0109375
4 0.9125 0.36171875 0.003125 0.0109375
0 0.32578125 0.2203125 0.0046875 0.0140625
0 0.6140625 0.2796875 0.003125 0.0109375
4 0.56875 0.26875 0.0046875 0.0140625
4 0.3734375 0.2234375 0.0046875 0.0125
4 0.365625 0.23359375 0.00625 0.0171875
0 0.5234375 0.25390625 0.003125 0.0109375
4 0.55078125 0.2640625 0.0046875 0.0140625
4 0.92890625 0.371875 0.0046875 0.0140625
4 0.7640625 0.31796875 0.003125 0.009375
4 0.42890625 0.2625 0.0078125 0.0234375
0 0.65546875 0.29140625 0.003125 0.0109375
0 0.39453125 0.27578125 0.009375 0.0328125
4 0.42890625 0.2328125 0.003125 0.0109375
4 0.49921875 0.2875 0.00625 0.028125
4 0.3953125 0.25078125 0.00625 0.021875
0 0.5828125 0.2703125 0.003125 0.0109375
4 0.3109375 0.22578125 0.00625 0.01875
0 0.6875 0.2984375 0.003125 0.0109375
4 0.453125 0.23828125 0.003125 0.0109375
4 0.4859375 0.2453125 0.003125 0.0109375
4 0.91796875 0.36640625 0.0046875 0.0125
4 0.38359375 0.23359375 0.0046875 0.015625
0 0.5984375 0.27578125 0.0046875 0.0140625
4 0.4078125 0.228125 0.003125 0.0109375
4 0.31875 0.2234375 0.0046875 0.0171875
0 0.33125 0.215625 0.0046875 0.0140625
4 0.5921875 0.2765625 0.003125 0.0109375
0 0.33359375 0.2125 0.003125 0.0109375
0 0.45 0.2359375 0.003125 0.0109375
0 0.70859375 0.303125 0.003125 0.0109375
4 0.37734375 0.2234375 0.0046875 0.0140625
4 0.5578125 0.73671875 0.0765625 0.2171875
0 0.76953125 0.31796875 0.003125 0.009375
0 0.3203125 0.2109375 0.003125 0.0109375
4 0.78671875 0.325 0.003125 0.0109375
4 0.38125 0.2265625 0.003125 0.0140625
0 0.8484375 0.340625 0.003125 0.0109375
0 0.7359375 0.309375 0.003125 0.009375
4 0.840625 0.33984375 0.003125 0.0109375
0 0.4140625 0.22734375 0.003125 0.0109375
0 0.55546875 0.26328125 0.0015625 0.009375
0 0.38125 0.2203125 0.003125 0.0109375
0 0.92734375 0.36484375 0.003125 0.009375
0 0.80859375 0.32890625 0.003125 0.0109375
4 0.89375 0.35625 0.0046875 0.0125
0 0.3109375 0.21640625 0.0046875 0.0140625
4 0.396875 0.2328125 0.0046875 0.0140625
4 0.39453125 0.23125 0.0046875 0.015625
0 0.3375 0.21875 0.003125 0.015625
0 0.8890625 0.35234375 0.0046875 0.0125
0 0.6359375 0.2859375 0.003125 0.0140625
0 0.48828125 0.2453125 0.003125 0.0109375
4 0.9171875 0.3640625 0.0046875 0.0125
4 0.959375 0.38203125 0.003125 0.0140625