0 0.3421875 0.3734375 0.0265625 0.05625
1 0.6421875 0.29453125 0.025 0.0578125
4 0.52734375 0.37890625 0.03125 0.0671875
0 0.41015625 0.31953125 0.0171875 0.0359375
0 0.1875 0.4546875 0.0453125 0.0890625
4 0.83203125 0.31015625 0.0234375 0.0453125
0 0.34140625 0.315625 0.0140625 0.03125
4 0.47421875 0.453125 0.046875 0.1
1 0.68828125 0.31328125 0.0375 0.078125
0 0.3296875 0.30078125 0.0109375 0.025
2 0.146875 0.3984375 0.028125 0.0578125
2 0.89453125 0.275 0.015625 0.03125
0 0.70078125 0.29609375 0.015625 0.034375
4 0.5546875 0.6453125 0.09375 0.1921875
4 0.25546875 0.30625 0.0109375 0.025
4 0.7484375 0.26484375 0.0125 0.0234375
0 0.36171875 0.2921875 0.009375 0.0203125
0 0.31875 0.309375 0.0125 0.028125
4 0.7125 0.321875 0.021875 0.0453125
4 0.81015625 0.2703125 0.0140625 0.0265625
4 0.22578125 0.31953125 0.0140625 0.0296875
0 0.684375 0.271875 0.0125 0.025
1 0.60625 0.2984375 0.025 0.059375
4 0.23984375 0.33359375 0.0171875 0.0359375
4 0.4421875 0.275 0.009375 0.01875
4 0.590625 0.26484375 0.009375 0.0171875
4 0.84375 0.28046875 0.0171875 0.034375
4 0.37265625 0.28359375 0.009375 0.0203125
0 0.40703125 0.28515625 0.009375 0.0203125
0 0.73125 0.28359375 0.0109375 0.0296875
0 0.5734375 0.27109375 0.009375 0.0203125
0 0.71953125 0.27578125 0.0109375 0.025
2 0.175 0.3625 0.021875 0.0453125
4 0.6125 0.34296875 0.025 0.0515625
4 0.675 0.26328125 0.0109375 0.0203125
0 0.53515625 0.315625 0.01875 0.0390625
0 0.509375 0.275 0.009375 0.0203125
4 0.32890625 0.34375 0.0171875 0.0421875
0 0.46015625 0.27890625 0.009375 0.0203125
1 0.73125 0.3078125 0.0375 0.0765625
4 0.50546875 0.26875 0.0078125 0.0171875
0 0.628125 0.30703125 0.0171875 0.0375
4 0.30859375 0.29375 0.0109375 0.0203125
0 0.634375 0.26875 0.009375 0.021875