2 0.11015625 0.69296875 0.0796875 0.1640625
2 0.35234375 0.45625 0.025 0.053125
2 0.40234375 0.4125 0.0125 0.03125
2 0.41875 0.39296875 0.0109375 0.0234375
2 0.43359375 0.3796875 0.0078125 0.01875
2 0.4421875 0.371875 0.00625 0.015625
2 0.5265625 0.37421875 0.00625 0.015625
2 0.534375 0.38125 0.0078125 0.01875
2 0.5484375 0.39375 0.009375 0.021875
2 0.57421875 0.41171875 0.0125 0.0296875
2 0.63359375 0.45546875 0.025 0.0515625
1 0.446875 0.3625 0.00625 0.021875
1 0.46484375 0.3625 0.00625 0.0203125
1 0.48203125 0.3640625 0.0078125 0.0203125
1 0.4984375 0.36328125 0.0078125 0.021875
1 0.51640625 0.36328125 0.0078125 0.0203125
2 0.89921875 0.6671875 0.0484375 0.15