0 0.82734375 0.36640625 0.0609375 0.125
0 0.4140625 0.7421875 0.1109375 0.24375
0 0.35390625 0.25390625 0.0046875 0.0109375
4 0.32734375 0.27265625 0.0046875 0.0109375
4 0.340625 0.271875 0.00625 0.0140625
4 0.334375 0.27265625 0.00625 0.0125
4 0.321875 0.27265625 0.0046875 0.0125
0 0.38125 0.24140625 0.0046875 0.0109375
0 0.36953125 0.24453125 0.0046875 0.009375
0 0.34453125 0.25703125 0.003125 0.009375
1 0.57421875 0.16171875 0.0109375 0.0296875
1 0.56640625 0.16328125 0.0109375 0.0296875
1 0.5609375 0.1703125 0.00625 0.01875
1 0.55390625 0.16640625 0.009375 0.028125
1 0.54921875 0.17421875 0.0078125 0.0171875