0 0.0984375 0.36171875 0.009375 0.01875
0 0.1234375 0.41640625 0.0171875 0.034375
0 0.1890625 0.40078125 0.0125 0.0265625
0 0.19609375 0.3609375 0.0078125 0.0203125
0 0.26796875 0.38515625 0.009375 0.0234375
0 0.2828125 0.359375 0.0078125 0.0171875
0 0.33203125 0.378125 0.009375 0.0203125
0 0.34140625 0.36015625 0.0078125 0.0171875
0 0.375 0.371875 0.009375 0.01875
0 0.39296875 0.36640625 0.0078125 0.01875
0 0.89140625 0.4171875 0.01875 0.0171875
0 0.7921875 0.39921875 0.015625 0.015625
0 0.72109375 0.38359375 0.0109375 0.0125
0 0.67890625 0.3734375 0.009375 0.0109375
0 0.63984375 0.36328125 0.009375 0.009375
0 0.62109375 0.359375 0.0078125 0.009375
4 0.54140625 0.5515625 0.0515625 0.0953125
4 0.1046875 0.35546875 0.0078125 0.0171875
4 0.19140625 0.353125 0.0078125 0.015625
4 0.25546875 0.353125 0.0078125 0.015625
4 0.340625 0.4375 0.0203125 0.0421875
4 0.334375 0.415625 0.015625 0.03125
4 0.35234375 0.4015625 0.0125 0.0265625
4 0.32265625 0.35390625 0.00625 0.015625
4 0.3890625 0.35546875 0.0078125 0.015625
4 0.4234375 0.3890625 0.0109375 0.0234375
4 0.440625 0.3609375 0.0078125 0.015625
4 0.4796875 0.365625 0.0078125 0.015625
4 0.48203125 0.38125 0.009375 0.0203125
4 0.50859375 0.371875 0.009375 0.01875
1 0.41875 0.4625 0.040625 0.09375
1 0.3875 0.45078125 0.0359375 0.0859375