0 0.4265625 0.56328125 0.03046875 0.1140625
0 0.60390625 0.509375 0.0234375 0.08125
0 0.75625 0.49453125 0.01796875 0.071875
0 0.0765625 0.734375 0.0546875 0.21015625
2 0.30078125 0.353125 0.00546875 0.021875
2 0.60546875 0.37421875 0.00546875 0.01953125
2 0.2578125 0.35625 0.00546875 0.0203125
2 0.63984375 0.37578125 0.00390625 0.01953125
2 0.67421875 0.3765625 0.0046875 0.0203125
2 0.16953125 0.35234375 0.00625 0.025
2 0.103125 0.3515625 0.00703125 0.02734375
4 0.22578125 0.33203125 0.00390625 0.01640625
2 0.21796875 0.353125 0.00546875 0.021875
0 0.17890625 0.3296875 0.00234375 0.01484375
2 0.56875 0.37109375 0.00546875 0.0203125
0 0.91640625 0.4890625 0.0171875 0.0609375