4 0.22734375 0.325 0.0234375 0.065625
4 0.16796875 0.22109375 0.009375 0.0265625
4 0.31796875 0.47109375 0.046875 0.1203125
4 0.2 0.2671875 0.015625 0.0453125
4 0.18046875 0.23828125 0.0109375 0.03125
1 0.73515625 0.784375 0.059375 0.190625
4 0.16171875 0.20703125 0.0078125 0.021875
4 0.1578125 0.2 0.0078125 0.0203125
4 0.1546875 0.1921875 0.0046875 0.0171875
4 0.15 0.18671875 0.0046875 0.0171875
4 0.14765625 0.18203125 0.0046875 0.0140625
0 0.08671875 0.18046875 0.00625 0.0171875
0 0.09140625 0.17578125 0.00625 0.015625
0 0.0953125 0.17265625 0.0046875 0.015625
0 0.09921875 0.1703125 0.0046875 0.0140625