4 0.184375 0.46875 0.046875 0.1125
0 0.82890625 0.246875 0.00625 0.0171875
4 0.52109375 0.23671875 0.003125 0.0109375
4 0.58203125 0.23671875 0.003125 0.0109375
4 0.04453125 0.42265625 0.0328125 0.0859375
0 0.33984375 0.246875 0.0046875 0.0140625
4 0.6953125 0.24296875 0.00625 0.015625
4 0.175 0.25390625 0.0046875 0.015625
4 0.55078125 0.23671875 0.0046875 0.0125
4 0.1328125 0.253125 0.0046875 0.0140625
4 0.80859375 0.25 0.0078125 0.0171875
4 0.64375 0.23671875 0.0046875 0.0125
0 0.45546875 0.23671875 0.0046875 0.0125
4 0.496875 0.23828125 0.0046875 0.0125
4 0.85703125 0.25234375 0.00625 0.0171875
0 0.7515625 0.24296875 0.0046875 0.0140625
0 0.36640625 0.24609375 0.0046875 0.0140625
0 0.1625 0.24921875 0.0046875 0.0125
4 0.40078125 0.24921875 0.0046875 0.0171875
0 0.3078125 0.2484375 0.0046875 0.0140625
0 0.90546875 0.24921875 0.00625 0.0171875
0 0.2578125 0.2484375 0.0046875 0.0140625
4 0.3515625 0.25078125 0.0046875 0.0171875
4 0.91875 0.25390625 0.00625 0.0171875
4 0.4796875 0.23984375 0.0046875 0.0125
4 0.4609375 0.24296875 0.0046875 0.0140625
4 0.61328125 0.2359375 0.0046875 0.0125
4 0.68046875 0.240625 0.0046875 0.0125
4 0.66953125 0.2390625 0.0046875 0.0109375
4 0.4609375 0.6015625 0.06875 0.178125
4 0.24375 0.25390625 0.0046875 0.015625
4 0.04296875 0.25859375 0.00625 0.015625
0 0.79453125 0.2453125 0.0046875 0.015625
0 0.0390625 0.25546875 0.0046875 0.0140625
0 0.38984375 0.24453125 0.0046875 0.0140625
0 0.40625 0.2421875 0.0046875 0.0140625
0 0.71015625 0.23671875 0.0046875 0.0125
4 0.43671875 0.24609375 0.0046875 0.0140625
0 0.7671875 0.24296875 0.0046875 0.0140625
0 0.73984375 0.240625 0.0046875 0.0140625
4 0.76015625 0.24765625 0.0046875 0.015625
0 0.8625 0.24765625 0.00625 0.015625
0 0.4921875 0.23515625 0.0046875 0.0125
0 0.6265625 0.234375 0.003125 0.0109375
0 0.5359375 0.23359375 0.003125 0.0109375
4 0.71640625 0.2453125 0.00625 0.015625
0 0.42734375 0.23984375 0.0046875 0.0125
0 0.10546875 0.2515625 0.0046875 0.0140625
4 0.10078125 0.25546875 0.0046875 0.015625
0 0.21484375 0.2484375 0.0046875 0.0140625
4 0.21171875 0.253125 0.00625 0.0171875
0 0.284375 0.2484375 0.0046875 0.0140625
4 0.28046875 0.25390625 0.0046875 0.015625