0 0.2859375 0.5640625 0.02734375 0.0359375
0 0.475 0.5375 0.01640625 0.02421875
0 0.66328125 0.53828125 0.01484375 0.0234375
0 0.653125 0.52890625 0.01171875 0.01953125
0 0.7484375 0.51171875 0.0078125 0.0109375
0 0.7859375 0.521875 0.01015625 0.015625
0 0.8015625 0.54609375 0.01875 0.02578125
0 0.91875 0.51484375 0.00859375 0.01171875
0 0.93203125 0.534375 0.01484375 0.0203125
0 0.94296875 0.5265625 0.01328125 0.0171875
0 0.94609375 0.51875 0.009375 0.01328125
4 0.2609375 0.740625 0.08359375 0.1265625
4 0.2359375 0.54453125 0.015625 0.028125
4 0.53125 0.540625 0.01796875 0.02578125
4 0.53515625 0.53203125 0.0125 0.02109375
4 0.7203125 0.52421875 0.01171875 0.01796875
4 0.77890625 0.50859375 0.0078125 0.01015625
4 0.9015625 0.628125 0.04453125 0.065625
4 0.87890625 0.509375 0.0078125 0.0109375
2 0.284375 0.5875 0.03125 0.046875
2 0.30234375 0.54140625 0.01875 0.0265625
2 0.51484375 0.559375 0.01953125 0.03359375
2 0.603125 0.52421875 0.0109375 0.01796875
2 0.67421875 0.55625 0.0203125 0.03046875
2 0.6828125 0.515625 0.009375 0.01328125
2 0.8 0.5140625 0.00859375 0.0125
2 0.83125 0.54453125 0.01796875 0.0234375
2 0.83203125 0.53046875 0.0140625 0.01875
2 0.8671875 0.51015625 0.00859375 0.01171875