4 0.69140625 0.5 0.04375 0.1
4 0.8421875 0.42734375 0.0328125 0.075
0 0.35625 0.56953125 0.0484375 0.10625
0 0.27421875 0.44921875 0.01875 0.04375
4 0.95625 0.66484375 0.0875 0.2015625
0 0.29921875 0.4875 0.028125 0.0640625
4 0.4953125 0.41015625 0.015625 0.040625
4 0.4921875 0.4328125 0.0203125 0.0484375
0 0.63125 0.340625 0.0078125 0.0203125
0 0.8140625 0.36796875 0.0171875 0.0453125
4 0.74453125 0.34609375 0.0109375 0.0265625
0 0.3328125 0.4234375 0.0140625 0.0375
0 0.4734375 0.371875 0.0109375 0.0265625
4 0.51484375 0.39140625 0.0125 0.03125
0 0.5546875 0.35390625 0.009375 0.021875
4 0.8890625 0.3125 0.0078125 0.0203125
4 0.84921875 0.32265625 0.0078125 0.0234375
4 0.78515625 0.3109375 0.00625 0.0171875
4 0.65390625 0.3515625 0.009375 0.025
4 0.77109375 0.31796875 0.0078125 0.0203125
0 0.41328125 0.3921875 0.0125 0.0296875
0 0.8578125 0.34296875 0.015625 0.0359375
4 0.715625 0.33671875 0.009375 0.0234375
4 0.80234375 0.33359375 0.0109375 0.0265625
4 0.58046875 0.3671875 0.009375 0.025
0 0.675 0.3296875 0.0078125 0.0203125
4 0.68046875 0.359375 0.0125 0.0296875
4 0.75078125 0.32578125 0.0078125 0.0203125
0 0.70703125 0.32109375 0.00625 0.015625
4 0.61796875 0.37890625 0.0140625 0.034375
0 0.9015625 0.33515625 0.015625 0.034375
4 0.6203125 0.39453125 0.0171875 0.0421875
0 0.87734375 0.2890625 0.00625 0.0140625
4 0.79375 0.3078125 0.0046875 0.0140625
0 0.80078125 0.33671875 0.015625 0.040625
4 0.68984375 0.41484375 0.0234375 0.05625
0 0.721875 0.315625 0.00625 0.0171875
0 0.74765625 0.3078125 0.00625 0.015625
0 0.796875 0.3578125 0.0171875 0.0390625
4 0.57734375 0.4546875 0.0296875 0.0671875