0 0.546875 0.34375 0.0328125 0.06875
0 0.2953125 0.23359375 0.015625 0.0359375
0 0.5796875 0.3875 0.040625 0.0875
0 0.31796875 0.22265625 0.0125 0.0265625
0 0.4546875 0.2890625 0.025 0.05
0 0.9421875 0.3 0.0109375 0.025
0 0.3390625 0.25625 0.01875 0.0421875
0 0.575 0.46875 0.0578125 0.1234375
4 0.7671875 0.346875 0.025 0.0546875
0 0.50234375 0.30859375 0.0265625 0.0578125
4 0.49375 0.234375 0.0109375 0.0234375
4 0.89296875 0.415625 0.0375 0.078125
0 0.375 0.21953125 0.0109375 0.0234375
0 0.884375 0.2890625 0.009375 0.021875
4 0.89609375 0.3015625 0.0140625 0.0265625
0 0.7625 0.265625 0.0109375 0.0203125
4 0.73359375 0.2671875 0.0109375 0.0234375
0 0.52890625 0.23046875 0.0078125 0.0203125
4 0.82734375 0.2875 0.0125 0.0265625
0 0.9953125 0.3078125 0.009375 0.025
4 0.67265625 0.30703125 0.0203125 0.0453125
0 0.45 0.2234375 0.009375 0.0203125
4 0.57890625 0.27890625 0.01875 0.0375
4 0.45859375 0.2328125 0.0125 0.025
4 0.4328125 0.24296875 0.0140625 0.03125
4 0.6140625 0.24765625 0.0109375 0.021875
0 0.684375 0.2515625 0.0078125 0.0203125
0 0.60625 0.2390625 0.0078125 0.01875
4 0.54609375 0.2390625 0.0109375 0.0234375
4 0.98984375 0.31875 0.015625 0.0296875
0 0.471875 0.6328125 0.0984375 0.2109375
4 0.46328125 0.25234375 0.015625 0.0328125
0 0.84453125 0.2828125 0.009375 0.021875
4 0.6765625 0.25703125 0.0109375 0.021875
4 0.43046875 0.23515625 0.0109375 0.028125