2 0.6015625 0.29609375 0.015625 0.05625
2 0.4609375 0.2734375 0.0109375 0.0359375
2 0.484375 0.2484375 0.0078125 0.0265625
2 0.4171875 0.32265625 0.015625 0.05625
2 0.640625 0.41640625 0.0328125 0.1109375
2 0.55 0.23671875 0.0078125 0.028125
2 0.57890625 0.23359375 0.0078125 0.028125
2 0.5875 0.25546875 0.0109375 0.0359375
2 0.296875 0.45625 0.034375 0.1015625
0 0.69609375 0.59921875 0.06875 0.203125
2 0.5171875 0.2421875 0.0078125 0.028125
4 0.14765625 0.6265625 0.0515625 0.175
3 0.58984375 0.2265625 0.0046875 0.0203125
3 0.5890625 0.21015625 0.003125 0.0171875
3 0.63984375 0.209375 0.0046875 0.0171875
3 0.68515625 0.19375 0.003125 0.0171875
3 0.715625 0.1953125 0.003125 0.0171875
3 0.81328125 0.18125 0.003125 0.0171875
3 0.80390625 0.17734375 0.003125 0.015625
3 0.92890625 0.16953125 0.0046875 0.0171875
3 0.5140625 0.23359375 0.003125 0.0203125