0 0.6046875 0.4890625 0.0234375 0.0703125
0 0.23984375 0.36171875 0.0109375 0.034375
0 0.29609375 0.35078125 0.009375 0.0265625
0 0.74140625 0.47890625 0.01875 0.059375
4 0.1046875 0.3390625 0.0125 0.0359375
0 0.14140625 0.37109375 0.015625 0.0453125
4 0.1328125 0.3203125 0.0078125 0.025
0 0.3828125 0.58671875 0.046875 0.140625
0 0.20078125 0.31953125 0.0078125 0.0234375
4 0.15390625 0.33359375 0.0109375 0.03125
0 0.87578125 0.48671875 0.0171875 0.0484375
2 0.47109375 0.33828125 0.0046875 0.015625
4 0.359375 0.303125 0.0046875 0.015625
4 0.34296875 0.3 0.0046875 0.0171875
2 0.3234375 0.30546875 0.00625 0.0171875
2 0.2953125 0.30234375 0.00625 0.01875
2 0.2796875 0.29296875 0.0046875 0.0171875
2 0.26875 0.29765625 0.00625 0.0171875
2 0.240625 0.29296875 0.00625 0.0171875
2 0.209375 0.2890625 0.00625 0.0171875
2 0.234375 0.28359375 0.0046875 0.015625
0 0.0703125 0.2921875 0.0078125 0.028125
0 0.14296875 0.303125 0.0078125 0.028125
4 0.06015625 0.30546875 0.0046875 0.03125
4 0.1875 0.2765625 0.00625 0.01875
0 0.26640625 0.3328125 0.009375 0.03125
2 0.49375 0.34296875 0.0046875 0.0140625
2 0.54140625 0.3515625 0.0046875 0.0125