0 0.725 0.4328125 0.015625 0.0171875
0 0.79765625 0.44609375 0.0203125 0.021875
0 0.8390625 0.41640625 0.0078125 0.015625
0 0.9234375 0.43984375 0.0109375 0.0234375
0 0.909375 0.4265625 0.0109375 0.0203125
0 0.46953125 0.396875 0.009375 0.0109375
0 0.92890625 0.4328125 0.0109375 0.0203125
0 0.7703125 0.409375 0.00625 0.0140625
0 0.66484375 0.42109375 0.0125 0.0140625
0 0.6921875 0.4015625 0.0046875 0.0109375
0 0.56796875 0.40625 0.0078125 0.0140625
0 0.61640625 0.39375 0.0046875 0.0109375
0 0.4015625 0.3890625 0.00625 0.0078125
0 0.5671875 0.3890625 0.0046875 0.0109375
0 0.34375 0.3828125 0.00625 0.009375
4 0.19453125 0.4796875 0.0359375 0.0640625
4 0.51796875 0.54140625 0.0515625 0.0875
2 0.16171875 0.37734375 0.021875 0.0203125