4 0.49296875 0.4234375 0.0359375 0.0859375
0 0.6921875 0.3734375 0.0140625 0.0328125
0 0.4046875 0.3109375 0.01875 0.046875
0 0.59609375 0.34453125 0.0125 0.0328125
4 0.896875 0.465625 0.0171875 0.0375
0 0.78359375 0.40078125 0.0125 0.028125
0 0.28359375 0.3 0.0265625 0.0625
0 0.509375 0.328125 0.0171875 0.040625
4 0.6296875 0.40390625 0.021875 0.0546875
4 0.78046875 0.434375 0.01875 0.0453125
0 0.86640625 0.42890625 0.0125 0.028125
0 0.94453125 0.453125 0.0109375 0.025
4 0.51015625 0.75 0.1078125 0.2203125