0 0.225 0.6984375 0.075 0.1640625
0 0.1703125 0.5234375 0.03125 0.071875
4 0.86953125 0.68203125 0.0953125 0.203125
0 0.84453125 0.35703125 0.0140625 0.034375
4 0.78203125 0.4 0.0234375 0.053125
0 0.271875 0.51640625 0.0328125 0.0734375
4 0.87109375 0.43359375 0.0328125 0.078125
4 0.57109375 0.4046875 0.0140625 0.0359375
0 0.3359375 0.546875 0.0421875 0.0953125
4 0.48984375 0.44765625 0.021875 0.0515625
0 0.7265625 0.37109375 0.0125 0.0328125
4 0.5796875 0.44765625 0.0265625 0.0640625
4 0.471875 0.41953125 0.0140625 0.0328125
4 0.6609375 0.39609375 0.0140625 0.0375
4 0.75625 0.38515625 0.0171875 0.040625
0 0.259375 0.44765625 0.0109375 0.028125
4 0.25078125 0.459375 0.0140625 0.034375
4 0.359375 0.440625 0.0140625 0.034375
4 0.28046875 0.47265625 0.0203125 0.0453125
2 0.475 0.38515625 0.00625 0.0171875
0 0.37421875 0.42578125 0.0109375 0.028125
4 0.159375 0.4953125 0.015625 0.046875
2 0.2265625 0.4265625 0.00625 0.0171875
4 0.371875 0.46015625 0.0203125 0.0453125
2 0.5328125 0.37421875 0.00625 0.0171875
4 0.68359375 0.47578125 0.034375 0.0828125
0 0.49140625 0.40546875 0.0109375 0.0265625
2 0.17578125 0.4359375 0.00625 0.0171875
2 0.6015625 0.36328125 0.00625 0.0171875
2 0.4125 0.39609375 0.00625 0.0171875
2 0.33984375 0.4078125 0.00625 0.0171875
2 0.29453125 0.41484375 0.00625 0.0171875
2 0.2640625 0.41953125 0.00625 0.0171875
0 0.6109375 0.38671875 0.009375 0.025