0 0.3046875 0.41171875 0.009375 0.03828125
0 0.73203125 0.4453125 0.0140625 0.05078125
0 0.58125 0.4796875 0.01875 0.06875
0 0.17421875 0.42265625 0.0125 0.0453125
0 0.40390625 0.40234375 0.0078125 0.0328125
0 0.40546875 0.54765625 0.02421875 0.103125
4 0.159375 0.39765625 0.009375 0.03671875
4 0.36796875 0.38515625 0.00703125 0.028125
0 0.4640625 0.3921875 0.00625 0.0296875
0 0.8546875 0.43984375 0.01171875 0.0453125
0 0.0546875 0.36171875 0.00703125 0.025
0 0.50234375 0.38125 0.00546875 0.02421875
4 0.8015625 0.6265625 0.04296875 0.1359375
4 0.259375 0.3609375 0.00546875 0.021875
4 0.3765625 0.37265625 0.00546875 0.0203125
0 0.11796875 0.3578125 0.00546875 0.0203125
0 0.42109375 0.36484375 0.0046875 0.01953125
4 0.11171875 0.37109375 0.00703125 0.02734375
4 0.3953125 0.3796875 0.00546875 0.02421875
4 0.3234375 0.36484375 0.00546875 0.0203125
0 0.26953125 0.3546875 0.0046875 0.0171875
0 0.2015625 0.35390625 0.00546875 0.01875
2 0.67109375 0.3625 0.003125 0.0140625
4 0.26484375 0.3921875 0.00859375 0.0328125
4 0.1921875 0.36484375 0.00703125 0.025
2 0.64921875 0.36015625 0.003125 0.01328125
0 0.47421875 0.37265625 0.00546875 0.021875
0 0.3265625 0.35625 0.003125 0.0171875
4 0.89453125 0.53359375 0.0296875 0.0890625
0 0.06953125 0.74296875 0.04140625 0.2078125