0 0.64921875 0.228125 0.00703125 0.03046875
0 0.55546875 0.246875 0.0078125 0.0328125
0 0.76015625 0.21484375 0.0078125 0.028125
0 0.51796875 0.39765625 0.01953125 0.096875
0 0.50546875 0.48828125 0.03203125 0.1359375
0 0.4828125 0.275 0.009375 0.04140625
4 0.66640625 0.26328125 0.0140625 0.046875
4 0.8671875 0.3328125 0.02265625 0.08359375
4 0.8046875 0.22734375 0.009375 0.0359375
0 0.8859375 0.20703125 0.00859375 0.03125
4 0.9 0.22265625 0.009375 0.03671875
4 0.690625 0.24765625 0.0109375 0.03828125
4 0.74453125 0.23515625 0.009375 0.0359375
4 0.690625 0.28125 0.01484375 0.053125
0 0.34921875 0.7390625 0.0625 0.21484375
0 0.46171875 0.31640625 0.01328125 0.05859375
3 0.0671875 0.27734375 0.003125 0.01640625
3 0.140625 0.26015625 0.003125 0.0140625
3 0.1671875 0.26015625 0.003125 0.01484375
3 0.17890625 0.25078125 0.003125 0.01328125
3 0.15546875 0.25078125 0.00234375 0.01171875
3 0.18359375 0.25234375 0.003125 0.01328125
3 0.72265625 0.18671875 0.00234375 0.0140625
3 0.72109375 0.184375 0.003125 0.0140625
3 0.67578125 0.18515625 0.00234375 0.0109375
3 0.6640625 0.190625 0.003125 0.0140625
3 0.63984375 0.18984375 0.00234375 0.01171875
3 0.64140625 0.1890625 0.00234375 0.0109375
3 0.5609375 0.19453125 0.00234375 0.0109375
3 0.2390625 0.24453125 0.00234375 0.01328125
3 0.23671875 0.2421875 0.003125 0.01171875
3 0.21015625 0.2421875 0.003125 0.0109375
3 0.18984375 0.2421875 0.003125 0.0109375
3 0.2375 0.23359375 0.00234375 0.01328125
3 0.6140625 0.1890625 0.00234375 0.0109375