4 0.86640625 0.7078125 0.05234375 0.17734375
4 0.84140625 0.53046875 0.02421875 0.08671875
0 0.128125 0.74921875 0.06328125 0.1953125
0 0.4875 0.5265625 0.02578125 0.08984375
0 0.62265625 0.4640625 0.0140625 0.05625
0 0.63828125 0.4328125 0.01015625 0.0390625
4 0.8015625 0.4296875 0.0109375 0.04140625
4 0.77109375 0.4125 0.00859375 0.03359375
4 0.85546875 0.38984375 0.00546875 0.02265625
4 0.83828125 0.46484375 0.01328125 0.053125
0 0.71796875 0.38359375 0.0046875 0.01953125
0 0.6375 0.41171875 0.00625 0.03046875
0 0.628125 0.390625 0.0046875 0.02265625
4 0.74140625 0.40234375 0.00546875 0.02578125
4 0.921875 0.3921875 0.00546875 0.02421875
0 0.66953125 0.38671875 0.00546875 0.021875
2 0.6109375 0.36875 0.003125 0.01328125
0 0.76796875 0.38203125 0.00546875 0.0203125
4 0.7875 0.3875 0.00625 0.02265625
4 0.734375 0.3921875 0.00625 0.02265625
0 0.63046875 0.40390625 0.00625 0.025
0 0.89453125 0.3828125 0.00625 0.025
2 0.8625 0.365625 0.00390625 0.0140625
2 0.8875 0.36484375 0.00390625 0.01484375
2 0.6375 0.36796875 0.003125 0.0140625
2 0.659375 0.36796875 0.003125 0.01171875