4 0.51875 0.39453125 0.025 0.0671875
4 0.5796875 0.3703125 0.021875 0.05625
0 0.5421875 0.3140625 0.0125 0.03125
4 0.703125 0.33046875 0.0140625 0.0390625
4 0.63125 0.2984375 0.0078125 0.021875
4 0.4828125 0.4546875 0.0375 0.096875
4 0.65703125 0.30546875 0.009375 0.028125
0 0.50625 0.32890625 0.0140625 0.0375
0 0.5234375 0.30078125 0.009375 0.0265625
4 0.68125 0.31640625 0.0125 0.0359375
4 0.5984375 0.29296875 0.009375 0.021875
0 0.43203125 0.3390625 0.0171875 0.04375
0 0.28671875 0.3703125 0.021875 0.05625
4 0.56484375 0.2875 0.0078125 0.0203125
0 0.38515625 0.26875 0.0046875 0.0140625
0 0.1203125 0.44296875 0.0375 0.0859375
0 0.46015625 0.2890625 0.0078125 0.0203125
4 0.678125 0.346875 0.0171875 0.0453125
4 0.53046875 0.28359375 0.00625 0.0203125
0 0.53125 0.321875 0.0125 0.0328125
4 0.4546875 0.26953125 0.0046875 0.0140625
0 0.484375 0.29140625 0.009375 0.021875
0 0.7765625 0.27265625 0.0046875 0.0125
0 0.5046875 0.2953125 0.009375 0.025
0 0.7484375 0.27265625 0.0046875 0.0140625
4 0.7625 0.27578125 0.00625 0.015625
4 0.55390625 0.596875 0.0609375 0.1578125
4 0.89375 0.275 0.0046875 0.0140625
0 0.61796875 0.26796875 0.0046875 0.0140625
0 0.81640625 0.27265625 0.0046875 0.0125
0 0.353125 0.27421875 0.0046875 0.0140625
0 0.4234375 0.26796875 0.0046875 0.0125
4 0.47578125 0.27890625 0.00625 0.0171875
4 0.48359375 0.26875 0.0046875 0.0140625
0 0.4390625 0.2859375 0.0078125 0.01875
4 0.88046875 0.2703125 0.00625 0.0125
4 0.50625 0.28125 0.00625 0.0203125
0 0.534375 0.30625 0.0109375 0.0265625
4 0.43125 0.2703125 0.00625 0.015625
4 0.5140625 0.26796875 0.0046875 0.0125
0 0.4125 0.2828125 0.0078125 0.01875
0 0.56953125 0.26796875 0.0046875 0.0140625
0 0.5203125 0.26640625 0.0046875 0.0125
0 0.8328125 0.27109375 0.0046875 0.0125
4 0.878125 0.2765625 0.00625 0.0140625
4 0.8046875 0.2765625 0.00625 0.0140625
4 0.84921875 0.27734375 0.00625 0.015625
0 0.85625 0.2671875 0.0046875 0.0109375
4 0.55859375 0.2703125 0.0046875 0.0140625
0 0.8 0.2734375 0.0046875 0.0125
0 0.4703125 0.26640625 0.0046875 0.0125
0 0.37265625 0.27734375 0.00625 0.0171875
0 0.8234375 0.26953125 0.0046875 0.0125
0 0.359375 0.27109375 0.0046875 0.0140625
4 0.609375 0.27109375 0.00625 0.0140625
4 0.71953125 0.2734375 0.00625 0.015625
0 0.7203125 0.27109375 0.003125 0.0125
4 0.4359375 0.2765625 0.00625 0.015625
0 0.82890625 0.27265625 0.0046875 0.0125
4 0.89453125 0.27265625 0.003125 0.0140625
4 0.8953125 0.26953125 0.003125 0.0109375
0 0.896875 0.2671875 0.0046875 0.0109375
1 0.65234375 0.26875 0.0078125 0.0234375
0 0.8296875 0.26640625 0.003125 0.0078125
1 0.66796875 0.26640625 0.0078125 0.0234375
4 0.6578125 0.27109375 0.00625 0.0140625
1 0.6625 0.26796875 0.0078125 0.025
4 0.421875 0.27421875 0.00625 0.015625
1 0.659375 0.26640625 0.00625 0.021875
4 0.41953125 0.271875 0.00625 0.015625