0 0.615625 0.46796875 0.04375 0.0890625
0 0.5828125 0.3828125 0.0234375 0.0484375
0 0.47890625 0.38671875 0.01875 0.0390625
4 0.77890625 0.309375 0.015625 0.034375
4 0.775 0.33203125 0.021875 0.04375
4 0.63203125 0.32265625 0.0109375 0.025
0 0.378125 0.703125 0.096875 0.1890625
0 0.8078125 0.2890625 0.0140625 0.03125
0 0.3875 0.36875 0.0109375 0.021875
4 0.90078125 0.296875 0.0203125 0.040625
4 0.54140625 0.3578125 0.015625 0.0328125
0 0.71953125 0.29375 0.0125 0.0234375
4 0.63359375 0.3453125 0.0171875 0.0375
4 0.52421875 0.31328125 0.0046875 0.0125
0 0.47265625 0.33828125 0.0078125 0.01875
4 0.51796875 0.33359375 0.009375 0.0203125
0 0.71640625 0.38984375 0.03125 0.065625
0 0.396875 0.38828125 0.015625 0.0328125
4 0.63203125 0.30859375 0.009375 0.0203125
0 0.73359375 0.29921875 0.0125 0.025
4 0.5421875 0.321875 0.0078125 0.0171875
4 0.52109375 0.31953125 0.00625 0.0140625
0 0.709375 0.28359375 0.0078125 0.0171875
4 0.48359375 0.34921875 0.0109375 0.021875
4 0.54765625 0.30859375 0.0046875 0.0125
0 0.43515625 0.3515625 0.009375 0.0203125
4 0.640625 0.30078125 0.0078125 0.0171875
0 0.72734375 0.28515625 0.0078125 0.01875
0 0.57421875 0.29921875 0.0046875 0.0109375
4 0.61953125 0.31796875 0.0109375 0.021875
4 0.6125 0.30078125 0.00625 0.015625
4 0.69140625 0.31953125 0.0140625 0.03125
4 0.490625 0.35625 0.0125 0.0265625
0 0.3734375 0.38125 0.0125 0.028125
0 0.45625 0.33515625 0.00625 0.015625
0 0.56953125 0.3015625 0.00625 0.0125
0 0.47890625 0.3328125 0.00625 0.0140625
4 0.58125 0.303125 0.00625 0.0140625
0 0.678125 0.284375 0.0078125 0.0171875
0 0.634375 0.290625 0.00625 0.0140625
0 0.6015625 0.29609375 0.0046875 0.0125
4 0.54375 0.31875 0.00625 0.015625
4 0.53203125 0.30859375 0.0046875 0.0109375
4 0.490625 0.32421875 0.0046875 0.0109375
0 0.43359375 0.3375 0.00625 0.0140625
0 0.41328125 0.33984375 0.0046875 0.0125
0 0.41015625 0.33828125 0.0046875 0.0125