4 0.26875 0.36796875 0.0203125 0.05625
0 0.3265625 0.296875 0.0109375 0.0328125
0 0.51796875 0.2953125 0.01875 0.0515625
0 0.35078125 0.28046875 0.009375 0.028125
4 0.7703125 0.28828125 0.0265625 0.071875
0 0.79140625 0.221875 0.0171875 0.0453125
0 0.3953125 0.3125 0.0171875 0.0484375
0 0.4421875 0.24765625 0.0078125 0.0234375
0 0.334375 0.309375 0.0140625 0.0390625
4 0.22265625 0.325 0.009375 0.03125
2 0.71484375 0.39609375 0.0453125 0.1171875
4 0.47578125 0.35078125 0.028125 0.071875
0 0.665625 0.2609375 0.0203125 0.0515625
4 0.6734375 0.18984375 0.0078125 0.021875
4 0.84296875 0.16796875 0.009375 0.025
4 0.27421875 0.29609375 0.009375 0.0265625
0 0.509375 0.2296875 0.0078125 0.021875
0 0.7703125 0.1875 0.0109375 0.028125
0 0.8109375 0.190625 0.0109375 0.0328125
0 0.71328125 0.1921875 0.009375 0.025
4 0.5875 0.20546875 0.0078125 0.0203125
4 0.2046875 0.35078125 0.0140625 0.040625
2 0.459375 0.76484375 0.05625 0.18125
2 0.9046875 0.12890625 0.00625 0.01875
0 0.58125 0.2125 0.009375 0.0234375
4 0.49453125 0.22578125 0.0078125 0.0203125
4 0.34140625 0.2703125 0.0078125 0.0234375
4 0.7625 0.17578125 0.009375 0.0234375
0 0.6484375 0.20078125 0.0078125 0.0234375
2 0.85234375 0.15234375 0.009375 0.0234375
2 0.85703125 0.14375 0.00625 0.01875
0 0.39453125 0.2625 0.009375 0.025
2 0.88125 0.13359375 0.00625 0.0171875
4 0.40625 0.25 0.0078125 0.0203125
2 0.86015625 0.1375 0.00625 0.0171875
2 0.84609375 0.1625 0.009375 0.025
0 0.825 0.2 0.0109375 0.0390625
1 0.81796875 0.19375 0.0203125 0.065625
1 0.8234375 0.1875 0.0140625 0.0609375