4 0.19453125 0.3671875 0.021875 0.0765625
0 0.04921875 0.21796875 0.0078125 0.025
0 0.12734375 0.21953125 0.0046875 0.021875
4 0.87890625 0.3109375 0.0046875 0.015625
0 0.1 0.21875 0.0046875 0.0203125
0 0.159375 0.2203125 0.00625 0.0203125
4 0.2125 0.23046875 0.0046875 0.0203125
0 0.17578125 0.21953125 0.0046875 0.0203125
4 0.82109375 0.30234375 0.00625 0.0171875
0 0.6109375 0.2578125 0.003125 0.0125
4 0.77109375 0.29453125 0.0046875 0.0171875
4 0.34375 0.44375 0.03125 0.1046875
4 0.91953125 0.3171875 0.0046875 0.0140625
0 0.21953125 0.21328125 0.003125 0.0140625
4 0.60234375 0.25859375 0.003125 0.0109375
4 0.5875 0.25546875 0.003125 0.0125
0 0.8421875 0.3015625 0.0046875 0.015625
0 0.76328125 0.290625 0.0046875 0.0140625
4 0.4265625 0.23828125 0.003125 0.0140625
4 0.240625 0.23046875 0.0046875 0.0171875
0 0.2890625 0.22265625 0.003125 0.015625
0 0.325 0.22578125 0.0046875 0.0140625
0 0.3453125 0.22734375 0.0046875 0.0140625
0 0.57578125 0.25078125 0.003125 0.009375
4 0.6296875 0.26640625 0.003125 0.0140625
0 0.790625 0.29453125 0.003125 0.015625
0 0.9015625 0.31171875 0.0046875 0.015625
4 0.72421875 0.28671875 0.0046875 0.0171875
4 0.484375 0.23984375 0.003125 0.0140625
4 0.1640625 0.23125 0.00625 0.0234375
0 0.7125 0.28125 0.003125 0.015625
4 0.4078125 0.23671875 0.003125 0.0140625
0 0.40390625 0.23125 0.003125 0.0109375
0 0.5 0.2421875 0.003125 0.0125
4 0.55859375 0.2515625 0.003125 0.0109375
4 0.509375 0.24453125 0.003125 0.0140625
0 0.38203125 0.2296875 0.003125 0.0109375
4 0.09609375 0.22890625 0.0078125 0.021875
4 0.26171875 0.22265625 0.003125 0.015625
4 0.33828125 0.22890625 0.003125 0.0140625
0 0.7359375 0.2859375 0.0046875 0.0140625
4 0.68125 0.27734375 0.003125 0.0171875
0 0.690625 0.2765625 0.003125 0.0140625
4 0.62421875 0.26328125 0.003125 0.0125
4 0.2515625 0.22265625 0.003125 0.0140625
4 0.4359375 0.23671875 0.003125 0.0140625
0 0.67421875 0.27109375 0.003125 0.0125
4 0.5296875 0.62890625 0.0546875 0.184375
4 0.46328125 0.23828125 0.003125 0.0140625
0 0.6625 0.26796875 0.003125 0.0125
0 0.184375 0.21640625 0.0046875 0.0171875
4 0.6171875 0.26171875 0.003125 0.0140625
0 0.63984375 0.2625 0.003125 0.009375
0 0.38984375 0.2296875 0.003125 0.0109375
0 0.18984375 0.2140625 0.003125 0.0140625
4 0.28125 0.2234375 0.0046875 0.0140625
4 0.259375 0.228125 0.0046875 0.0171875
4 0.64140625 0.2703125 0.003125 0.0109375
4 0.53359375 0.246875 0.003125 0.0140625
4 0.44453125 0.23671875 0.003125 0.0109375
0 0.46484375 0.23671875 0.003125 0.0140625
0 0.43359375 0.23203125 0.003125 0.0109375
4 0.253125 0.2296875 0.0046875 0.015625
0 0.3671875 0.2296875 0.003125 0.0140625
4 0.3703125 0.23359375 0.003125 0.0171875
0 0.25390625 0.2171875 0.003125 0.0140625