0 0.18984375 0.42578125 0.021875 0.0453125
0 0.2484375 0.46484375 0.028125 0.059375
0 0.1953125 0.62109375 0.05703125 0.128125
0 0.278125 0.3640625 0.009375 0.0109375
0 0.32109375 0.36875 0.0109375 0.01328125
0 0.3640625 0.36953125 0.01171875 0.0140625
0 0.46328125 0.38046875 0.0109375 0.0140625
0 0.56484375 0.3984375 0.01484375 0.01875
4 0.08203125 0.39375 0.0140625 0.03203125
4 0.2640625 0.39453125 0.01484375 0.03046875
4 0.4203125 0.41171875 0.0140625 0.03671875
4 0.54296875 0.4484375 0.021875 0.05
4 0.7125 0.52421875 0.0390625 0.0859375