0 0.15078125 0.359375 0.0109375 0.0421875
4 0.65 0.328125 0.0171875 0.06484375
4 0.08046875 0.35390625 0.009375 0.0359375
1 0.10390625 0.33828125 0.0125 0.05546875
0 0.35859375 0.29609375 0.00703125 0.03125
0 0.37265625 0.35 0.01328125 0.05625
2 0.56328125 0.25546875 0.00703125 0.028125
0 0.465625 0.47578125 0.02890625 0.1171875
4 0.11015625 0.31015625 0.00546875 0.0203125
0 0.27734375 0.3453125 0.0125 0.04765625
2 0.46171875 0.27578125 0.0078125 0.03125
4 0.50546875 0.30625 0.0125 0.046875
0 0.4453125 0.38125 0.01796875 0.075
2 0.6140625 0.2578125 0.0078125 0.03359375
0 0.40546875 0.27578125 0.00625 0.02578125
1 0.05546875 0.34921875 0.0109375 0.05859375
4 0.83828125 0.42109375 0.03203125 0.11640625
0 0.36953125 0.26484375 0.0046875 0.01953125
4 0.3078125 0.278125 0.00546875 0.021875
4 0.2265625 0.28828125 0.00546875 0.01953125
0 0.253125 0.27890625 0.0046875 0.01875
4 0.1890625 0.3296875 0.009375 0.03515625
0 0.18046875 0.29296875 0.0046875 0.01875
4 0.2734375 0.28125 0.00546875 0.01953125
4 0.27265625 0.30625 0.00859375 0.0296875
4 0.3265625 0.28125 0.00625 0.02265625
2 0.49765625 0.2828125 0.009375 0.0359375
0 0.2578125 0.76796875 0.03125 0.1578125
4 0.31875 0.28984375 0.00703125 0.02734375
1 0.065625 0.3625 0.01796875 0.0703125
0 0.31640625 0.2703125 0.003125 0.01875
4 0.1703125 0.2984375 0.00546875 0.01875
0 0.40234375 0.26640625 0.00390625 0.021875
4 0.3734375 0.3078125 0.009375 0.03828125
3 0.36015625 0.25625 0.003125 0.01328125
3 0.34921875 0.25546875 0.00234375 0.01328125
0 0.1 0.3078125 0.003125 0.01875
3 0.69140625 0.22421875 0.00390625 0.01953125
3 0.5046875 0.2296875 0.003125 0.0140625
3 0.65078125 0.23828125 0.00390625 0.025
3 0.72421875 0.2359375 0.0046875 0.02578125
3 0.7671875 0.21640625 0.00390625 0.021875
3 0.72890625 0.21015625 0.003125 0.0171875
3 0.6734375 0.21875 0.003125 0.0171875
3 0.66171875 0.21171875 0.00234375 0.01484375
3 0.625 0.2203125 0.003125 0.0140625
3 0.60390625 0.21796875 0.00234375 0.0140625
3 0.5578125 0.22578125 0.003125 0.01640625
3 0.490625 0.23515625 0.00234375 0.01484375
3 0.425 0.2453125 0.00234375 0.0140625
3 0.5 0.22734375 0.0015625 0.01171875