4 0.6296875 0.525 0.0328125 0.1203125
0 0.72734375 0.3265625 0.0078125 0.025
4 0.52421875 0.29296875 0.0078125 0.028125
4 0.3421875 0.4203125 0.025 0.0984375
4 0.70625 0.33203125 0.0078125 0.03125
2 0.1578125 0.22109375 0.00625 0.0265625
0 0.2828125 0.25390625 0.0078125 0.03125
4 0.3578125 0.275 0.0078125 0.0359375
1 0.22890625 0.30859375 0.0171875 0.10625
0 0.50234375 0.2796875 0.00625 0.025
4 0.79453125 0.3578125 0.0078125 0.0328125
0 0.84375 0.359375 0.009375 0.028125
4 0.2875 0.28046875 0.0125 0.0421875
4 0.88828125 0.39140625 0.0109375 0.0375
0 0.1796875 0.2515625 0.009375 0.0359375
0 0.38984375 0.26328125 0.0078125 0.0265625
2 0.0921875 0.19296875 0.0046875 0.01875
0 0.6140625 0.30078125 0.00625 0.025
4 0.4375 0.28125 0.0078125 0.03125
2 0.14140625 0.19921875 0.003125 0.01875
2 0.14921875 0.2078125 0.00625 0.0234375
2 0.11875 0.19609375 0.003125 0.01875
4 0.9421875 0.57109375 0.015625 0.1046875
2 0.1703125 0.23984375 0.0078125 0.034375
2 0.06484375 0.1875 0.003125 0.0203125
1 0.253125 0.3296875 0.0296875 0.1234375
4 0.615625 0.3109375 0.00625 0.028125
4 0.2359375 0.33984375 0.0171875 0.0671875
4 0.23984375 0.296875 0.0109375 0.0515625
3 0.0859375 0.1859375 0.003125 0.0171875
3 0.1875 0.19921875 0.003125 0.015625
3 0.14921875 0.19609375 0.003125 0.015625
3 0.56796875 0.26875 0.003125 0.015625
3 0.52890625 0.2640625 0.003125 0.0171875
3 0.4796875 0.2515625 0.003125 0.015625
3 0.43671875 0.23984375 0.003125 0.0140625