0 0.565625 0.5921875 0.0140625 0.0203125
0 0.5796875 0.59453125 0.0109375 0.015625
0 0.59140625 0.59375 0.009375 0.0140625
0 0.6015625 0.59375 0.009375 0.0140625
0 0.60703125 0.5921875 0.0078125 0.0125
4 0.0765625 0.50546875 0.0265625 0.034375
4 0.28515625 0.5671875 0.0296875 0.0390625
4 0.484375 0.6390625 0.0375 0.05
4 0.71875 0.7609375 0.0671875 0.0828125
4 0.44375 0.54609375 0.0109375 0.0140625
4 0.453125 0.5578125 0.0125 0.015625
4 0.47421875 0.565625 0.0109375 0.015625
4 0.49609375 0.56875 0.0109375 0.0140625
4 0.5140625 0.57109375 0.009375 0.0125
4 0.5296875 0.571875 0.0078125 0.0125