0 0.7078125 0.3671875 0.0296875 0.0671875
0 0.47734375 0.2546875 0.015625 0.0359375
0 0.61953125 0.315625 0.021875 0.0515625
0 0.5546875 0.28046875 0.0171875 0.0421875
0 0.75625 0.47890625 0.05 0.1171875
0 0.15859375 0.19296875 0.0109375 0.028125
0 0.97265625 0.3171875 0.0109375 0.025
4 0.79453125 0.33125 0.0203125 0.046875
0 0.37578125 0.22890625 0.0140625 0.034375
4 0.5453125 0.246875 0.0109375 0.0296875
0 0.26875 0.209375 0.0125 0.03125
4 0.43203125 0.221875 0.009375 0.025
4 0.33203125 0.2046875 0.009375 0.025
4 0.240625 0.18984375 0.009375 0.0234375
0 0.1453125 0.1609375 0.0078125 0.0171875
4 0.81796875 0.28984375 0.009375 0.0234375
4 0.778125 0.278125 0.0078125 0.0203125
0 0.31328125 0.184375 0.00625 0.0140625
4 0.21328125 0.18046875 0.0078125 0.0203125
0 0.4875 0.20546875 0.0046875 0.0140625
4 0.40859375 0.20234375 0.0046875 0.0140625
4 0.63359375 0.2390625 0.0046875 0.015625
0 0.66328125 0.23984375 0.00625 0.0140625
4 0.57109375 0.22734375 0.0046875 0.015625
4 0.30078125 0.18515625 0.00625 0.0140625
0 0.371875 0.1921875 0.0046875 0.0140625
4 0.73515625 0.2640625 0.0078125 0.01875
0 0.19921875 0.16640625 0.00625 0.015625
4 0.225 0.17421875 0.00625 0.01875
0 0.71328125 0.24921875 0.00625 0.0140625
0 0.10703125 0.16328125 0.00625 0.0203125
4 0.88359375 0.3046875 0.0109375 0.0265625
4 0.253125 0.178125 0.00625 0.0171875
4 0.66328125 0.2796875 0.0140625 0.0359375
0 0.62734375 0.2328125 0.00625 0.0140625
0 0.17109375 0.6890625 0.0828125 0.2046875
0 0.790625 0.26875 0.00625 0.0171875
0 0.8296875 0.2796875 0.0078125 0.01875
0 0.42734375 0.1984375 0.0046875 0.0125
4 0.515625 0.21640625 0.00625 0.015625
4 0.46484375 0.20859375 0.0046875 0.0140625
0 0.59296875 0.22578125 0.0046875 0.0140625
4 0.69375 0.25234375 0.00625 0.0171875
0 0.5359375 0.2140625 0.0046875 0.0125
4 0.9703125 0.42421875 0.0203125 0.059375
4 0.353125 0.19453125 0.00625 0.0140625