0 0.15 0.50546875 0.0265625 0.075
0 0.25625 0.6296875 0.05 0.1390625
0 0.13046875 0.459375 0.0171875 0.053125
4 0.6 0.503125 0.0328125 0.1015625
4 0.4296875 0.453125 0.021875 0.065625
0 0.221875 0.403125 0.0109375 0.03125
0 0.86484375 0.32890625 0.0125 0.034375
0 0.334375 0.3609375 0.00625 0.0203125
4 0.33125 0.39921875 0.0078125 0.0359375
4 0.525 0.34453125 0.0078125 0.0234375
4 0.33671875 0.4234375 0.0140625 0.046875
4 0.5828125 0.34453125 0.0078125 0.0265625
4 0.40546875 0.35390625 0.00625 0.0203125
4 0.3640625 0.378125 0.009375 0.028125
0 0.5515625 0.32734375 0.003125 0.0171875
4 0.84765625 0.3640625 0.0171875 0.0484375
0 0.1546875 0.43203125 0.0140625 0.0421875
0 0.58671875 0.33359375 0.0078125 0.021875
0 0.30859375 0.37109375 0.0078125 0.021875
4 0.3875 0.36484375 0.0078125 0.025
0 0.36875 0.34765625 0.0046875 0.0171875
0 0.75 0.32734375 0.0078125 0.028125
4 0.4890625 0.34296875 0.00625 0.01875
0 0.56328125 0.3234375 0.0046875 0.0171875
0 0.2703125 0.38359375 0.0078125 0.0265625
4 0.43671875 0.3359375 0.0046875 0.0140625
4 0.65390625 0.3453125 0.009375 0.0296875
4 0.44921875 0.328125 0.0046875 0.0125
4 0.41953125 0.34609375 0.0046875 0.0171875
4 0.48125 0.33984375 0.0046875 0.0171875
4 0.75 0.35 0.0125 0.0390625
0 0.65625 0.33125 0.00625 0.025
4 0.5328125 0.325 0.0046875 0.0140625
0 0.59140625 0.31640625 0.0046875 0.015625
4 0.57734375 0.31328125 0.0046875 0.0125
0 0.3828125 0.3421875 0.0046875 0.0140625
0 0.35234375 0.35390625 0.0046875 0.0171875
0 0.4046875 0.334375 0.0046875 0.0125
4 0.5109375 0.3171875 0.003125 0.0109375
0 0.39453125 0.33828125 0.0046875 0.0140625
4 0.4296875 0.340625 0.0046875 0.015625
4 0.459375 0.32578125 0.003125 0.0109375
4 0.54375 0.31328125 0.003125 0.0109375
0 0.41328125 0.33125 0.003125 0.0109375
4 0.50625 0.3296875 0.0046875 0.015625
4 0.44296875 0.33203125 0.0046875 0.0125
0 0.46484375 0.321875 0.003125 0.009375
4 0.48359375 0.3359375 0.0046875 0.0171875
4 0.47890625 0.321875 0.003125 0.0078125
0 0.5046875 0.31640625 0.003125 0.009375
0 0.546875 0.31171875 0.003125 0.009375
0 0.5546875 0.33203125 0.00625 0.0203125
4 0.57421875 0.3109375 0.003125 0.0109375
4 0.58046875 0.31171875 0.0046875 0.0109375
0 0.5890625 0.30703125 0.003125 0.0109375
0 0.61171875 0.3046875 0.003125 0.0109375
0 0.61640625 0.31171875 0.0046875 0.0140625
0 0.625 0.30546875 0.0046875 0.0125
0 0.634375 0.30625 0.0046875 0.0140625