0 0.30546875 0.6109375 0.034375 0.040625
0 0.484375 0.5421875 0.021875 0.0265625
0 0.66796875 0.50078125 0.0203125 0.0265625
0 0.65546875 0.49375 0.015625 0.021875
0 0.74453125 0.45546875 0.009375 0.0125
0 0.78359375 0.45703125 0.0140625 0.0171875
0 0.80390625 0.47734375 0.0234375 0.0296875
0 0.91171875 0.4203125 0.0109375 0.0140625
0 0.92890625 0.4359375 0.01875 0.0234375
0 0.9375 0.4265625 0.0171875 0.0203125
0 0.9390625 0.41796875 0.0125 0.015625
4 0.32109375 0.78828125 0.109375 0.1421875
4 0.25234375 0.603125 0.021875 0.03125
4 0.53984375 0.5328125 0.0234375 0.0296875
4 0.54140625 0.5234375 0.0171875 0.0234375
4 0.7203125 0.47421875 0.015625 0.0203125
4 0.7734375 0.4453125 0.009375 0.0109375
4 0.9203125 0.534375 0.0578125 0.0734375
4 0.87109375 0.42421875 0.009375 0.0125
2 0.309375 0.63359375 0.040625 0.053125
2 0.31640625 0.58515625 0.025 0.0296875
2 0.528125 0.5546875 0.0265625 0.0375
2 0.60625 0.50078125 0.0140625 0.0203125
2 0.68203125 0.515625 0.0265625 0.034375
2 0.68203125 0.47421875 0.0125 0.015625
2 0.7953125 0.44609375 0.0109375 0.0140625
2 0.8328125 0.46875 0.0234375 0.0265625
2 0.83046875 0.4546875 0.0171875 0.021875
2 0.86015625 0.42734375 0.0109375 0.0140625