0 0.6078125 0.37109375 0.0234375 0.0671875
0 0.8984375 0.390625 0.015625 0.04375
4 0.82109375 0.46171875 0.03125 0.084375
0 0.46484375 0.425 0.0375 0.1046875
4 0.89921875 0.4390625 0.0234375 0.065625
2 0.24375 0.209375 0.009375 0.028125
2 0.21015625 0.20390625 0.009375 0.028125
0 0.7453125 0.36796875 0.015625 0.0484375
2 0.4078125 0.35078125 0.025 0.0734375
2 0.18203125 0.253125 0.0171875 0.0515625
2 0.32109375 0.2390625 0.009375 0.0328125
2 0.2 0.221875 0.0125 0.0375
2 0.3484375 0.27421875 0.015625 0.046875
2 0.2765625 0.21484375 0.0078125 0.0265625
2 0.1375 0.32890625 0.03125 0.084375
4 0.80859375 0.5625 0.0453125 0.1296875
4 0.09140625 0.4078125 0.0453125 0.125
2 0.3046875 0.21875 0.0078125 0.0265625
3 0.3109375 0.2140625 0.00625 0.0203125
3 0.234375 0.1984375 0.00625 0.0203125
3 0.30390625 0.20078125 0.0046875 0.0171875
3 0.353125 0.21328125 0.0046875 0.0171875
3 0.3921875 0.2125 0.003125 0.0140625
3 0.41875 0.221875 0.003125 0.0140625
3 0.48984375 0.2296875 0.003125 0.0140625
3 0.49765625 0.234375 0.003125 0.015625
3 0.578125 0.25390625 0.003125 0.0140625
3 0.58984375 0.25234375 0.003125 0.0140625
3 0.6578125 0.275 0.003125 0.015625
3 0.6921875 0.27890625 0.003125 0.015625
3 0.72734375 0.296875 0.0046875 0.0171875
3 0.77265625 0.303125 0.0046875 0.0171875
3 0.8109375 0.32421875 0.00625 0.021875
3 0.85078125 0.328125 0.00625 0.01875