0 0.421875 0.55078125 0.0578125 0.0875
0 0.5765625 0.41171875 0.025 0.040625
0 0.625 0.36875 0.0171875 0.028125
0 0.65 0.34765625 0.0125 0.021875
0 0.659375 0.33828125 0.0125 0.01875
0 0.6671875 0.3328125 0.009375 0.0171875
0 0.67421875 0.3265625 0.009375 0.015625
0 0.68125 0.32109375 0.00625 0.0140625
0 0.71484375 0.31171875 0.00625 0.0140625
0 0.76640625 0.30078125 0.0078125 0.0140625
4 0.8703125 0.465625 0.06875 0.103125
4 0.8046875 0.365625 0.03125 0.0484375
4 0.78359375 0.3359375 0.0203125 0.0328125
4 0.76953125 0.32109375 0.0140625 0.0234375
4 0.77265625 0.30234375 0.009375 0.015625
4 0.75390625 0.30703125 0.009375 0.0171875
4 0.88125 0.2796875 0.0078125 0.01875
4 0.7640625 0.315625 0.009375 0.01875
4 0.80390625 0.29453125 0.009375 0.0171875
4 0.83828125 0.28828125 0.0109375 0.015625
4 0.7578125 0.30546875 0.0078125 0.0140625