0 0.10390625 0.5203125 0.0140625 0.021875
0 0.4890625 0.50703125 0.009375 0.015625
0 0.496875 0.76015625 0.08125 0.1359375
0 0.58046875 0.5296875 0.015625 0.025
0 0.60546875 0.5015625 0.009375 0.0140625
0 0.72109375 0.5078125 0.009375 0.015625
0 0.77421875 0.49453125 0.00625 0.009375
0 0.83046875 0.50703125 0.0078125 0.0140625
0 0.83046875 0.49921875 0.0046875 0.0109375
0 0.93125 0.590625 0.04375 0.0515625
0 0.86875 0.546875 0.0234375 0.0328125
0 0.9 0.525 0.0171875 0.021875
0 0.9171875 0.5171875 0.0125 0.01875
0 0.90234375 0.49765625 0.00625 0.0109375
4 0.50234375 0.5140625 0.0125 0.0203125
4 0.3109375 0.6015625 0.046875 0.0640625
4 0.40859375 0.53515625 0.01875 0.0296875
4 0.571875 0.51015625 0.009375 0.01875
4 0.7359375 0.5 0.00625 0.0125
4 0.85546875 0.5390625 0.0171875 0.03125
4 0.909375 0.5046875 0.0078125 0.0140625
4 0.9328125 0.50078125 0.0078125 0.0125
2 0.296875 0.5609375 0.0234375 0.0390625
2 0.4703125 0.61796875 0.0484375 0.0671875
2 0.7390625 0.52734375 0.0140625 0.0234375
2 0.825 0.51796875 0.0125 0.01875