0 0.1328125 0.31640625 0.00625 0.025
0 0.06171875 0.3125 0.0046875 0.0234375
0 0.571875 0.51796875 0.04375 0.14375
0 0.82109375 0.35546875 0.025 0.08125
0 0.240625 0.30234375 0.00625 0.0234375
4 0.1578125 0.2890625 0.00625 0.0203125
4 0.45234375 0.20859375 0.0015625 0.0109375
4 0.0546875 0.29765625 0.0046875 0.0203125
4 0.3625 0.21484375 0.0015625 0.0109375
4 0.40859375 0.240625 0.003125 0.015625
4 0.23828125 0.28203125 0.0046875 0.0203125
4 0.31171875 0.26953125 0.0046875 0.0203125
0 0.334375 0.28203125 0.0046875 0.021875
0 0.490625 0.23828125 0.003125 0.0171875
4 0.46875 0.2125 0.003125 0.0109375
0 0.5140625 0.20546875 0.0015625 0.0109375
0 0.52734375 0.21953125 0.003125 0.0140625
4 0.06796875 0.26484375 0.003125 0.0140625
4 0.87421875 0.18359375 0.0015625 0.0109375
0 0.15078125 0.24375 0.0015625 0.0109375
4 0.46171875 0.2203125 0.003125 0.0125
4 0.16640625 0.24609375 0.003125 0.0109375
4 0.928125 0.18671875 0.003125 0.0109375
0 0.209375 0.234375 0.003125 0.009375
0 0.41015625 0.2609375 0.0046875 0.0203125
0 0.45859375 0.25 0.003125 0.01875
2 0.94609375 0.18515625 0.0015625 0.0109375
0 0.1109375 0.25078125 0.003125 0.0109375
0 0.25625 0.22890625 0.0015625 0.0109375
4 0.36953125 0.25390625 0.003125 0.0171875
4 0.11640625 0.2546875 0.003125 0.0140625
4 0.2671875 0.23125 0.003125 0.0109375
4 0.44140625 0.23046875 0.003125 0.0140625
0 0.4984375 0.203125 0.003125 0.0109375
0 0.42421875 0.20390625 0.0015625 0.009375
0 0.30234375 0.22109375 0.0015625 0.0109375
0 0.51484375 0.22734375 0.003125 0.0171875
4 0.21953125 0.2375 0.003125 0.0109375
4 0.89296875 0.17734375 0.0015625 0.009375
0 0.534375 0.2125 0.003125 0.0140625
0 0.459375 0.203125 0.0015625 0.0109375
0 0.34453125 0.21328125 0.0015625 0.009375
0 0.89140625 0.17578125 0.0015625 0.009375
0 0.92734375 0.17421875 0.003125 0.0109375
0 0.525 0.2078125 0.003125 0.0125
4 0.41015625 0.21015625 0.0015625 0.0109375
0 0.05546875 0.2609375 0.003125 0.0140625
4 0.73828125 0.19453125 0.003125 0.0125
0 0.7359375 0.19453125 0.003125 0.0125
2 0.87890625 0.17109375 0.0015625 0.009375
4 0.31484375 0.2234375 0.0015625 0.0109375
0 0.9390625 0.16640625 0.0015625 0.00625
0 0.375 0.2078125 0.0015625 0.0109375
4 0.94921875 0.1765625 0.0015625 0.009375
4 0.70546875 0.1828125 0.0015625 0.0078125
4 0.91640625 0.16484375 0.0015625 0.00625
0 0.39296875 0.20625 0.0015625 0.0078125
0 0.90625 0.16796875 0.0015625 0.00625
4 0.7296875 0.1765625 0.0015625 0.00625
4 0.7140625 0.17578125 0.0015625 0.00625
4 0.71015625 0.17265625 0.0015625 0.00625
4 0.721875 0.17109375 0.0015625 0.00625
4 0.73515625 0.18046875 0.0015625 0.0078125
4 0.7046875 0.17421875 0.0015625 0.00625
4 0.73203125 0.1703125 0.0015625 0.00625