0 0.23828125 0.3453125 0.0234375 0.0765625
0 0.50546875 0.325 0.0109375 0.0390625
0 0.40546875 0.32890625 0.015625 0.0515625
4 0.6140625 0.40546875 0.01875 0.0609375
4 0.74609375 0.353125 0.0078125 0.028125
4 0.5359375 0.45859375 0.028125 0.09375
4 0.6703125 0.38046875 0.0125 0.0453125
4 0.52421875 0.575 0.04375 0.1421875
0 0.6140625 0.32265625 0.0078125 0.028125
4 0.815625 0.3421875 0.0046875 0.015625
0 0.7078125 0.3109375 0.003125 0.0140625
4 0.9234375 0.3640625 0.003125 0.0140625
1 0.5609375 0.3140625 0.0125 0.0546875
4 0.66875 0.31484375 0.00625 0.0203125
4 0.5046875 0.26484375 0.0046875 0.0171875
4 0.49453125 0.2609375 0.0046875 0.0171875
0 0.621875 0.3109375 0.0078125 0.021875
4 0.696875 0.31015625 0.003125 0.015625
0 0.84296875 0.34375 0.003125 0.0140625
1 0.70234375 0.359375 0.015625 0.0609375
0 0.7875 0.33125 0.003125 0.0140625
4 0.878125 0.35703125 0.003125 0.0140625
0 0.43359375 0.246875 0.003125 0.0140625
4 0.5015625 0.2609375 0.003125 0.015625
0 0.92890625 0.3640625 0.003125 0.0125
0 0.828125 0.34140625 0.003125 0.0140625
0 0.759375 0.32421875 0.003125 0.0140625
0 0.4453125 0.253125 0.003125 0.015625
0 0.55234375 0.284375 0.0046875 0.01875
0 0.525 0.2625 0.003125 0.0125
0 0.57890625 0.29375 0.0046875 0.0203125
0 0.48984375 0.26640625 0.0046875 0.0171875
0 0.4484375 0.246875 0.003125 0.0140625
4 0.77578125 0.33125 0.003125 0.015625
4 0.73203125 0.35859375 0.009375 0.03125
4 0.58046875 0.278125 0.003125 0.015625
0 0.48125 0.253125 0.003125 0.0140625
0 0.56953125 0.2734375 0.003125 0.0125
4 0.853125 0.35078125 0.003125 0.015625
1 0.71015625 0.35703125 0.009375 0.0578125
4 0.7359375 0.34453125 0.0046875 0.025
0 0.7296875 0.31640625 0.003125 0.0125
4 0.8953125 0.36015625 0.003125 0.0140625
4 0.90546875 0.36171875 0.003125 0.0140625
4 0.94453125 0.3703125 0.0046875 0.0140625
4 0.7046875 0.32890625 0.0046875 0.021875
4 0.63046875 0.30234375 0.00625 0.01875
4 0.64765625 0.29609375 0.003125 0.0140625
4 0.58671875 0.2890625 0.00625 0.0171875
4 0.52578125 0.27109375 0.0046875 0.0171875
4 0.54453125 0.26953125 0.003125 0.015625
4 0.5171875 0.26328125 0.003125 0.0140625
4 0.61640625 0.2859375 0.0046875 0.015625
0 0.6625 0.2984375 0.003125 0.0125
0 0.63359375 0.3203125 0.0078125 0.0296875
0 0.603125 0.303125 0.0046875 0.0203125
0 0.5671875 0.3234375 0.0078125 0.0328125
1 0.571875 0.3140625 0.009375 0.053125
0 0.80546875 0.33515625 0.003125 0.0140625
4 0.73046875 0.31953125 0.003125 0.015625
4 0.90859375 0.3609375 0.003125 0.0140625