0 0.0921875 0.17734375 0.009375 0.028125
0 0.865625 0.19765625 0.0078125 0.025
0 0.7671875 0.19140625 0.0078125 0.025
0 0.9140625 0.40078125 0.0390625 0.096875
0 0.59375 0.51328125 0.053125 0.153125
0 0.19609375 0.16796875 0.0078125 0.0234375
0 0.6875 0.18515625 0.0078125 0.0234375
4 0.62421875 0.16875 0.0046875 0.0140625
4 0.30078125 0.15859375 0.0046875 0.0171875
0 0.63203125 0.178125 0.00625 0.0203125
4 0.0875 0.15859375 0.0046875 0.0140625
0 0.57890625 0.16875 0.0046875 0.01875
0 0.28046875 0.1640625 0.00625 0.0203125
0 0.4578125 0.165625 0.0046875 0.0171875
4 0.13203125 0.16328125 0.0078125 0.021875
4 0.2140625 0.16015625 0.0046875 0.0171875
4 0.734375 0.18125 0.0078125 0.01875
4 0.93671875 0.1984375 0.00625 0.01875
0 0.11640625 0.1546875 0.003125 0.0125
4 0.21875 0.15625 0.003125 0.0125
4 0.81484375 0.1875 0.0046875 0.0171875
4 0.3453125 0.15546875 0.0046875 0.0140625
0 0.403125 0.1640625 0.0046875 0.0171875
4 0.465625 0.16015625 0.0046875 0.015625
4 0.55703125 0.16171875 0.0046875 0.0109375
0 0.15546875 0.15390625 0.0046875 0.0109375
4 0.6671875 0.17421875 0.0046875 0.0171875
4 0.54453125 0.1625 0.0046875 0.0171875
0 0.20234375 0.15234375 0.003125 0.0140625
0 0.51328125 0.16640625 0.0046875 0.0171875
0 0.35078125 0.16328125 0.0046875 0.0171875
4 0.38515625 0.15703125 0.0046875 0.0171875
0 0.45625 0.15546875 0.003125 0.0109375
4 0.44296875 0.15390625 0.0046875 0.0125
4 0.30625 0.15703125 0.003125 0.0109375
4 0.16171875 0.1578125 0.0046875 0.0140625
4 0.49921875 0.15859375 0.003125 0.0125
0 0.5015625 0.15625 0.003125 0.0109375
0 0.26796875 0.15234375 0.003125 0.0109375
4 0.259375 0.15546875 0.003125 0.0125