4 0.365625 0.246875 0.0046875 0.0171875
4 0.653125 0.2578125 0.0046875 0.0140625
4 0.11796875 0.43203125 0.040625 0.1046875
0 0.27265625 0.240625 0.0046875 0.0140625
0 0.69609375 0.25859375 0.0046875 0.0140625
4 0.640625 0.2546875 0.0046875 0.0140625
4 0.60546875 0.25 0.0046875 0.0125
4 0.315625 0.24765625 0.00625 0.0171875
4 0.51484375 0.24375 0.003125 0.0109375
4 0.09296875 0.23671875 0.00625 0.0171875
0 0.8453125 0.27421875 0.00625 0.0171875
4 0.425 0.2453125 0.0046875 0.0140625
0 0.3046875 0.24296875 0.0046875 0.015625
0 0.35546875 0.2421875 0.0046875 0.0140625
4 0.34375 0.54296875 0.053125 0.153125
4 0.5453125 0.2453125 0.0046875 0.0125
4 0.75703125 0.27109375 0.00625 0.0171875
4 0.71328125 0.26640625 0.0046875 0.0171875
4 0.20546875 0.2421875 0.00625 0.015625
0 0.70703125 0.2609375 0.0046875 0.0140625
4 0.85546875 0.28046875 0.0046875 0.0171875
4 0.4453125 0.24296875 0.0046875 0.0140625
0 0.37109375 0.24140625 0.0046875 0.0140625
4 0.40078125 0.246875 0.0046875 0.0171875
4 0.48671875 0.2421875 0.0046875 0.0140625
0 0.0640625 0.2328125 0.00625 0.015625
4 0.13671875 0.2390625 0.0046875 0.0171875
4 0.5765625 0.24765625 0.0046875 0.0125
0 0.39296875 0.23984375 0.0046875 0.0140625
0 0.746875 0.265625 0.0046875 0.015625
4 0.9109375 0.2859375 0.00625 0.01875
0 0.77734375 0.26875 0.0046875 0.015625
4 0.79453125 0.775 0.0375 0.1078125
0 0.58984375 0.24609375 0.003125 0.0109375
0 0.8796875 0.27734375 0.0046875 0.0171875
4 0.67265625 0.2625 0.0046875 0.015625
4 0.62890625 0.253125 0.0046875 0.0125
4 0.24375 0.24453125 0.0046875 0.0171875
0 0.5015625 0.240625 0.003125 0.0109375
4 0.17578125 0.240625 0.0046875 0.0171875
4 0.8015625 0.27421875 0.00625 0.01875
0 0.12421875 0.234375 0.0046875 0.0140625
0 0.33203125 0.2421875 0.0046875 0.015625
0 0.72109375 0.26171875 0.0046875 0.015625
0 0.22265625 0.23828125 0.00625 0.015625
0 0.2484375 0.23984375 0.0046875 0.0140625
4 0.05859375 0.23671875 0.0078125 0.0171875
4 0.4625 0.24375 0.0046875 0.0140625
0 0.459375 0.2390625 0.0046875 0.0125
0 0.421875 0.2390625 0.0046875 0.0125
0 0.178125 0.2359375 0.0046875 0.0140625
0 0.8078125 0.271875 0.0046875 0.015625
0 0.66875 0.253125 0.0046875 0.0125
0 0.915625 0.28046875 0.0046875 0.0171875
0 0.63125 0.25 0.003125 0.0109375