0 0.41875 0.490625 0.034375 0.078125
4 0.6421875 0.4390625 0.034375 0.071875
4 0.56484375 0.3859375 0.0171875 0.040625
4 0.7609375 0.5328125 0.0625 0.13125
4 0.6 0.403125 0.0234375 0.0515625
0 0.353125 0.6171875 0.0578125 0.128125
0 0.109375 0.51796875 0.0234375 0.0484375
0 0.440625 0.43984375 0.0234375 0.053125
0 0.36484375 0.428125 0.0171875 0.0375
0 0.2515625 0.46796875 0.0171875 0.0390625
4 0.27265625 0.44453125 0.015625 0.034375
4 0.16328125 0.48515625 0.0171875 0.0375
0 0.4328125 0.41953125 0.0171875 0.040625
4 0.48046875 0.38515625 0.0140625 0.0328125
4 0.384375 0.40703125 0.0140625 0.03125