0 0.82265625 0.3453125 0.0203125 0.0640625
0 0.7359375 0.465625 0.03125 0.115625
0 0.85390625 0.3 0.0109375 0.0421875
0 0.88046875 0.26171875 0.00625 0.028125
0 0.86953125 0.2765625 0.009375 0.034375
0 0.88984375 0.2515625 0.00625 0.025
0 0.9046875 0.2328125 0.003125 0.0171875
0 0.90078125 0.23828125 0.0046875 0.01875
0 0.89609375 0.24375 0.0046875 0.021875
0 0.5609375 0.26875 0.00625 0.028125
0 0.90703125 0.2296875 0.003125 0.0140625
4 0.95390625 0.21953125 0.003125 0.0125
0 0.909375 0.2265625 0.003125 0.0140625