0 0.21953125 0.525 0.01328125 0.02265625
0 0.384375 0.50625 0.0078125 0.0125
0 0.3921875 0.50078125 0.00703125 0.01015625
0 0.41015625 0.515625 0.01015625 0.015625
0 0.41953125 0.4984375 0.0046875 0.00859375
0 0.48046875 0.4984375 0.0046875 0.0078125
0 0.49609375 0.52265625 0.01171875 0.01796875
0 0.4625 0.55390625 0.01953125 0.03125
0 0.53515625 0.5 0.0046875 0.0078125
0 0.57890625 0.503125 0.00546875 0.0078125
0 0.61484375 0.53828125 0.015625 0.02265625
0 0.61171875 0.51875 0.009375 0.0140625
0 0.61640625 0.50546875 0.00546875 0.0078125
0 0.6578125 0.5078125 0.00625 0.01015625
0 0.6265625 0.66640625 0.0578125 0.0828125
0 0.753125 0.55859375 0.01953125 0.03046875
0 0.80546875 0.5234375 0.009375 0.0125
0 0.89296875 0.5453125 0.01640625 0.02265625
4 0.2078125 0.5140625 0.01171875 0.01796875
4 0.3109375 0.50703125 0.0078125 0.01484375
4 0.45859375 0.50703125 0.0078125 0.0125
4 0.47578125 0.58359375 0.03203125 0.046875
4 0.52734375 0.525 0.0125 0.01875
4 0.5984375 0.5140625 0.0078125 0.0125
4 0.715625 0.51953125 0.00859375 0.01484375
4 0.78203125 0.5265625 0.0109375 0.01640625
2 0.18359375 0.55234375 0.025 0.03359375
2 0.31875 0.52578125 0.0140625 0.0203125
2 0.31875 0.51015625 0.009375 0.0140625
2 0.4375 0.5078125 0.00703125 0.0125
2 0.3078125 0.67578125 0.06015625 0.0890625
2 0.52109375 0.50859375 0.00703125 0.01171875
2 0.6109375 0.525 0.00859375 0.0171875
2 0.64921875 0.56875 0.025 0.03515625
2 0.7 0.53828125 0.0140625 0.02265625