4 0.8421875 0.62578125 0.0484375 0.1140625
0 0.58671875 0.4234375 0.015625 0.040625
4 0.90234375 0.4890625 0.015625 0.0421875
4 0.63828125 0.4015625 0.009375 0.0265625
0 0.55546875 0.4484375 0.0203125 0.05625
4 0.75390625 0.459375 0.015625 0.040625
4 0.76640625 0.484375 0.021875 0.053125
4 0.84765625 0.4609375 0.0140625 0.034375
0 0.371875 0.61640625 0.059375 0.1546875
0 0.9171875 0.45859375 0.009375 0.0296875
4 0.778125 0.528125 0.028125 0.071875
0 0.17890625 0.3078125 0.0125 0.03125
0 0.55234375 0.3890625 0.0109375 0.03125
4 0.3125 0.309375 0.00625 0.0171875
4 0.46015625 0.34453125 0.00625 0.0171875
4 0.521875 0.36015625 0.0078125 0.0203125
0 0.159375 0.32890625 0.0171875 0.0453125
4 0.2015625 0.2984375 0.0078125 0.0203125
4 0.71171875 0.42265625 0.0109375 0.0296875
0 0.35703125 0.33203125 0.009375 0.025
0 0.2515625 0.30859375 0.009375 0.0203125
0 0.62421875 0.38203125 0.0078125 0.01875
4 0.43203125 0.34296875 0.00625 0.0203125
4 0.14921875 0.29453125 0.009375 0.021875
0 0.47421875 0.36953125 0.0109375 0.0296875
0 0.44375 0.3328125 0.0046875 0.0171875
4 0.70390625 0.41015625 0.009375 0.025
4 0.76796875 0.4296875 0.009375 0.0265625
4 0.3828125 0.328125 0.0078125 0.0203125
4 0.49609375 0.3625 0.009375 0.025
4 0.41015625 0.3296875 0.00625 0.0171875
4 0.64921875 0.39375 0.0078125 0.0203125
0 0.5 0.503125 0.03125 0.0875
4 0.353125 0.31484375 0.0046875 0.0171875
4 0.57578125 0.37578125 0.009375 0.0234375
0 0.21640625 0.30703125 0.009375 0.025
0 0.4 0.346875 0.0109375 0.028125
4 0.75078125 0.44453125 0.0109375 0.0328125
0 0.6234375 0.4140625 0.0140625 0.0359375
4 0.26796875 0.30234375 0.00625 0.0171875
4 0.21484375 0.29609375 0.0046875 0.0171875
4 0.37578125 0.3203125 0.0046875 0.015625
4 0.5640625 0.38125 0.009375 0.0265625
0 0.32421875 0.3203125 0.009375 0.0234375
0 0.83828125 0.43515625 0.009375 0.025
0 0.5484375 0.3625 0.0078125 0.0203125
4 0.2609375 0.30703125 0.00625 0.01875
4 0.10625 0.284375 0.0078125 0.0203125
0 0.16875 0.3140625 0.0125 0.0359375
0 0.32265625 0.31015625 0.0046875 0.0140625
4 0.09609375 0.2890625 0.009375 0.0265625
4 0.16015625 0.29140625 0.00625 0.0171875
0 0.70859375 0.40234375 0.0078125 0.0203125
0 0.3734375 0.31796875 0.0046875 0.0140625
0 0.19375 0.2921875 0.00625 0.0140625
0 0.121875 0.28359375 0.00625 0.0171875
0 0.7671875 0.41953125 0.0078125 0.0203125