4 0.46953125 0.4640625 0.0265625 0.06875
0 0.18125 0.44453125 0.021875 0.0625
4 0.52265625 0.42578125 0.01875 0.05
0 0.32578125 0.40859375 0.0171875 0.04375
0 0.9 0.3640625 0.009375 0.025
0 0.76171875 0.36015625 0.0109375 0.0265625
0 0.44140625 0.38671875 0.0125 0.0328125
4 0.7171875 0.38671875 0.0140625 0.034375
4 0.609375 0.40234375 0.0140625 0.0375
4 0.54609375 0.60234375 0.0484375 0.1328125
4 0.8265625 0.38125 0.0140625 0.034375
0 0.540625 0.36875 0.0109375 0.03125
0 0.63671875 0.3578125 0.009375 0.0265625