4 0.39765625 0.3375 0.0359375 0.075
2 0.240625 0.1625 0.0109375 0.025
4 0.6265625 0.58828125 0.071875 0.1453125
4 0.32109375 0.25234375 0.0234375 0.0515625
2 0.25546875 0.17890625 0.0125 0.03125
2 0.2125 0.1328125 0.00625 0.0171875
2 0.21953125 0.140625 0.009375 0.01875
2 0.2078125 0.12734375 0.00625 0.0171875
2 0.203125 0.12265625 0.00625 0.0140625
2 0.228125 0.15 0.009375 0.0203125
1 0.2859375 0.1984375 0.025 0.059375
1 0.278125 0.19296875 0.01875 0.053125
4 0.27734375 0.20546875 0.0140625 0.034375