0 0.4578125 0.3171875 0.0265625 0.0546875
0 0.871875 0.43359375 0.0171875 0.040625
0 0.290625 0.3109375 0.034375 0.075
0 0.73125 0.3828125 0.0171875 0.040625
4 0.6890625 0.4 0.0265625 0.053125
4 0.43984375 0.51796875 0.0625 0.1453125
4 0.91640625 0.47421875 0.025 0.05
0 0.5953125 0.34296875 0.0171875 0.04375
4 0.50234375 0.41171875 0.040625 0.0890625
4 0.590625 0.390625 0.0296875 0.0625
4 0.7953125 0.42890625 0.025 0.0484375
3 0.5015625 0.2734375 0.0109375 0.025
3 0.34921875 0.23046875 0.0125 0.0296875
3 0.9171875 0.4171875 0.0078125 0.0203125
3 0.45 0.26875 0.0125 0.0296875
3 0.565625 0.2890625 0.009375 0.021875
3 0.525 0.26796875 0.0078125 0.0203125
3 0.58671875 0.2875 0.0078125 0.01875
3 0.41328125 0.2375 0.009375 0.0234375
3 0.4921875 0.2453125 0.00625 0.0171875
3 0.54453125 0.26875 0.00625 0.0171875
3 0.7328125 0.3421875 0.00625 0.01875
3 0.95546875 0.42890625 0.009375 0.0203125
3 0.46171875 0.24375 0.00625 0.0171875
3 0.55703125 0.26953125 0.00625 0.0171875
3 0.6015625 0.28828125 0.00625 0.0171875
3 0.71796875 0.33203125 0.00625 0.0171875
3 0.81953125 0.371875 0.0078125 0.0203125
3 0.64296875 0.3109375 0.0078125 0.0203125
3 0.6421875 0.3046875 0.00625 0.0171875