0 0.83203125 0.57890625 0.0421875 0.0890625
0 0.5765625 0.55078125 0.0484375 0.1078125
0 0.78671875 0.44609375 0.015625 0.0359375
4 0.6078125 0.3796875 0.0078125 0.0171875
4 0.63125 0.384375 0.00625 0.0171875
4 0.87109375 0.4453125 0.0078125 0.01875
0 0.68203125 0.4125 0.0140625 0.0328125
0 0.51640625 0.35703125 0.0078125 0.01875
4 0.92265625 0.45703125 0.0078125 0.0203125
0 0.94609375 0.4890625 0.0171875 0.0375
0 0.8921875 0.44765625 0.00625 0.0140625
4 0.75078125 0.41484375 0.0078125 0.01875
4 0.6671875 0.396875 0.009375 0.021875
0 0.5359375 0.36328125 0.009375 0.021875
0 0.52890625 0.3578125 0.00625 0.0171875
0 0.6234375 0.39453125 0.0125 0.0265625
4 0.80703125 0.4296875 0.0078125 0.01875
4 0.74296875 0.41953125 0.0109375 0.0265625
0 0.56015625 0.365625 0.00625 0.0171875
0 0.78671875 0.421875 0.00625 0.015625
4 0.85703125 0.45 0.0109375 0.0234375
4 0.596875 0.37734375 0.0078125 0.0171875
0 0.58203125 0.378125 0.009375 0.0234375
0 0.8421875 0.43515625 0.00625 0.0140625
4 0.67265625 0.39609375 0.0078125 0.01875
0 0.609375 0.378125 0.00625 0.0171875
0 0.73125 0.40859375 0.00625 0.015625
4 0.95546875 0.475 0.0109375 0.028125