0 0.32109375 0.53203125 0.03125 0.096875
0 0.7859375 0.4109375 0.015625 0.0421875
0 0.909375 0.42734375 0.0171875 0.0515625
4 0.875 0.64921875 0.0578125 0.15625
4 0.815625 0.459375 0.021875 0.065625
0 0.25625 0.41171875 0.0109375 0.04375
0 0.31328125 0.39453125 0.009375 0.034375
4 0.6140625 0.50234375 0.028125 0.0875
4 0.4609375 0.4015625 0.0109375 0.0375
4 0.4453125 0.421875 0.015625 0.0453125
4 0.85703125 0.3671875 0.00625 0.021875
0 0.60703125 0.3578125 0.00625 0.021875
4 0.615625 0.40703125 0.0109375 0.0390625
4 0.653125 0.38203125 0.0078125 0.028125
4 0.7140625 0.378125 0.0078125 0.028125
4 0.59375 0.39140625 0.009375 0.034375
0 0.275 0.45 0.0171875 0.0609375
4 0.5578125 0.3765625 0.0078125 0.028125
4 0.7453125 0.35390625 0.00625 0.01875
4 0.87734375 0.35234375 0.0046875 0.0171875
0 0.534375 0.3609375 0.00625 0.021875
4 0.62890625 0.3703125 0.0078125 0.025
0 0.75 0.39453125 0.009375 0.0359375
4 0.49375 0.38828125 0.0078125 0.0296875
0 0.45234375 0.36484375 0.00625 0.025
4 0.68828125 0.365625 0.00625 0.0234375
0 0.39296875 0.37578125 0.0078125 0.028125
0 0.890625 0.38203125 0.0078125 0.025
4 0.72734375 0.359375 0.00625 0.0203125
0 0.6796875 0.35 0.0046875 0.0171875
4 0.9203125 0.359375 0.00625 0.0203125
4 0.91171875 0.35625 0.00625 0.0171875
0 0.64765625 0.35390625 0.00625 0.01875
4 0.8203125 0.3703125 0.00625 0.0234375
4 0.78125 0.346875 0.0046875 0.015625
0 0.83203125 0.38828125 0.009375 0.03125
4 0.76875 0.3734375 0.0078125 0.025
0 0.83984375 0.3453125 0.003125 0.0140625
4 0.76015625 0.35 0.003125 0.015625
4 0.82734375 0.3484375 0.0046875 0.0171875
0 0.71875 0.34296875 0.0046875 0.0171875
0 0.9375 0.37578125 0.009375 0.025
0 0.69453125 0.346875 0.0046875 0.0171875
0 0.26875 0.7890625 0.05625 0.14375
4 0.52109375 0.45625 0.021875 0.0625
4 0.6859375 0.4296875 0.0171875 0.05
0 0.7578125 0.34296875 0.003125 0.0140625
4 0.88984375 0.36328125 0.00625 0.0203125
0 0.88359375 0.3484375 0.003125 0.015625
0 0.93984375 0.35234375 0.00625 0.0171875