0 0.11796875 0.6125 0.03125 0.0390625
0 0.55859375 0.52265625 0.01875 0.025
0 0.696875 0.525 0.0265625 0.0328125
4 0.21953125 0.63671875 0.04375 0.0578125
4 0.35078125 0.5625 0.021875 0.03125
4 0.42265625 0.53515625 0.015625 0.021875
4 0.6828125 0.50078125 0.0140625 0.0203125
4 0.834375 0.50078125 0.025 0.03125
2 0.5875 0.5390625 0.021875 0.0328125
2 0.63359375 0.50390625 0.0125 0.0203125
2 0.75234375 0.5578125 0.0359375 0.0515625
2 0.8890625 0.50078125 0.025 0.0328125
2 0.8140625 0.62734375 0.0609375 0.0875