0 0.20234375 0.428125 0.0375 0.0828125
4 0.03359375 0.353125 0.0203125 0.0484375
1 0.53671875 0.32578125 0.025 0.0640625
4 0.67109375 0.30625 0.0109375 0.0265625
0 0.81875 0.33125 0.015625 0.0359375
0 0.26796875 0.34375 0.01875 0.0453125
0 0.17578125 0.334375 0.0171875 0.040625
0 0.153125 0.3109375 0.0125 0.03125
4 0.7390625 0.35234375 0.021875 0.0484375
1 0.4984375 0.3296875 0.0265625 0.0703125
0 0.1421875 0.32265625 0.015625 0.034375
0 0.42265625 0.34609375 0.01875 0.0453125
4 0.60625 0.296875 0.0078125 0.0234375
4 0.12421875 0.30078125 0.009375 0.025
0 0.5890625 0.3078125 0.009375 0.0265625
4 0.0546875 0.3125 0.0140625 0.03125
4 0.86328125 0.353125 0.0203125 0.0453125
4 0.47578125 0.4453125 0.0375 0.09375
0 0.303125 0.29375 0.009375 0.021875
4 0.01171875 0.33046875 0.015625 0.0375
0 0.5890625 0.32890625 0.015625 0.0359375
0 0.19140625 0.303125 0.0125 0.0265625
4 0.7125 0.31953125 0.0140625 0.0328125
2 0.75 0.315625 0.0125 0.03125
2 0.915625 0.315625 0.0140625 0.03125
2 0.853125 0.32734375 0.0140625 0.034375
4 0.28125 0.28828125 0.009375 0.0234375
0 0.54765625 0.30078125 0.009375 0.025
2 0.9109375 0.296875 0.0078125 0.01875
1 0.61171875 0.353125 0.0359375 0.0875
0 0.3578125 0.2921875 0.009375 0.021875
4 0.3515625 0.28671875 0.0078125 0.0203125
1 0.6484375 0.34609375 0.034375 0.08125
4 0.1703125 0.37578125 0.0234375 0.05625
4 0.5421875 0.38828125 0.0296875 0.0640625
2 0.81796875 0.3078125 0.009375 0.0265625
0 0.24453125 0.29765625 0.009375 0.025
4 0.490625 0.60703125 0.0671875 0.1671875
4 0.4421875 0.28671875 0.009375 0.0234375
4 0.52890625 0.28984375 0.00625 0.01875
0 0.5234375 0.340625 0.0171875 0.040625
2 0.86953125 0.3015625 0.009375 0.0234375
0 0.428125 0.29296875 0.009375 0.021875
4 0.2 0.2921875 0.009375 0.021875
4 0.63203125 0.36328125 0.021875 0.0515625
0 0.49453125 0.29609375 0.009375 0.0203125
0 0.60859375 0.31796875 0.0109375 0.034375