4 0.61875 0.51171875 0.028125 0.08125
0 0.803125 0.46171875 0.0140625 0.040625
4 0.821875 0.678125 0.053125 0.140625
0 0.31171875 0.4046875 0.021875 0.059375
4 0.8171875 0.51015625 0.0234375 0.0625
0 0.91796875 0.5 0.01875 0.0484375
0 0.353125 0.36015625 0.0125 0.034375
0 0.34375 0.4859375 0.0328125 0.090625
4 0.640625 0.42734375 0.0140625 0.040625
4 0.84765625 0.43125 0.0078125 0.021875
4 0.759375 0.40390625 0.0078125 0.0203125
4 0.62265625 0.40859375 0.0109375 0.03125
4 0.66015625 0.39609375 0.009375 0.025
0 0.43359375 0.35703125 0.009375 0.028125
4 0.7953125 0.42578125 0.009375 0.025
4 0.71953125 0.40234375 0.0078125 0.021875
4 0.47578125 0.41015625 0.015625 0.046875
0 0.296875 0.365625 0.015625 0.0421875
4 0.884375 0.4359375 0.0078125 0.0203125
4 0.7421875 0.41953125 0.009375 0.025
4 0.68203125 0.41171875 0.0109375 0.0296875
4 0.49375 0.3953125 0.0140625 0.0375
4 0.5265625 0.3875 0.0109375 0.0296875
0 0.2625 0.7125 0.075 0.2046875
0 0.6421875 0.37890625 0.0078125 0.0203125
0 0.5703125 0.36875 0.00625 0.021875
4 0.90859375 0.42578125 0.0046875 0.015625
4 0.86015625 0.41171875 0.0046875 0.0140625
0 0.75390625 0.38671875 0.0046875 0.0140625
0 0.68359375 0.3828125 0.00625 0.0171875
4 0.778125 0.40234375 0.00625 0.01875
4 0.590625 0.3890625 0.009375 0.0265625
0 0.77265625 0.43984375 0.0109375 0.034375
0 0.91328125 0.45625 0.009375 0.025
4 0.94296875 0.43515625 0.0046875 0.0171875
4 0.95 0.440625 0.00625 0.01875
4 0.70234375 0.46015625 0.0171875 0.046875
4 0.54140625 0.45390625 0.021875 0.059375
4 0.79375 0.4015625 0.0046875 0.015625
0 0.715625 0.38515625 0.00625 0.0171875
0 0.8546875 0.4484375 0.009375 0.03125
0 0.87421875 0.41015625 0.0046875 0.015625
0 0.959375 0.45859375 0.00625 0.025
0 0.490625 0.3578125 0.0078125 0.025
0 0.834375 0.4015625 0.0046875 0.0140625
0 0.7296875 0.3859375 0.0046875 0.015625
4 0.81484375 0.403125 0.0046875 0.015625
0 0.7921875 0.39453125 0.0046875 0.0140625
4 0.7578125 0.36953125 0.003125 0.00625
4 0.76796875 0.371875 0.003125 0.00625
4 0.771875 0.3734375 0.003125 0.0078125
4 0.91796875 0.4390625 0.0046875 0.0203125
0 0.91640625 0.421875 0.0046875 0.0140625
4 0.896875 0.3984375 0.003125 0.009375
4 0.90390625 0.40234375 0.003125 0.009375
4 0.7875 0.3765625 0.0015625 0.00625
0 0.7828125 0.375 0.003125 0.00625
0 0.784375 0.375 0.003125 0.0078125
0 0.79609375 0.37734375 0.003125 0.0078125
2 0.86640625 0.39921875 0.003125 0.009375
2 0.8859375 0.40390625 0.003125 0.0109375
2 0.90859375 0.4078125 0.003125 0.0109375
2 0.8453125 0.39453125 0.003125 0.0109375
2 0.85 0.390625 0.003125 0.0078125
2 0.8234375 0.3890625 0.003125 0.0109375
2 0.81328125 0.38359375 0.003125 0.00625
2 0.7890625 0.378125 0.003125 0.00625
4 0.8625 0.38984375 0.003125 0.0078125
0 0.871875 0.39453125 0.003125 0.009375
0 0.878125 0.3953125 0.003125 0.0078125