0 0.18359375 0.43125 0.0390625 0.078125
0 0.1328125 0.32578125 0.0125 0.028125
4 0.49921875 0.453125 0.0453125 0.09375
0 0.2953125 0.3671875 0.0234375 0.0515625
0 0.0546875 0.325 0.0109375 0.025
0 0.26484375 0.340625 0.0171875 0.0390625
4 0.3140625 0.31015625 0.0125 0.028125
0 0.27890625 0.38515625 0.028125 0.059375
4 0.26640625 0.309375 0.0125 0.0265625
0 0.0984375 0.32578125 0.0125 0.028125
4 0.3640625 0.315625 0.0140625 0.0328125
4 0.4078125 0.32109375 0.015625 0.0359375
0 0.24140625 0.334375 0.015625 0.0359375
4 0.51875 0.3484375 0.0234375 0.05
4 0.45703125 0.33046875 0.01875 0.0421875
0 0.896875 0.25234375 0.0078125 0.0140625
4 0.08125 0.3109375 0.0109375 0.021875
0 0.171875 0.32578125 0.0140625 0.03125
4 0.5359375 0.37734375 0.028125 0.065625
4 0.44140625 0.2734375 0.0078125 0.015625
4 0.28515625 0.284375 0.009375 0.015625
0 0.20546875 0.32890625 0.0140625 0.0328125
4 0.21875 0.31015625 0.0109375 0.025
4 0.171875 0.2921875 0.0078125 0.0171875
4 0.09765625 0.29921875 0.0078125 0.0171875
0 0.86875 0.253125 0.0078125 0.015625
4 0.14140625 0.3109375 0.0109375 0.025
4 0.50390625 0.54921875 0.06875 0.1453125
4 0.803125 0.25703125 0.0078125 0.0140625
4 0.5125 0.2671875 0.0078125 0.015625
0 0.42265625 0.271875 0.0078125 0.015625
0 0.46796875 0.26875 0.00625 0.0140625
4 0.65703125 0.2546875 0.00625 0.0125
4 0.13515625 0.29453125 0.00625 0.0171875
4 0.6171875 0.25390625 0.00625 0.0109375
4 0.06640625 0.30390625 0.0078125 0.0171875
0 0.784375 0.25390625 0.00625 0.0125
4 0.0578125 0.31015625 0.009375 0.0203125
4 0.22578125 0.2875 0.0078125 0.015625
4 0.18359375 0.31015625 0.0109375 0.0234375
0 0.234375 0.284375 0.00625 0.0140625
0 0.2875 0.35078125 0.015625 0.0421875
0 0.44765625 0.26953125 0.00625 0.0140625
4 0.84453125 0.25625 0.0078125 0.015625
4 0.53671875 0.2609375 0.00625 0.0125
0 0.69921875 0.25234375 0.0046875 0.0109375
0 0.840625 0.25390625 0.0078125 0.0140625
4 0.68828125 0.25703125 0.00625 0.0140625
4 0.58984375 0.2546875 0.0046875 0.0109375
0 0.48828125 0.26484375 0.00625 0.0125
4 0.521875 0.259375 0.00625 0.0125
0 0.1140625 0.29375 0.00625 0.0140625
0 0.4984375 0.25703125 0.0046875 0.0109375
0 0.2890625 0.28046875 0.00625 0.0140625
4 0.71953125 0.2578125 0.00625 0.0125
0 0.73203125 0.253125 0.00625 0.0109375
4 0.64140625 0.25390625 0.00625 0.0109375
0 0.17578125 0.2875 0.00625 0.0140625
0 0.60234375 0.25234375 0.0046875 0.0109375
4 0.8875 0.25546875 0.0078125 0.015625
4 0.56640625 0.25546875 0.0046875 0.0109375
4 0.53203125 0.2640625 0.00625 0.0125
4 0.47890625 0.271875 0.00625 0.0140625
4 0.671875 0.25546875 0.00625 0.0109375
4 0.5484375 0.25546875 0.00625 0.0109375
4 0.75625 0.25703125 0.00625 0.0125
4 0.05234375 0.30703125 0.0078125 0.0171875
0 0.3953125 0.27421875 0.00625 0.0140625
0 0.63828125 0.25234375 0.0046875 0.0109375
4 0.4 0.2765625 0.00625 0.015625
0 0.8078125 0.25390625 0.00625 0.0140625
0 0.478125 0.26328125 0.0046875 0.0109375
1 0.33125 0.27734375 0.0078125 0.0234375
4 0.3375 0.2796875 0.00625 0.0171875
4 0.803125 0.25703125 0.0078125 0.0171875
1 0.34140625 0.27578125 0.009375 0.0234375
0 0.4796875 0.265625 0.0046875 0.0109375
0 0.47890625 0.26015625 0.0046875 0.0125
1 0.3328125 0.2734375 0.0078125 0.021875
0 0.528125 0.25703125 0.00625 0.0109375
4 0.540625 0.2625 0.00625 0.0140625