0 0.65078125 0.63046875 0.059375 0.0765625
0 0.0953125 0.49453125 0.040625 0.0515625
0 0.1171875 0.4234375 0.009375 0.015625
0 0.1703125 0.425 0.0109375 0.0140625
0 0.15703125 0.41796875 0.0078125 0.0109375
4 0.1984375 0.58984375 0.071875 0.09375
4 0.1203125 0.4375 0.01875 0.021875
4 0.19140625 0.4390625 0.0125 0.0171875
2 0.27265625 0.51328125 0.0375 0.0453125
2 0.4421875 0.51015625 0.0265625 0.0328125
2 0.06875 0.459375 0.0328125 0.0359375
2 0.2125 0.45390625 0.015625 0.021875
2 0.2078125 0.43515625 0.0109375 0.015625