0 0.80859375 0.24140625 0.0140625 0.040625
0 0.8328125 0.20078125 0.009375 0.025
0 0.784375 0.28515625 0.0203125 0.0578125
0 0.83984375 0.18984375 0.00625 0.021875
0 0.73046875 0.38671875 0.0359375 0.096875
0 0.8234375 0.21640625 0.009375 0.0296875
0 0.3453125 0.3171875 0.0125 0.0390625
0 0.42421875 0.8046875 0.0390625 0.10625
0 0.84453125 0.18203125 0.00625 0.0203125
0 0.84765625 0.175 0.0046875 0.0171875
4 0.9078125 0.1609375 0.0046875 0.015625
4 0.91640625 0.16953125 0.00625 0.0203125
4 0.9046875 0.1578125 0.0046875 0.0140625
0 0.85234375 0.16796875 0.003125 0.0125
4 0.9109375 0.165625 0.00625 0.0171875
4 0.90078125 0.15625 0.0046875 0.0109375
0 0.85 0.17109375 0.0046875 0.0140625