0 0.90390625 0.328125 0.00625 0.02578125
0 0.315625 0.2625 0.00859375 0.0359375
0 0.51484375 0.2734375 0.00546875 0.025
0 0.1625 0.26328125 0.0109375 0.04140625
4 0.3671875 0.55625 0.04375 0.15625
4 0.27578125 0.3546875 0.01875 0.07421875
4 0.3515625 0.29609375 0.0125 0.046875
0 0.4328125 0.26640625 0.00625 0.028125
4 0.77890625 0.3234375 0.0078125 0.03359375
0 0.78671875 0.30859375 0.00625 0.02578125
4 0.946875 0.3515625 0.00859375 0.03359375
0 0.6 0.28203125 0.00625 0.025
4 0.47421875 0.28671875 0.009375 0.03671875
0 0.6875 0.29375 0.00625 0.02421875
4 0.61640625 0.2984375 0.0078125 0.03125
4 0.32578125 0.21953125 0.00234375 0.0109375
4 0.64921875 0.2546875 0.003125 0.01328125
0 0.64453125 0.2546875 0.003125 0.01328125