0 0.24453125 0.39375 0.0296875 0.0765625
4 0.571875 0.39375 0.0234375 0.0625
1 0.72109375 0.340625 0.01875 0.059375
4 0.6703125 0.37890625 0.01875 0.053125
0 0.48984375 0.3203125 0.0109375 0.0359375
4 0.9109375 0.39296875 0.01875 0.046875
4 0.85078125 0.33515625 0.0078125 0.0234375
1 0.80234375 0.36875 0.0265625 0.0765625
0 0.78359375 0.353125 0.0109375 0.0359375
1 0.68203125 0.33828125 0.0171875 0.059375
4 0.9140625 0.353125 0.0109375 0.028125
0 0.67109375 0.30703125 0.00625 0.0203125
0 0.8203125 0.34921875 0.0109375 0.03125
1 0.75546875 0.36640625 0.0265625 0.0765625
2 0.26328125 0.3171875 0.0140625 0.040625
2 0.22734375 0.33984375 0.01875 0.0515625
0 0.60859375 0.33984375 0.0109375 0.0375
0 0.73359375 0.31796875 0.00625 0.0203125
4 0.32109375 0.2875 0.009375 0.025
4 0.690625 0.3046875 0.00625 0.0203125
0 0.42890625 0.30703125 0.0109375 0.028125
0 0.81484375 0.3390625 0.0078125 0.025
0 0.4578125 0.28828125 0.00625 0.021875
4 0.3296875 0.303125 0.0109375 0.0359375
0 0.50390625 0.2890625 0.00625 0.0203125
4 0.49140625 0.4453125 0.0328125 0.09375
4 0.54140625 0.28671875 0.00625 0.0171875
4 0.471875 0.2828125 0.00625 0.01875
2 0.1078125 0.303125 0.015625 0.040625
4 0.4078125 0.3265625 0.0109375 0.0390625
0 0.4109375 0.296875 0.0078125 0.025
4 0.7796875 0.38046875 0.015625 0.046875
2 0.03203125 0.325 0.0140625 0.0515625
0 0.78203125 0.328125 0.0078125 0.025
0 0.55703125 0.29375 0.00625 0.01875
0 0.40546875 0.3546875 0.0171875 0.0515625
0 0.70390625 0.35 0.0109375 0.0359375
4 0.7765625 0.31796875 0.00625 0.021875
4 0.3546875 0.28125 0.0078125 0.021875
4 0.47734375 0.5953125 0.0546875 0.1578125
0 0.4234375 0.28984375 0.00625 0.0234375
4 0.4078125 0.2796875 0.00625 0.01875