0 0.83125 0.45546875 0.046875 0.1265625
0 0.8859375 0.24375 0.009375 0.0296875
4 0.9265625 0.23125 0.0078125 0.025
4 0.93671875 0.22890625 0.009375 0.021875
0 0.83046875 0.221875 0.00625 0.0203125
0 0.878125 0.22109375 0.00625 0.0203125
0 0.81328125 0.23125 0.0078125 0.025
0 0.79765625 0.2234375 0.00625 0.0203125
0 0.94453125 0.21875 0.00625 0.01875
0 0.9484375 0.2515625 0.0109375 0.03125
0 0.95703125 0.2171875 0.0046875 0.0171875
0 0.921875 0.2203125 0.00625 0.0203125
0 0.9484375 0.2140625 0.0046875 0.015625
0 0.93125 0.2109375 0.0046875 0.0140625
0 0.3609375 0.696875 0.08125 0.246875
0 0.959375 0.215625 0.0046875 0.0171875