0 0.11875 0.72421875 0.09375 0.1125
0 0.0921875 0.5453125 0.0171875 0.0234375
0 0.0640625 0.5296875 0.0109375 0.015625
0 0.09296875 0.51875 0.0078125 0.0109375
0 0.12734375 0.496875 0.0078125 0.009375
0 0.18203125 0.5171875 0.009375 0.0125
0 0.184375 0.509375 0.00625 0.0109375
0 0.22421875 0.57734375 0.03125 0.0421875
0 0.2390625 0.53203125 0.0140625 0.021875
0 0.23984375 0.51875 0.0109375 0.015625
0 0.27421875 0.5171875 0.0109375 0.0171875
0 0.30546875 0.46015625 0.009375 0.015625
4 0.0890625 0.53046875 0.0125 0.0171875
4 0.115625 0.51953125 0.009375 0.0125
4 0.17734375 0.5296875 0.0140625 0.0203125
4 0.22109375 0.503125 0.00625 0.0109375
4 0.23515625 0.54375 0.01875 0.0265625
4 0.29765625 0.60859375 0.0484375 0.0625
4 0.359375 0.5453125 0.021875 0.03125
4 0.3171875 0.53359375 0.0171875 0.025
4 0.33515625 0.52265625 0.0140625 0.0203125
4 0.4671875 0.565625 0.0328125 0.0453125
4 0.278125 0.46484375 0.009375 0.0125
4 0.25078125 0.48515625 0.0078125 0.0109375
2 0.0953125 0.55390625 0.021875 0.028125
2 0.24921875 0.51328125 0.009375 0.0140625
2 0.334375 0.54140625 0.025 0.0203125
2 0.7140625 0.5421875 0.0328125 0.04375
2 0.78828125 0.5046875 0.025 0.0296875