0 0.44375 0.37578125 0.0265625 0.059375
0 0.2484375 0.4375 0.0375 0.0875
4 0.79140625 0.40546875 0.0328125 0.071875
0 0.6140625 0.35390625 0.021875 0.05
4 0.6828125 0.434375 0.0375 0.0875
0 0.7671875 0.3453125 0.01875 0.04375
4 0.62734375 0.48203125 0.046875 0.109375
4 0.6703125 0.6203125 0.071875 0.175
4 0.93515625 0.39296875 0.01875 0.05625
3 0.19765625 0.28984375 0.00625 0.0171875
3 0.01328125 0.28671875 0.00625 0.015625
0 0.92890625 0.35078125 0.009375 0.0296875
3 0.20859375 0.29375 0.00625 0.01875
3 0.1203125 0.28515625 0.00625 0.015625
3 0.115625 0.29609375 0.0078125 0.01875
3 0.1109375 0.29296875 0.00625 0.0171875
3 0.06796875 0.290625 0.00625 0.015625
3 0.06484375 0.29140625 0.00625 0.015625