4 0.39296875 0.4875 0.034375 0.1203125
0 0.1625 0.28984375 0.015625 0.0515625
4 0.934375 0.45546875 0.0109375 0.0359375
4 0.490625 0.3234375 0.0078125 0.028125
0 0.3953125 0.29609375 0.00625 0.025
4 0.45625 0.32421875 0.009375 0.03125
0 0.43828125 0.30234375 0.00625 0.021875
4 0.3703125 0.37265625 0.01875 0.065625
4 0.54765625 0.32265625 0.00625 0.021875
4 0.371875 0.33828125 0.0140625 0.046875
0 0.3359375 0.290625 0.0078125 0.0296875
4 0.91484375 0.384375 0.003125 0.0125
0 0.47421875 0.30390625 0.00625 0.0203125
0 0.2609375 0.28515625 0.0109375 0.0375
0 0.60859375 0.3046875 0.003125 0.0125
4 0.6546875 0.31953125 0.003125 0.0140625
0 0.64765625 0.30859375 0.003125 0.0109375
0 0.5 0.3046875 0.0046875 0.0203125
0 0.66328125 0.30859375 0.003125 0.0109375
4 0.56875 0.321875 0.00625 0.0203125
4 0.40859375 0.325 0.0109375 0.0375
0 0.5515625 0.30546875 0.003125 0.015625
4 0.91953125 0.41875 0.00625 0.0203125
4 0.875 0.42421875 0.0078125 0.0265625
1 0.51796875 0.29921875 0.00625 0.0296875
0 0.940625 0.3859375 0.003125 0.0109375
4 0.796875 0.33984375 0.003125 0.0109375
4 0.60859375 0.32421875 0.003125 0.015625
4 0.6703125 0.31875 0.003125 0.0125
0 0.76953125 0.32890625 0.003125 0.0109375
0 0.62890625 0.30546875 0.003125 0.0109375
0 0.575 0.30625 0.003125 0.0140625
1 0.528125 0.30078125 0.00625 0.028125
0 0.81484375 0.34296875 0.003125 0.0109375
4 0.5203125 0.32265625 0.00625 0.025
0 0.690625 0.30859375 0.0015625 0.009375
4 0.8796875 0.36796875 0.003125 0.0125
4 0.87421875 0.4125 0.0046875 0.0203125
4 0.62734375 0.3234375 0.003125 0.015625
4 0.95625 0.39921875 0.003125 0.0125
4 0.69765625 0.31953125 0.003125 0.0125
4 0.640625 0.3203125 0.003125 0.0140625
4 0.6828125 0.31953125 0.003125 0.0109375
0 0.67578125 0.30703125 0.003125 0.0109375
0 0.91015625 0.3734375 0.003125 0.0109375
4 0.840625 0.35390625 0.003125 0.0109375
4 0.7171875 0.3203125 0.003125 0.0109375
1 0.58984375 0.31875 0.00625 0.028125
0 0.87578125 0.36171875 0.003125 0.0109375
4 0.7515625 0.32734375 0.003125 0.0109375
0 0.5953125 0.30546875 0.003125 0.0125
1 0.5828125 0.3171875 0.0078125 0.03125
0 0.70234375 0.3109375 0.003125 0.009375
0 0.8453125 0.3515625 0.003125 0.009375
0 0.728125 0.3171875 0.003125 0.009375
0 0.5234375 0.30625 0.0046875 0.0171875
4 0.5859375 0.32265625 0.0046875 0.01875