0 0.575 0.5953125 0.0375 0.0453125
0 0.4765625 0.68671875 0.08125 0.1015625
0 0.34609375 0.5140625 0.021875 0.0265625
0 0.2515625 0.48046875 0.0140625 0.0203125
0 0.2359375 0.49375 0.0203125 0.028125
0 0.1359375 0.45390625 0.0140625 0.01875
0 0.09765625 0.4828125 0.0203125 0.0328125
0 0.0609375 0.4359375 0.0109375 0.015625
0 0.15546875 0.55 0.05 0.0640625
4 0.459375 0.54921875 0.0265625 0.034375
4 0.29921875 0.4921875 0.0171875 0.021875
4 0.2296875 0.48046875 0.0140625 0.021875
4 0.22734375 0.4671875 0.0109375 0.0171875
4 0.1640625 0.45 0.0109375 0.0140625
2 0.715625 0.5921875 0.0234375 0.0296875
2 0.42734375 0.5234375 0.01875 0.025
2 0.24296875 0.471875 0.0140625 0.0171875
2 0.12734375 0.46171875 0.01875 0.021875
2 0.13046875 0.44375 0.0109375 0.0140625
2 0.10390625 0.48984375 0.034375 0.0375
2 0.096875 0.4671875 0.01875 0.0265625
2 0.06640625 0.44375 0.0171875 0.0203125
2 0.34140625 0.55625 0.034375 0.046875
2 0.0921875 0.7015625 0.1265625 0.1578125