0 0.2171875 0.46171875 0.0421875 0.0984375
4 0.82734375 0.7359375 0.0875 0.190625
4 0.58359375 0.51015625 0.0390625 0.096875
0 0.371875 0.37421875 0.0203125 0.046875
4 0.5140625 0.434375 0.0296875 0.0671875
4 0.8921875 0.44921875 0.01875 0.040625
4 0.60859375 0.39765625 0.01875 0.040625
4 0.57109375 0.409375 0.0203125 0.046875
4 0.628125 0.3859375 0.0140625 0.034375
0 0.48828125 0.35234375 0.0109375 0.028125
4 0.70703125 0.36796875 0.0078125 0.01875
4 0.728125 0.37734375 0.009375 0.021875
0 0.4890625 0.33125 0.009375 0.021875
0 0.45625 0.36953125 0.0171875 0.0375
0 0.87265625 0.41484375 0.0109375 0.0265625
4 0.56328125 0.3328125 0.0046875 0.0171875
0 0.28125 0.39140625 0.0265625 0.0625
0 0.509375 0.3640625 0.0125 0.03125
4 0.56640625 0.359375 0.0109375 0.025
0 0.53828125 0.334375 0.00625 0.0171875
4 0.78125 0.40234375 0.0125 0.028125
4 0.7515625 0.38828125 0.0109375 0.025
4 0.584375 0.34453125 0.00625 0.0171875
0 0.50625 0.32109375 0.00625 0.0140625
0 0.79609375 0.3875 0.009375 0.0203125
0 0.7171875 0.35859375 0.00625 0.015625
4 0.596875 0.371875 0.0125 0.03125
4 0.59453125 0.3421875 0.00625 0.0171875
0 0.51796875 0.3328125 0.0078125 0.01875
0 0.7046875 0.3546875 0.00625 0.0140625
4 0.553125 0.3296875 0.00625 0.0140625
4 0.690625 0.3609375 0.00625 0.0171875
0 0.4671875 0.33203125 0.0078125 0.025
4 0.66328125 0.346875 0.00625 0.0140625
0 0.82890625 0.39921875 0.0109375 0.0265625
0 0.93515625 0.4359375 0.0140625 0.0328125
0 0.53125 0.31953125 0.0046875 0.0125
0 0.471875 0.340625 0.009375 0.021875
4 0.65546875 0.34375 0.00625 0.0140625
0 0.51484375 0.31953125 0.00625 0.015625
4 0.575 0.3296875 0.00625 0.0140625
4 0.67109375 0.35078125 0.00625 0.0171875
4 0.55078125 0.3484375 0.0078125 0.0203125
4 0.578125 0.3375 0.00625 0.015625
0 0.52734375 0.3296875 0.00625 0.0140625
0 0.0921875 0.64765625 0.090625 0.209375
0 0.52109375 0.31796875 0.0046875 0.0125
4 0.5859375 0.328125 0.00625 0.015625
4 0.82578125 0.42109375 0.0140625 0.0328125
0 0.76875 0.3765625 0.0078125 0.0203125
4 0.6796875 0.35625 0.00625 0.015625
4 0.65 0.3421875 0.00625 0.0140625
4 0.64609375 0.33984375 0.0046875 0.0125
4 0.64140625 0.3375 0.0046875 0.0125
4 0.6296875 0.33515625 0.0046875 0.0109375
4 0.61328125 0.33125 0.0046875 0.0125
0 0.7484375 0.3703125 0.0078125 0.0203125
0 0.7296875 0.36171875 0.00625 0.0171875