0 0.95 0.35234375 0.009375 0.025
4 0.57578125 0.34375 0.0171875 0.046875
0 0.2265625 0.325 0.0234375 0.0640625
0 0.8234375 0.328125 0.009375 0.025
0 0.48125 0.2859375 0.0109375 0.034375
4 0.90703125 0.365625 0.0109375 0.03125
0 0.70234375 0.30546875 0.0078125 0.028125
4 0.4859375 0.475 0.0328125 0.10625
4 0.6765625 0.3359375 0.0125 0.0375
0 0.37265625 0.296875 0.015625 0.04375
0 0.578125 0.28203125 0.0078125 0.028125
4 0.77578125 0.3421875 0.0109375 0.034375
4 0.4984375 0.3765625 0.0203125 0.0625
0 0.8875 0.33984375 0.009375 0.0265625