0 0.12421875 0.44921875 0.0171875 0.03125
0 0.22421875 0.6078125 0.05 0.0875
0 0.8203125 0.33203125 0.0203125 0.0328125
0 0.18359375 0.45625 0.01875 0.03125
0 0.23671875 0.51484375 0.0328125 0.0578125
0 0.67578125 0.34296875 0.0125 0.0234375
0 0.22109375 0.475 0.0203125 0.0375
0 0.57734375 0.35390625 0.0125 0.0203125
0 0.0671875 0.46015625 0.0140625 0.025
0 0.39921875 0.37890625 0.009375 0.015625
0 0.47578125 0.3671875 0.0109375 0.0203125
0 0.14453125 0.4171875 0.0078125 0.0140625
0 0.34921875 0.384375 0.0078125 0.015625
0 0.28671875 0.39375 0.0078125 0.015625
4 0.76953125 0.36484375 0.025 0.0421875
4 0.31171875 0.42109375 0.015625 0.0265625
4 0.4578125 0.425 0.0234375 0.040625
4 0.65234375 0.36484375 0.01875 0.03125
4 0.59453125 0.3640625 0.0140625 0.0234375
4 0.53671875 0.44765625 0.0328125 0.0546875
4 0.39453125 0.4203125 0.0171875 0.03125
4 0.4296875 0.37734375 0.0109375 0.01875
4 0.51953125 0.371875 0.0140625 0.0265625
4 0.68125 0.49296875 0.0546875 0.0859375
4 0.109375 0.43984375 0.0109375 0.0203125
4 0.228125 0.425 0.0140625 0.025
4 0.275 0.39921875 0.0109375 0.0171875
4 0.07265625 0.43828125 0.0078125 0.0171875
4 0.08359375 0.43515625 0.009375 0.015625
4 0.1203125 0.4265625 0.0078125 0.0125
4 0.178125 0.43125 0.0125 0.0203125
4 0.3453125 0.390625 0.0078125 0.015625