0 0.634375 0.33359375 0.0140625 0.0359375
0 0.35859375 0.3609375 0.0203125 0.0515625
0 0.7765625 0.33671875 0.0140625 0.034375
4 0.61796875 0.36640625 0.0234375 0.053125
0 0.5 0.33984375 0.0171875 0.04375
4 0.53125 0.39140625 0.0265625 0.0671875
4 0.47734375 0.4515625 0.0359375 0.0921875
4 0.83671875 0.36015625 0.01875 0.04375
0 0.2 0.4203125 0.034375 0.0828125
4 0.71796875 0.3578125 0.01875 0.0453125
4 0.525 0.62578125 0.06875 0.171875
3 0.49609375 0.3078125 0.00625 0.0234375
3 0.61328125 0.29765625 0.00625 0.01875
3 0.54765625 0.29921875 0.0078125 0.0203125
3 0.4015625 0.2984375 0.0078125 0.0234375
3 0.4609375 0.28828125 0.0078125 0.0203125
3 0.509375 0.2828125 0.00625 0.0171875
3 0.51640625 0.27421875 0.0046875 0.0125
3 0.540625 0.27890625 0.0046875 0.0140625
3 0.57265625 0.2890625 0.00625 0.0171875
3 0.59375 0.28515625 0.00625 0.0171875
3 0.60859375 0.2828125 0.0046875 0.0140625
3 0.6375 0.290625 0.00625 0.0171875
3 0.6546875 0.28828125 0.0046875 0.015625
3 0.69609375 0.2984375 0.00625 0.0171875
3 0.6984375 0.29296875 0.0046875 0.0171875
3 0.78203125 0.29765625 0.00625 0.0171875
3 0.796875 0.30234375 0.00625 0.0171875
3 0.90078125 0.31171875 0.00625 0.01875
3 0.90546875 0.3078125 0.00625 0.0171875