4 0.30703125 0.35859375 0.0234375 0.075
4 0.27421875 0.315625 0.01875 0.0578125
0 0.09375 0.2 0.00625 0.021875
1 0.4421875 0.5 0.0625 0.23125
4 0.2109375 0.284375 0.015625 0.0484375
0 0.25078125 0.21328125 0.00625 0.0171875
1 0.40078125 0.45859375 0.0390625 0.1984375
4 0.121875 0.25625 0.0125 0.0421875
0 0.20234375 0.21171875 0.0046875 0.01875
0 0.7984375 0.31015625 0.003125 0.0140625
0 0.1421875 0.20625 0.0046875 0.0203125
0 0.9078125 0.3328125 0.003125 0.015625
4 0.9171875 0.33671875 0.0046875 0.015625
4 0.175 0.215625 0.00625 0.0234375
4 0.81875 0.31796875 0.0046875 0.0171875
0 0.725 0.29453125 0.003125 0.0140625
4 0.10703125 0.2078125 0.0078125 0.025
4 0.26875 0.2234375 0.00625 0.01875
4 0.48671875 0.24296875 0.003125 0.0125
0 0.24296875 0.2140625 0.0046875 0.0171875
4 0.8765625 0.32890625 0.003125 0.0171875
0 0.66953125 0.27734375 0.003125 0.0109375
4 0.72890625 0.29765625 0.003125 0.015625
0 0.84921875 0.3203125 0.003125 0.015625
4 0.33515625 0.2234375 0.003125 0.015625
4 0.29296875 0.22578125 0.0046875 0.0171875
4 0.4671875 0.2421875 0.003125 0.0140625
4 0.525 0.24921875 0.003125 0.0125
4 0.6921875 0.2890625 0.0046875 0.0171875
0 0.7078125 0.28984375 0.003125 0.0140625
0 0.7453125 0.29921875 0.003125 0.0140625
0 0.1796875 0.20859375 0.0046875 0.0203125
0 0.6875 0.28203125 0.003125 0.0109375
4 0.771875 0.30703125 0.003125 0.0171875
4 0.5046875 0.2453125 0.003125 0.0140625
0 0.39453125 0.23046875 0.003125 0.0109375
4 0.65859375 0.28125 0.003125 0.0140625
0 0.43671875 0.23515625 0.003125 0.0125
4 0.571875 0.2578125 0.003125 0.0109375
0 0.42890625 0.234375 0.003125 0.0140625
4 0.61953125 0.26796875 0.003125 0.0140625
0 0.28359375 0.2125 0.003125 0.0140625
4 0.65078125 0.27890625 0.003125 0.0140625
0 0.2578125 0.2109375 0.0046875 0.015625
0 0.34375 0.221875 0.003125 0.0125
0 0.7 0.28828125 0.003125 0.0140625
4 0.4765625 0.24296875 0.003125 0.0125
4 0.3171875 0.22109375 0.003125 0.0140625
4 0.38515625 0.23125 0.003125 0.0140625
4 0.54921875 0.253125 0.003125 0.0125
0 0.37578125 0.2265625 0.003125 0.0109375
0 0.5421875 0.25078125 0.003125 0.0109375
4 0.5953125 0.26171875 0.003125 0.0140625
4 0.44921875 0.240625 0.003125 0.0140625
4 0.30546875 0.22421875 0.0046875 0.0171875
4 0.4140625 0.23515625 0.003125 0.0140625
4 0.3078125 0.22109375 0.003125 0.015625
4 0.6328125 0.27109375 0.003125 0.0140625
4 0.64375 0.27421875 0.003125 0.0140625
0 0.4515625 0.23671875 0.003125 0.0109375
0 0.578125 0.25703125 0.0015625 0.0109375
4 0.64765625 0.27578125 0.003125 0.0125
0 0.69609375 0.28671875 0.003125 0.0125
0 0.61328125 0.26484375 0.0015625 0.0109375
0 0.4796875 0.24140625 0.003125 0.0109375
4 0.4140625 0.5109375 0.0328125 0.13125
4 0.31171875 0.22421875 0.0046875 0.0171875
4 0.228125 0.221875 0.0046875 0.0203125
0 0.31328125 0.2171875 0.003125 0.0125
0 0.50859375 0.24453125 0.003125 0.0109375
0 0.41484375 0.23203125 0.003125 0.0125
0 0.22890625 0.21328125 0.0046875 0.0171875