0 0.26953125 0.25546875 0.0046875 0.021875
0 0.84921875 0.3578125 0.0109375 0.0359375
0 0.771875 0.3328125 0.0078125 0.03125
4 0.3609375 0.34140625 0.0125 0.05
0 0.2421875 0.2640625 0.0078125 0.0265625
4 0.3328125 0.29296875 0.0078125 0.03125
0 0.16171875 0.3296875 0.0140625 0.053125
0 0.78359375 0.3171875 0.00625 0.021875
4 0.70703125 0.34375 0.0109375 0.0390625
4 0.34375 0.31171875 0.009375 0.0390625
0 0.79375 0.325 0.0078125 0.025
4 0.3546875 0.26796875 0.00625 0.0234375
4 0.8875 0.39375 0.015625 0.053125
0 0.18125 0.29296875 0.0109375 0.0390625
4 0.440625 0.62109375 0.0546875 0.178125
4 0.6453125 0.31484375 0.0078125 0.0296875
4 0.34453125 0.27890625 0.00625 0.028125
0 0.28984375 0.24921875 0.0046875 0.01875
4 0.9125 0.31328125 0.003125 0.015625
0 0.7578125 0.30703125 0.0046875 0.0203125
4 0.6203125 0.28359375 0.003125 0.0171875
4 0.41953125 0.2515625 0.003125 0.015625
4 0.67578125 0.31015625 0.00625 0.0265625
4 0.34140625 0.41640625 0.021875 0.078125
0 0.7234375 0.29765625 0.0046875 0.0171875
0 0.35234375 0.24609375 0.003125 0.015625
4 0.68359375 0.303125 0.00625 0.0234375
4 0.3609375 0.26171875 0.0046875 0.0203125
4 0.44296875 0.25 0.003125 0.0140625
0 0.2140625 0.278125 0.009375 0.03125
0 0.82109375 0.30625 0.003125 0.0140625
4 0.8359375 0.30078125 0.003125 0.0140625
4 0.45859375 0.24921875 0.003125 0.0140625
4 0.4859375 0.24921875 0.003125 0.0140625
4 0.5203125 0.25078125 0.003125 0.0125
0 0.38125 0.24609375 0.003125 0.0140625
0 0.890625 0.315625 0.003125 0.015625
4 0.65 0.2921875 0.0046875 0.0203125
4 0.3703125 0.25625 0.003125 0.01875
0 0.31484375 0.24609375 0.003125 0.015625
0 0.76171875 0.296875 0.003125 0.015625
4 0.65625 0.28046875 0.003125 0.015625
4 0.7703125 0.29296875 0.003125 0.0140625
4 0.39375 0.253125 0.0046875 0.0171875
0 0.4125 0.24609375 0.003125 0.0125