0 0.41015625 0.3421875 0.015625 0.05859375
0 0.315625 0.33125 0.01171875 0.05
0 0.06484375 0.309375 0.00625 0.02265625
0 0.20703125 0.33671875 0.01171875 0.04453125
0 0.0765625 0.328125 0.00859375 0.03046875
0 0.09609375 0.31171875 0.00625 0.02578125
4 0.41484375 0.29375 0.009375 0.03828125
4 0.7109375 0.33046875 0.02265625 0.071875
4 0.1296875 0.32734375 0.009375 0.0359375
0 0.078125 0.35703125 0.01171875 0.03984375
0 0.4828125 0.3828125 0.021875 0.08359375
2 0.175 0.30234375 0.0078125 0.02734375
4 0.27734375 0.30546875 0.00859375 0.03515625
2 0.315625 0.27578125 0.00703125 0.025
2 0.25859375 0.28125 0.00625 0.02421875
4 0.55625 0.29765625 0.0140625 0.04765625
2 0.23203125 0.29921875 0.0078125 0.0296875
0 0.50703125 0.50703125 0.0328125 0.13828125
4 0.9421875 0.46015625 0.01796875 0.14140625