0 0.84921875 0.253125 0.009375 0.028125
0 0.8640625 0.2421875 0.0078125 0.0234375
0 0.828125 0.271875 0.0125 0.0375
0 0.78984375 0.30234375 0.0171875 0.05
0 0.415625 0.584375 0.059375 0.178125
2 0.7421875 0.24765625 0.0078125 0.0265625
2 0.8046875 0.22890625 0.0078125 0.0203125
0 0.89296875 0.21796875 0.0046875 0.015625
0 0.88828125 0.221875 0.00625 0.015625
0 0.71171875 0.3625 0.025 0.0765625
0 0.87421875 0.23359375 0.00625 0.0203125
1 0.4609375 0.50859375 0.075 0.25625
0 0.88203125 0.22734375 0.0046875 0.0171875
0 0.89765625 0.21640625 0.0046875 0.0140625
1 0.36640625 0.5703125 0.09375 0.30625
0 0.9 0.2140625 0.003125 0.0125
0 0.90546875 0.20859375 0.003125 0.0109375
4 0.97109375 0.2109375 0.003125 0.0140625
4 0.96953125 0.20859375 0.003125 0.0125
4 0.96796875 0.2078125 0.003125 0.0109375
0 0.90234375 0.21015625 0.0046875 0.0125
0 0.90703125 0.20703125 0.0015625 0.0109375