0 0.26640625 0.6390625 0.06953125 0.1359375
0 0.54765625 0.45703125 0.01953125 0.0484375
0 0.61328125 0.4296875 0.0140625 0.03359375
0 0.61015625 0.41328125 0.009375 0.028125
0 0.625 0.40546875 0.009375 0.02578125
0 0.565625 0.39609375 0.009375 0.021875
0 0.5484375 0.3890625 0.00859375 0.01875
0 0.59453125 0.384375 0.00625 0.01796875
0 0.6390625 0.38125 0.00546875 0.01484375
0 0.7265625 0.378125 0.0046875 0.0109375
0 0.7015625 0.38046875 0.0046875 0.01328125
0 0.64765625 0.3671875 0.00390625 0.01015625
4 0.88984375 0.43671875 0.01953125 0.04140625
4 0.8171875 0.415625 0.01484375 0.03046875
4 0.7640625 0.40546875 0.0109375 0.025
4 0.74140625 0.3984375 0.009375 0.021875
4 0.74296875 0.3921875 0.00625 0.01953125
4 0.7875 0.3890625 0.0078125 0.01875
4 0.81953125 0.3859375 0.0078125 0.01796875
4 0.83203125 0.38359375 0.00546875 0.01640625
4 0.83828125 0.38125 0.00546875 0.015625
4 0.88046875 0.37734375 0.00546875 0.0140625
4 0.7953125 0.3734375 0.0046875 0.01328125
4 0.76484375 0.3703125 0.0046875 0.01328125
4 0.84921875 0.37890625 0.00546875 0.0140625