4 0.29609375 0.31953125 0.0171875 0.0390625
0 0.1875 0.2953125 0.009375 0.021875
4 0.075 0.39453125 0.0296875 0.0609375
4 0.0828125 0.478125 0.046875 0.0984375
4 0.31171875 0.51328125 0.0578125 0.1265625
4 0.6015625 0.24453125 0.009375 0.01875
0 0.1953125 0.3140625 0.0140625 0.03125
4 0.64140625 0.24296875 0.009375 0.0203125
0 0.7109375 0.23515625 0.0078125 0.0171875
0 0.81328125 0.2265625 0.009375 0.01875
0 0.16328125 0.328125 0.0171875 0.034375
4 0.846875 0.23046875 0.0109375 0.0234375
0 0.11640625 0.3421875 0.01875 0.0390625
0 0.20546875 0.30625 0.0125 0.028125
4 0.3296875 0.29921875 0.0140625 0.03125
0 0.83046875 0.2234375 0.0078125 0.0171875
4 0.5109375 0.24765625 0.0078125 0.0171875
0 0.2203125 0.284375 0.0078125 0.01875
0 0.884375 0.21328125 0.00625 0.015625
0 0.75078125 0.23203125 0.009375 0.01875
0 0.25625 0.2765625 0.0078125 0.0171875
0 0.00859375 0.3703125 0.0171875 0.046875
0 0.534375 0.240625 0.00625 0.015625
4 0.24375 0.340625 0.0203125 0.0453125
4 0.38515625 0.259375 0.0078125 0.0171875
4 0.31796875 0.2703125 0.0078125 0.01875
4 0.425 0.2546875 0.009375 0.0171875
4 0.28828125 0.2828125 0.0109375 0.0234375
4 0.78125 0.23671875 0.0109375 0.0234375
0 0.6453125 0.23671875 0.0078125 0.0171875
0 0.1984375 0.30234375 0.0109375 0.025
4 0.68828125 0.2421875 0.0109375 0.021875
4 0.8921875 0.22578125 0.0109375 0.021875
0 0.7859375 0.22890625 0.009375 0.01875
0 0.67890625 0.23671875 0.0078125 0.01875
0 0.3046875 0.2671875 0.0078125 0.0171875
0 0.59140625 0.23828125 0.00625 0.0171875
4 0.35 0.2640625 0.0078125 0.01875
4 0.29609375 0.2765625 0.0078125 0.0203125
4 0.47890625 0.25 0.00625 0.015625
4 0.30078125 0.2859375 0.0109375 0.025
4 0.55703125 0.603125 0.09375 0.190625
0 0.4171875 0.2515625 0.00625 0.015625
0 0.85078125 0.21875 0.00625 0.0171875
4 0.55625 0.24453125 0.0078125 0.01875
0 0.359375 0.2578125 0.0078125 0.015625
4 0.325 0.28984375 0.009375 0.025