1 0.25625 0.271875 0.0234375 0.0609375
0 0.29765625 0.30859375 0.0234375 0.053125
4 0.47578125 0.271875 0.0125 0.0375
2 0.728125 0.30859375 0.01875 0.0515625
0 0.48046875 0.38125 0.0296875 0.084375
4 0.91953125 0.51015625 0.0546875 0.1390625
4 0.70703125 0.35625 0.0265625 0.071875
0 0.56484375 0.28203125 0.0109375 0.0375
4 0.559375 0.253125 0.0109375 0.0296875
0 0.64765625 0.253125 0.0078125 0.028125
2 0.83828125 0.28515625 0.0171875 0.0421875
0 0.6171875 0.24453125 0.0078125 0.025
2 0.6953125 0.28359375 0.015625 0.0421875
1 0.228125 0.2921875 0.0296875 0.0703125
2 0.9078125 0.309375 0.0203125 0.0515625
4 0.53984375 0.26171875 0.0125 0.0359375
0 0.63671875 0.2671875 0.0125 0.0328125
0 0.40625 0.33203125 0.0234375 0.0625
0 0.4859375 0.5046875 0.05 0.1390625
4 0.24453125 0.246875 0.0078125 0.021875
4 0.1921875 0.27734375 0.0125 0.0328125
4 0.15546875 0.271875 0.0125 0.034375
4 0.54609375 0.24609375 0.009375 0.0265625
4 0.4703125 0.2390625 0.0078125 0.0234375
4 0.30390625 0.24296875 0.009375 0.0234375
0 0.1234375 0.25390625 0.00625 0.021875
4 0.55625 0.30703125 0.0171875 0.046875
0 0.56640625 0.2375 0.0078125 0.021875
1 0.1796875 0.28984375 0.0296875 0.071875
1 0.2953125 0.271875 0.0203125 0.0578125
4 0.1609375 0.26328125 0.009375 0.0296875
0 0.434375 0.23359375 0.0078125 0.0171875
0 0.203125 0.2453125 0.009375 0.021875
4 0.5140625 0.24140625 0.009375 0.025
0 0.2015625 0.3015625 0.0171875 0.0453125
4 0.37890625 0.2796875 0.015625 0.040625
0 0.50234375 0.234375 0.00625 0.0203125
4 0.19375 0.25390625 0.009375 0.025
0 0.075 0.3078125 0.0125 0.0421875
4 0.41796875 0.2375 0.0078125 0.0203125
4 0.2734375 0.2828125 0.0140625 0.040625
0 0.284375 0.2390625 0.00625 0.0203125
4 0.36328125 0.23984375 0.00625 0.0234375
0 0.36171875 0.234375 0.0046875 0.0203125