0 0.74296875 0.34140625 0.00859375 0.03046875
4 0.146875 0.4203125 0.03203125 0.1046875
0 0.85 0.36640625 0.00859375 0.0328125
4 0.52734375 0.309375 0.00625 0.0296875
0 0.63671875 0.31875 0.00625 0.02578125
4 0.6125 0.32734375 0.009375 0.03359375
4 0.60625 0.71328125 0.06015625 0.21640625
0 0.27890625 0.2640625 0.00625 0.021875
4 0.7953125 0.36640625 0.01171875 0.0390625
4 0.9265625 0.39296875 0.0125 0.04453125
4 0.240625 0.26328125 0.00546875 0.025
4 0.43046875 0.2921875 0.00625 0.02734375
4 0.69453125 0.3453125 0.009375 0.03671875
0 0.0625 0.2453125 0.00625 0.02265625
4 0.34296875 0.27578125 0.00625 0.028125
0 0.365625 0.27265625 0.00546875 0.021875
0 0.4453125 0.28125 0.00625 0.02421875
0 0.54140625 0.29765625 0.00625 0.02578125
0 0.17265625 0.25546875 0.00625 0.021875
4 0.1203125 0.25078125 0.00703125 0.028125