4 0.20703125 0.32265625 0.015625 0.05
4 0.29140625 0.39375 0.025 0.0796875
4 0.165625 0.2890625 0.0109375 0.0375
4 0.115625 0.24609375 0.00625 0.0203125
2 0.240625 0.26953125 0.0078125 0.0265625
4 0.1015625 0.234375 0.00625 0.0171875
4 0.1421875 0.26953125 0.009375 0.0296875
1 0.53671875 0.55078125 0.0734375 0.2578125
1 0.63359375 0.62265625 0.090625 0.3109375
4 0.58125 0.63125 0.0578125 0.178125
4 0.1265625 0.25625 0.0078125 0.025
4 0.1078125 0.23984375 0.00625 0.0203125
2 0.21953125 0.2484375 0.0046875 0.01875
4 0.0953125 0.2296875 0.0046875 0.015625