0 0.17890625 0.2875 0.0203125 0.0578125
4 0.35859375 0.41484375 0.0328125 0.09375
4 0.4046875 0.35625 0.01875 0.0609375
0 0.95 0.43125 0.0078125 0.0203125
0 0.42265625 0.296875 0.0109375 0.0328125
0 0.3171875 0.29140625 0.0140625 0.040625
4 0.51171875 0.35 0.0140625 0.04375
4 0.584375 0.31953125 0.0078125 0.025
1 0.84296875 0.38671875 0.009375 0.034375
4 0.57265625 0.33828125 0.009375 0.03125
4 0.234375 0.171875 0.00625 0.0171875
0 0.73671875 0.3390625 0.0046875 0.015625
1 0.89296875 0.40234375 0.009375 0.03125
0 0.87890625 0.40234375 0.00625 0.0203125
4 0.79375 0.36875 0.00625 0.0171875
0 0.1953125 0.16640625 0.00625 0.0171875
4 0.53359375 0.7046875 0.0796875 0.2109375
0 0.26015625 0.18671875 0.00625 0.01875
0 0.46640625 0.29375 0.009375 0.028125
4 0.83203125 0.3875 0.00625 0.0203125
0 0.14296875 0.14609375 0.0046875 0.01875
0 0.46796875 0.2765625 0.00625 0.0234375
4 0.13046875 0.13359375 0.0046875 0.0140625
4 0.175 0.15 0.0046875 0.015625
1 0.87109375 0.39296875 0.009375 0.03125
4 0.2984375 0.1921875 0.0046875 0.015625
4 0.7546875 0.3515625 0.00625 0.0171875
0 0.44140625 0.2546875 0.00625 0.0203125
4 0.49765625 0.265625 0.0046875 0.0171875
4 0.72109375 0.33671875 0.0046875 0.015625
4 0.24296875 0.16171875 0.0046875 0.0125
4 0.19609375 0.14765625 0.0046875 0.0125
4 0.5484375 0.29375 0.00625 0.0203125
4 0.44765625 0.2421875 0.0046875 0.0171875
4 0.69296875 0.32421875 0.0046875 0.0140625
0 0.10390625 0.1140625 0.003125 0.0125
0 0.83828125 0.384375 0.0046875 0.0171875
0 0.33125 0.20859375 0.00625 0.0171875
4 0.6671875 0.3125 0.0046875 0.0140625
0 0.3984375 0.23203125 0.00625 0.0171875
4 0.14140625 0.12890625 0.0046875 0.0125
1 0.821875 0.3765625 0.009375 0.03125
4 0.9 0.41953125 0.0078125 0.021875
0 0.77421875 0.35859375 0.0046875 0.015625
0 0.696875 0.3203125 0.0046875 0.0140625
4 0.3796875 0.22109375 0.003125 0.0140625
4 0.09609375 0.11640625 0.0046875 0.0140625
4 0.46953125 0.23359375 0.003125 0.0109375
0 0.15390625 0.13125 0.003125 0.0109375
4 0.39375 0.209375 0.003125 0.0109375