4 0.23828125 0.340625 0.021875 0.0703125
4 0.1765625 0.28046875 0.0140625 0.0484375
0 0.1125 0.22734375 0.0078125 0.028125
4 0.52890625 0.296875 0.0078125 0.0296875
0 0.6265625 0.30859375 0.00625 0.0265625
4 0.66171875 0.33125 0.009375 0.0359375
4 0.47578125 0.65390625 0.0578125 0.1875
4 0.86015625 0.37734375 0.0109375 0.0390625
0 0.7 0.3265625 0.0078125 0.03125
0 0.56796875 0.2921875 0.00625 0.025
0 0.1578125 0.21171875 0.0046875 0.0203125
4 0.3484375 0.42890625 0.0328125 0.1
4 0.1921875 0.26328125 0.0109375 0.0359375
4 0.2328125 0.24765625 0.0078125 0.0296875
4 0.4703125 0.27421875 0.00625 0.025
4 0.86796875 0.32890625 0.003125 0.0125
0 0.23046875 0.203125 0.003125 0.0140625
4 0.4640625 0.26328125 0.0046875 0.01875
4 0.7546875 0.3015625 0.003125 0.0109375
4 0.95234375 0.34140625 0.003125 0.0125
0 0.25546875 0.20546875 0.003125 0.0140625
4 0.27265625 0.21953125 0.0046875 0.0171875
4 0.91484375 0.3375 0.003125 0.0109375
4 0.25859375 0.2234375 0.0046875 0.0171875
4 0.52578125 0.265625 0.003125 0.015625
0 0.62421875 0.275 0.003125 0.0125
0 0.1296875 0.215625 0.00625 0.025
0 0.184375 0.2078125 0.0046875 0.0171875
4 0.23984375 0.22890625 0.0046875 0.0203125
0 0.93984375 0.35 0.003125 0.0140625
4 0.81484375 0.31640625 0.003125 0.0109375
4 0.69765625 0.2875 0.003125 0.0109375
0 0.7921875 0.34453125 0.0078125 0.0296875
0 0.915625 0.3671875 0.009375 0.03125
4 0.6421875 0.27578125 0.003125 0.0109375
4 0.284375 0.2171875 0.003125 0.0140625
0 0.54765625 0.28125 0.0046875 0.0203125
0 0.578125 0.26953125 0.003125 0.0140625
4 0.29609375 0.215625 0.003125 0.0140625
4 0.59140625 0.26484375 0.0015625 0.0109375
4 0.34375 0.21640625 0.003125 0.0140625
0 0.72890625 0.3 0.003125 0.0109375
0 0.59765625 0.28203125 0.0046875 0.0171875
0 0.8828125 0.33984375 0.003125 0.0140625
4 0.8046875 0.29140625 0.0015625 0.009375
4 0.8375 0.29765625 0.0015625 0.009375
0 0.675 0.28671875 0.003125 0.0109375
0 0.21015625 0.20625 0.003125 0.015625
0 0.5921875 0.27734375 0.003125 0.0140625
0 0.81953125 0.3265625 0.003125 0.0140625
4 0.51171875 0.25859375 0.003125 0.0140625
4 0.74140625 0.28203125 0.0015625 0.009375
4 0.875 0.3046875 0.003125 0.009375
4 0.36796875 0.21875 0.003125 0.0109375
4 0.503125 0.2671875 0.003125 0.015625
4 0.5015625 0.2546875 0.003125 0.0125
0 0.38359375 0.2171875 0.0015625 0.0109375
0 0.77578125 0.31171875 0.003125 0.0125
0 0.58984375 0.284375 0.0046875 0.0171875
4 0.44296875 0.22734375 0.0015625 0.009375
4 0.53984375 0.25625 0.0015625 0.0109375
4 0.2375 0.23671875 0.0046875 0.025
4 0.578125 0.253125 0.0015625 0.009375
4 0.31953125 0.215625 0.003125 0.0125
0 0.28984375 0.20859375 0.003125 0.0109375
4 0.52890625 0.24296875 0.0015625 0.009375
0 0.31796875 0.2109375 0.0015625 0.0109375
0 0.34765625 0.21328125 0.003125 0.0109375
4 0.384375 0.21875 0.003125 0.0109375
0 0.47890625 0.23125 0.0015625 0.009375
4 0.5 0.23828125 0.0015625 0.009375
0 0.54609375 0.24609375 0.0015625 0.009375
0 0.57890625 0.2671875 0.0015625 0.0140625
1 0.63671875 0.2609375 0.003125 0.0140625
1 0.64609375 0.2625 0.0015625 0.015625
0 0.64140625 0.26328125 0.0015625 0.009375
4 0.6515625 0.26796875 0.0015625 0.009375
1 0.64765625 0.26171875 0.0015625 0.0140625
1 0.65703125 0.265625 0.003125 0.0140625
4 0.9140625 0.31015625 0.0015625 0.009375
4 0.7703125 0.2859375 0.0015625 0.009375
4 0.62890625 0.26171875 0.0015625 0.009375
0 0.93828125 0.3109375 0.0015625 0.00625
4 0.4109375 0.22265625 0.0015625 0.009375
0 0.8953125 0.303125 0.0015625 0.00625
4 0.71484375 0.278125 0.0015625 0.009375
4 0.603125 0.2578125 0.0015625 0.009375
0 0.825 0.29296875 0.0015625 0.0078125
4 0.68359375 0.27421875 0.0015625 0.0078125
0 0.921875 0.3078125 0.0015625 0.00625
4 0.46953125 0.23046875 0.0015625 0.0078125
4 0.553125 0.24765625 0.0015625 0.009375
0 0.7015625 0.27265625 0.0015625 0.0078125
0 0.86015625 0.2984375 0.0015625 0.0078125
0 0.73125 0.2765625 0.0015625 0.009375
0 0.6734375 0.26875 0.0015625 0.0078125
0 0.4125 0.221875 0.0015625 0.0078125
0 0.5125 0.23828125 0.0015625 0.0078125
0 0.57421875 0.253125 0.0015625 0.009375
0 0.59765625 0.25703125 0.0015625 0.00625
0 0.61875 0.2609375 0.0015625 0.0078125
0 0.7546875 0.28125 0.0015625 0.0078125
0 0.7921875 0.2859375 0.0015625 0.0078125
4 0.96015625 0.3203125 0.0015625 0.0078125