0 0.8671875 0.3828125 0.0328125 0.09375
0 0.64375 0.5328125 0.05625 0.1671875
1 0.95234375 0.31015625 0.0328125 0.1109375
0 0.95078125 0.2453125 0.0109375 0.03125
0 0.90078125 0.23828125 0.0109375 0.028125
0 0.85546875 0.2328125 0.009375 0.0265625
0 0.75859375 0.225 0.009375 0.0234375
4 0.7765625 0.21640625 0.009375 0.0203125
4 0.76875 0.21015625 0.0078125 0.01875
4 0.76171875 0.21328125 0.0046875 0.01875
4 0.7890625 0.209375 0.00625 0.0171875
4 0.80703125 0.2203125 0.0078125 0.021875
4 0.825 0.20859375 0.00625 0.0171875
4 0.8765625 0.2109375 0.00625 0.0171875
4 0.90390625 0.225 0.00625 0.025
4 0.93046875 0.21171875 0.00625 0.01875
0 0.925 0.2078125 0.0046875 0.0171875
0 0.9625 0.32421875 0.009375 0.0609375
0 0.69765625 0.2078125 0.003125 0.015625
0 0.6984375 0.21875 0.0046875 0.0171875
0 0.68046875 0.2109375 0.0046875 0.01875
0 0.740625 0.2046875 0.0046875 0.0140625
0 0.79609375 0.20625 0.0046875 0.015625
0 0.85625 0.20546875 0.0046875 0.015625