0 0.45390625 0.4046875 0.0140625 0.0390625
0 0.26953125 0.43671875 0.028125 0.06875
4 0.57890625 0.52265625 0.0359375 0.090625
4 0.8703125 0.45546875 0.015625 0.0375
0 0.8890625 0.440625 0.0109375 0.0296875
0 0.20234375 0.52578125 0.0453125 0.1203125
0 0.340625 0.41484375 0.0171875 0.0515625
0 0.4 0.359375 0.0078125 0.0203125
4 0.29609375 0.3453125 0.0078125 0.0203125
4 0.13515625 0.34765625 0.009375 0.028125
0 0.2890625 0.36484375 0.009375 0.0265625
0 0.33125 0.34375 0.00625 0.0171875
0 0.7890625 0.425 0.009375 0.028125
4 0.10703125 0.32734375 0.009375 0.025
0 0.13203125 0.3171875 0.00625 0.0203125
0 0.35 0.3640625 0.009375 0.025
0 0.20390625 0.36328125 0.0125 0.03125
0 0.3734375 0.3640625 0.009375 0.021875
0 0.55078125 0.40078125 0.0125 0.034375
4 0.284375 0.35078125 0.0078125 0.0234375
4 0.19140625 0.3296875 0.00625 0.01875
0 0.696875 0.41171875 0.009375 0.0265625
0 0.63515625 0.4046875 0.009375 0.028125
4 0.73359375 0.43515625 0.015625 0.0375
4 0.89375 0.86328125 0.0328125 0.0875
0 0.29140625 0.33671875 0.00625 0.0171875
4 0.6296875 0.4359375 0.0171875 0.0421875
4 0.24765625 0.33671875 0.00625 0.01875
4 0.31328125 0.35234375 0.0078125 0.0203125
0 0.03671875 0.7 0.0625 0.1734375
4 0.14453125 0.328125 0.00625 0.0203125
4 0.21171875 0.3515625 0.009375 0.025
0 0.3765625 0.3515625 0.00625 0.0171875
4 0.55078125 0.4484375 0.0234375 0.059375
2 0.2921875 0.3203125 0.003125 0.0109375
2 0.2984375 0.325 0.003125 0.0109375
2 0.31484375 0.32890625 0.0046875 0.0171875
2 0.37109375 0.33671875 0.0046875 0.0125
2 0.378125 0.3328125 0.0046875 0.0125