0 0.103125 0.24453125 0.0078125 0.028125
0 0.1671875 0.24609375 0.0078125 0.025
0 0.2453125 0.2453125 0.0078125 0.0234375
4 0.13984375 0.4453125 0.0375 0.1125
4 0.33828125 0.25546875 0.0078125 0.025
0 0.278125 0.24375 0.00625 0.0203125
4 0.28828125 0.25859375 0.0078125 0.0265625
0 0.2171875 0.2453125 0.00625 0.025
4 0.365625 0.25390625 0.0078125 0.021875
0 0.0515625 0.24375 0.009375 0.028125
4 0.11875 0.25859375 0.0109375 0.0328125
4 0.7625 0.27421875 0.0046875 0.0140625
4 0.4015625 0.2421875 0.0046875 0.0171875
4 0.74453125 0.26953125 0.003125 0.0140625
0 0.921875 0.30078125 0.00625 0.0171875
4 0.69296875 0.2625 0.003125 0.0125
0 0.88984375 0.29609375 0.003125 0.015625
4 0.4609375 0.246875 0.00625 0.0171875
4 0.775 0.27734375 0.0046875 0.015625
0 0.29453125 0.24140625 0.00625 0.0203125
4 0.72578125 0.265625 0.003125 0.0140625
4 0.534375 0.25078125 0.003125 0.015625
4 0.91640625 0.30390625 0.00625 0.01875
0 0.834375 0.284375 0.003125 0.0140625
4 0.80234375 0.284375 0.0046875 0.0140625
4 0.4953125 0.24921875 0.0046875 0.0171875
4 0.56796875 0.25078125 0.003125 0.0140625
4 0.56015625 0.25078125 0.003125 0.0125
0 0.84453125 0.28828125 0.0046875 0.0171875
0 0.46640625 0.24375 0.003125 0.0140625
4 0.215625 0.26015625 0.009375 0.028125
4 0.63671875 0.25546875 0.003125 0.0109375
0 0.30546875 0.23515625 0.0046875 0.0171875
4 0.4734375 0.62265625 0.059375 0.1890625
0 0.40546875 0.23984375 0.003125 0.0140625
4 0.37265625 0.24375 0.00625 0.01875
0 0.44453125 0.2421875 0.0046875 0.0140625
0 0.3 0.2390625 0.0046875 0.01875
4 0.61015625 0.25234375 0.003125 0.0140625
0 0.8609375 0.290625 0.003125 0.015625
0 0.303125 0.24140625 0.0046875 0.01875
4 0.553125 0.25234375 0.003125 0.0140625
4 0.85703125 0.29375 0.0046875 0.0171875
4 0.37734375 0.25 0.00625 0.0234375
4 0.37890625 0.240625 0.0046875 0.0171875
4 0.38203125 0.246875 0.00625 0.0203125
0 0.334375 0.23359375 0.003125 0.015625
4 0.6640625 0.25859375 0.003125 0.0140625
4 0.58671875 0.25078125 0.003125 0.0140625
0 0.4890625 0.24453125 0.003125 0.0140625
0 0.503125 0.2453125 0.003125 0.0140625
0 0.51015625 0.2453125 0.003125 0.0140625
0 0.5234375 0.2453125 0.003125 0.0140625
0 0.815625 0.27890625 0.003125 0.0125
0 0.7078125 0.26328125 0.003125 0.0109375
0 0.74921875 0.26875 0.003125 0.0125
0 0.36875 0.2359375 0.003125 0.0140625
0 0.553125 0.24609375 0.0015625 0.009375
0 0.62421875 0.2515625 0.0015625 0.009375
4 0.78515625 0.28046875 0.0046875 0.0140625
0 0.665625 0.25703125 0.0015625 0.009375