0 0.06796875 0.21640625 0.00625 0.025
0 0.79453125 0.3796875 0.00625 0.025
4 0.33203125 0.49765625 0.0375 0.1203125
4 0.18046875 0.30234375 0.0109375 0.0421875
1 0.240625 0.36875 0.0203125 0.1203125
1 0.27421875 0.3953125 0.034375 0.1421875
4 0.80234375 0.40703125 0.0109375 0.0390625
0 0.84765625 0.4 0.0078125 0.0296875
4 0.71796875 0.37109375 0.0078125 0.0296875
4 0.2046875 0.33984375 0.0140625 0.05625
0 0.0796875 0.2125 0.0046875 0.0203125
0 0.784375 0.37265625 0.0046875 0.0203125
4 0.1671875 0.27578125 0.009375 0.0359375
4 0.575 0.74375 0.06875 0.2125
0 0.10546875 0.203125 0.003125 0.0171875
4 0.275 0.2328125 0.003125 0.015625
4 0.6765625 0.33984375 0.0046875 0.0203125
0 0.74609375 0.3546875 0.0046875 0.0203125
0 0.59140625 0.30703125 0.003125 0.015625
0 0.0875 0.20390625 0.0046875 0.0171875
4 0.6875 0.35078125 0.00625 0.025
4 0.1703125 0.2203125 0.003125 0.0171875
4 0.21328125 0.2234375 0.003125 0.015625
0 0.12265625 0.2046875 0.003125 0.015625
4 0.52109375 0.2921875 0.003125 0.0171875
4 0.33828125 0.24609375 0.003125 0.015625
4 0.1609375 0.25546875 0.0078125 0.03125
0 0.9234375 0.34765625 0.003125 0.0140625
0 0.40703125 0.25859375 0.003125 0.0125
0 0.884375 0.33828125 0.003125 0.0125
0 0.69609375 0.33671875 0.0046875 0.0171875
4 0.39921875 0.26171875 0.003125 0.015625
0 0.63671875 0.31796875 0.003125 0.0171875
4 0.58125 0.30859375 0.003125 0.0171875
0 0.2828125 0.23203125 0.003125 0.0140625
0 0.54375 0.29453125 0.003125 0.015625
4 0.25078125 0.40546875 0.0234375 0.08125
0 0.4484375 0.26953125 0.003125 0.0140625
0 0.32265625 0.23984375 0.003125 0.0125
0 0.49765625 0.28125 0.003125 0.0140625
4 0.6390625 0.32578125 0.0046875 0.01875
4 0.45625 0.2765625 0.003125 0.015625
0 0.2234375 0.2203125 0.003125 0.0140625
0 0.16171875 0.209375 0.003125 0.0140625
0 0.3640625 0.24921875 0.003125 0.0125
4 0.15703125 0.24140625 0.00625 0.025
4 0.15390625 0.23515625 0.0046875 0.021875