0 0.50078125 0.29921875 0.0140625 0.05546875
0 0.57265625 0.36171875 0.0203125 0.0828125
0 0.546875 0.321875 0.0171875 0.06484375
0 0.4734375 0.24921875 0.00859375 0.0328125
4 0.92578125 0.3296875 0.0234375 0.08125
0 0.56484375 0.4609375 0.03046875 0.12578125
0 0.5109375 0.2328125 0.00625 0.02578125
4 0.69765625 0.2125 0.00625 0.025
0 0.44140625 0.271875 0.01015625 0.04375
4 0.79921875 0.28828125 0.01953125 0.06015625
4 0.6796875 0.26484375 0.01328125 0.04765625
4 0.83046875 0.20078125 0.00625 0.02421875
0 0.7984375 0.1953125 0.00390625 0.021875
0 0.56953125 0.21875 0.00546875 0.02265625
0 0.6375 0.20859375 0.00546875 0.021875
0 0.71328125 0.20078125 0.00546875 0.021875
4 0.60546875 0.23984375 0.00703125 0.03359375
0 0.4609375 0.61484375 0.0546875 0.19765625
4 0.6546875 0.21875 0.00703125 0.02734375
4 0.75 0.20625 0.00703125 0.025
4 0.62109375 0.22890625 0.0078125 0.0296875
0 0.8890625 0.19140625 0.00546875 0.021875
4 0.621875 0.2546875 0.009375 0.0390625
4 0.88359375 0.2 0.0078125 0.02578125