0 0.09140625 0.3296875 0.0171875 0.053125
0 0.3875 0.2953125 0.00625 0.028125
0 0.18828125 0.309375 0.0109375 0.0390625
4 0.28984375 0.35234375 0.0171875 0.0609375
0 0.296875 0.3 0.0078125 0.03125
4 0.578125 0.64609375 0.053125 0.190625
4 0.3453125 0.32734375 0.0125 0.04375
4 0.51796875 0.30625 0.0078125 0.0265625
4 0.54296875 0.29296875 0.00625 0.021875
0 0.43359375 0.28671875 0.00625 0.0265625
0 0.4421875 0.275 0.00625 0.0234375
4 0.3203125 0.42109375 0.0265625 0.090625
4 0.190625 0.21796875 0.0046875 0.0140625
4 0.7625 0.30546875 0.0046875 0.015625
0 0.91328125 0.334375 0.00625 0.021875
1 0.84140625 0.315625 0.009375 0.03125
4 0.2421875 0.2265625 0.003125 0.0140625
4 0.6984375 0.28984375 0.0046875 0.015625
0 0.7203125 0.290625 0.003125 0.0140625
0 0.4234375 0.2625 0.00625 0.0203125
0 0.05 0.2015625 0.0046875 0.0140625
0 0.2640625 0.234375 0.00625 0.0171875
4 0.43515625 0.25234375 0.003125 0.015625
4 0.153125 0.21171875 0.003125 0.0140625
4 0.6734375 0.2828125 0.003125 0.0140625
0 0.11484375 0.209375 0.0046875 0.0171875
0 0.16328125 0.21953125 0.003125 0.0140625
4 0.16328125 0.20546875 0.003125 0.0109375
1 0.86171875 0.31875 0.009375 0.034375
4 0.85546875 0.33203125 0.0078125 0.0203125
4 0.79609375 0.315625 0.0046875 0.0203125
4 0.478125 0.2640625 0.0046875 0.0171875
4 0.375 0.24453125 0.003125 0.0140625
0 0.81328125 0.31484375 0.0046875 0.015625
4 0.93046875 0.34921875 0.0078125 0.0265625
0 0.3875 0.24921875 0.003125 0.015625
4 0.728125 0.29765625 0.003125 0.015625
4 0.29921875 0.2328125 0.003125 0.0140625
4 0.12421875 0.203125 0.003125 0.0109375
4 0.446875 0.3171875 0.009375 0.0359375
4 0.0828125 0.1984375 0.003125 0.0109375
4 0.51953125 0.2765625 0.0046875 0.021875
4 0.65078125 0.278125 0.003125 0.0125
0 0.75546875 0.30078125 0.003125 0.015625
4 0.28671875 0.22109375 0.0015625 0.009375
0 0.20703125 0.2265625 0.0046875 0.0171875
1 0.7875 0.30625 0.0078125 0.028125
0 0.32578125 0.23984375 0.0046875 0.015625
4 0.07734375 0.2015625 0.003125 0.0109375
4 0.25390625 0.2171875 0.003125 0.0109375
0 0.684375 0.2796875 0.003125 0.0109375
0 0.22421875 0.2109375 0.003125 0.0109375
0 0.1734375 0.2046875 0.003125 0.0109375
1 0.8046875 0.31171875 0.0078125 0.03125
0 0.84921875 0.32109375 0.00625 0.0203125
4 0.2109375 0.21171875 0.003125 0.0109375
0 0.784375 0.30703125 0.0046875 0.0171875
0 0.64765625 0.2703125 0.003125 0.0109375
0 0.13046875 0.19921875 0.0015625 0.009375
4 0.3921875 0.23125 0.003125 0.009375
4 0.625 0.27109375 0.0015625 0.0109375
4 0.5109375 0.2484375 0.0015625 0.0109375
4 0.3203125 0.2234375 0.003125 0.0109375
4 0.553125 0.2546875 0.003125 0.0125
0 0.53203125 0.25078125 0.003125 0.0140625
0 0.57109375 0.2578125 0.003125 0.0140625