4 0.36328125 0.4046875 0.0390625 0.096875
4 0.32578125 0.30390625 0.025 0.059375
0 0.175 0.2171875 0.0171875 0.0421875
0 0.94140625 0.49609375 0.0109375 0.025
0 0.328125 0.23828125 0.0109375 0.028125
4 0.83046875 0.44296875 0.0109375 0.025
4 0.84375 0.4625 0.0125 0.0296875
0 0.38984375 0.25625 0.0078125 0.0234375
4 0.36328125 0.28203125 0.015625 0.040625
4 0.49765625 0.60625 0.071875 0.1640625
4 0.8921875 0.50703125 0.0171875 0.040625
4 0.85234375 0.44375 0.0078125 0.0203125
0 0.44375 0.271875 0.0078125 0.0203125
4 0.9078125 0.46328125 0.0078125 0.01875
0 0.95390625 0.51171875 0.009375 0.028125
0 0.66015625 0.32421875 0.0046875 0.0125
0 0.2546875 0.221875 0.0140625 0.034375
4 0.80859375 0.37421875 0.0046875 0.0109375
1 0.56171875 0.3 0.009375 0.0265625
4 0.47578125 0.2953125 0.0109375 0.025
0 0.4828125 0.28515625 0.00625 0.0171875
4 0.3859375 0.27734375 0.0125 0.0328125
4 0.7 0.34375 0.0046875 0.0140625
0 0.64375 0.3234375 0.0046875 0.0125
4 0.95703125 0.4515625 0.0046875 0.0109375
4 0.42890625 0.2828125 0.0109375 0.028125
4 0.7515625 0.35625 0.003125 0.0109375
4 0.66484375 0.340625 0.00625 0.0140625
1 0.6125 0.3234375 0.0078125 0.025
4 0.89296875 0.4140625 0.003125 0.009375
0 0.96328125 0.446875 0.003125 0.009375
4 0.5109375 0.303125 0.0078125 0.0234375
4 0.734375 0.35234375 0.0046875 0.0109375
4 0.7734375 0.36171875 0.003125 0.009375
4 0.71875 0.3484375 0.0046875 0.0125
4 0.853125 0.39296875 0.003125 0.009375
0 0.9015625 0.41484375 0.0046875 0.0109375
4 0.54296875 0.3109375 0.0078125 0.0203125
4 0.6421875 0.33671875 0.00625 0.0140625
0 0.5171875 0.29453125 0.00625 0.015625
4 0.9265625 0.43359375 0.0046875 0.0109375
0 0.8734375 0.4015625 0.003125 0.009375
0 0.59609375 0.31328125 0.0046875 0.0140625
4 0.68203125 0.3421875 0.0046875 0.0140625
0 0.790625 0.3625 0.003125 0.009375
0 0.76484375 0.3515625 0.003125 0.0078125
0 0.93046875 0.42890625 0.003125 0.009375
4 0.59609375 0.32421875 0.00625 0.015625
0 0.703125 0.3359375 0.003125 0.0109375
1 0.62109375 0.325 0.009375 0.0265625
1 0.571875 0.3015625 0.0078125 0.0265625
0 0.5421875 0.30078125 0.0046875 0.0171875
0 0.73671875 0.34375 0.003125 0.009375
0 0.8296875 0.38046875 0.003125 0.009375
0 0.6828125 0.33046875 0.003125 0.0125
0 0.721875 0.340625 0.003125 0.0109375
4 0.571875 0.3171875 0.00625 0.0171875
0 0.75234375 0.34765625 0.003125 0.009375
0 0.56640625 0.30625 0.00625 0.015625
4 0.61484375 0.328125 0.0046875 0.015625
0 0.62109375 0.31796875 0.0046875 0.0140625