4 0.515625 0.30703125 0.0234375 0.059375
0 0.81875 0.371875 0.0296875 0.071875
0 0.6640625 0.2875 0.0171875 0.0421875
0 0.684375 0.2734375 0.015625 0.0375
0 0.6921875 0.31640625 0.021875 0.0546875
2 0.3421875 0.35546875 0.0421875 0.09375
0 0.875 0.28203125 0.0125 0.028125
0 0.73359375 0.26875 0.0140625 0.03125
0 0.6171875 0.65078125 0.1 0.2265625
4 0.66171875 0.2515625 0.0109375 0.028125
4 0.7484375 0.25703125 0.0109375 0.0265625
4 0.528125 0.2671875 0.0140625 0.0390625
4 0.584375 0.2515625 0.0140625 0.034375
0 0.79765625 0.27265625 0.0125 0.03125
2 0.090625 0.30625 0.0390625 0.0828125
4 0.646875 0.4046875 0.04375 0.0953125
4 0.84609375 0.26875 0.0109375 0.025
2 0.090625 0.5 0.084375 0.1765625
4 0.94140625 0.28359375 0.0125 0.0265625
0 0.953125 0.2953125 0.0140625 0.03125