0 0.73671875 0.496875 0.0328125 0.0796875
0 0.39296875 0.5859375 0.05625 0.1515625
4 0.6625 0.35078125 0.0046875 0.01875
4 0.69765625 0.3671875 0.0078125 0.025
3 0.77578125 0.38203125 0.0109375 0.0203125
3 0.7765625 0.35859375 0.00625 0.0203125
3 0.696875 0.3515625 0.0078125 0.0296875
4 0.6328125 0.3359375 0.0046875 0.0140625
4 0.6171875 0.32734375 0.003125 0.0140625
4 0.609375 0.325 0.003125 0.0125
4 0.93359375 0.38984375 0.0046875 0.01875
4 0.92421875 0.3875 0.00625 0.01875
4 0.91484375 0.3859375 0.0046875 0.0171875
4 0.90625 0.384375 0.0046875 0.01875
3 0.75078125 0.378125 0.0125 0.0171875