0 0.353125 0.35 0.015625 0.0515625
0 0.1421875 0.38828125 0.015625 0.0453125
0 0.4390625 0.35703125 0.01875 0.0625
0 0.25546875 0.3625 0.0140625 0.04375
1 0.7859375 0.30546875 0.0484375 0.1390625
0 0.50859375 0.525 0.0484375 0.1453125
0 0.653125 0.23515625 0.0109375 0.0328125
4 0.825 0.2015625 0.0125 0.0359375
0 0.8796875 0.1734375 0.0109375 0.0296875
0 0.75390625 0.20390625 0.009375 0.03125
4 0.68515625 0.284375 0.0203125 0.059375
4 0.69765625 0.2546875 0.015625 0.0453125
4 0.19140625 0.35390625 0.0109375 0.0375
2 0.42890625 0.27421875 0.00625 0.025
1 0.72890625 0.29375 0.040625 0.121875
1 0.4859375 0.36484375 0.03125 0.1296875
4 0.75390625 0.325 0.0296875 0.0828125
4 0.74921875 0.2265625 0.0125 0.0390625
2 0.515625 0.25 0.009375 0.028125
0 0.5734375 0.2671875 0.0109375 0.0390625
2 0.55078125 0.2609375 0.0109375 0.0328125
1 0.51171875 0.39296875 0.040625 0.15625
2 0.43828125 0.29140625 0.009375 0.0328125
4 0.32734375 0.32265625 0.0125 0.0375
2 0.42265625 0.26328125 0.00625 0.021875
2 0.49375 0.2453125 0.0078125 0.0203125
2 0.43828125 0.2515625 0.00625 0.0203125
4 0.446875 0.30234375 0.0109375 0.040625
2 0.4171875 0.25625 0.0046875 0.0171875
2 0.459375 0.24453125 0.00625 0.0203125
2 0.478125 0.240625 0.00625 0.01875
0 0.4984375 0.40078125 0.0171875 0.0859375