0 0.1703125 0.49921875 0.01875 0.025
0 0.31796875 0.5484375 0.0296875 0.0390625
0 0.4015625 0.51796875 0.0125 0.0171875
0 0.4046875 0.51015625 0.009375 0.0125
0 0.43125 0.50703125 0.0078125 0.0109375
0 0.46875 0.509375 0.00625 0.009375
0 0.46875 0.53359375 0.0140625 0.0203125
0 0.54765625 0.5625 0.021875 0.0296875
0 0.5359375 0.51796875 0.00625 0.009375
0 0.5921875 0.52578125 0.00625 0.009375
0 0.6203125 0.5484375 0.0125 0.0171875
0 0.6359375 0.5328125 0.00625 0.009375
0 0.67109375 0.53984375 0.0078125 0.0109375
0 0.71171875 0.54765625 0.009375 0.0125
0 0.8515625 0.58125 0.015625 0.01875
0 0.90703125 0.6171875 0.0265625 0.03125
0 0.88046875 0.809375 0.065625 0.128125
0 0.6515625 0.603125 0.0328125 0.04375
4 0.21171875 0.56953125 0.040625 0.0578125
4 0.2015625 0.4921875 0.0140625 0.01875
4 0.32578125 0.50078125 0.009375 0.015625
4 0.49453125 0.53984375 0.015625 0.021875
4 0.48203125 0.51875 0.0109375 0.0140625
4 0.621875 0.54296875 0.0125 0.015625
4 0.7421875 0.5640625 0.0140625 0.01875
4 0.809375 0.57890625 0.0171875 0.0203125
2 0.26640625 0.51171875 0.015625 0.0234375
2 0.321875 0.503125 0.0109375 0.015625
2 0.45546875 0.5171875 0.0109375 0.0140625
2 0.4828125 0.59296875 0.0390625 0.0484375
2 0.546875 0.52890625 0.009375 0.0140625
2 0.59453125 0.55234375 0.015625 0.021875
2 0.81875 0.73359375 0.0765625 0.0984375
2 0.65234375 0.5765625 0.0265625 0.03125
2 0.0484375 0.509375 0.021875 0.0359375