0 0.3890625 0.446875 0.0203125 0.0375
0 0.34140625 0.51953125 0.0375 0.0640625
0 0.8765625 0.33359375 0.0140625 0.025
0 0.7796875 0.34765625 0.0140625 0.0203125
0 0.40078125 0.428125 0.015625 0.0296875
0 0.4625 0.3890625 0.0078125 0.01875
0 0.41015625 0.4171875 0.0140625 0.025
0 0.41796875 0.40625 0.0109375 0.0203125
0 0.42265625 0.3984375 0.009375 0.0171875
0 0.5203125 0.38046875 0.009375 0.015625
4 0.81953125 0.3484375 0.0171875 0.03125
4 0.57734375 0.415625 0.021875 0.0375
4 0.7203125 0.35859375 0.015625 0.0296875
4 0.6734375 0.46328125 0.0421875 0.071875
4 0.5171875 0.3875 0.0125 0.0265625
4 0.5484375 0.3984375 0.0140625 0.025
4 0.609375 0.37265625 0.0109375 0.0203125
4 0.66328125 0.36640625 0.0125 0.025
4 0.5375 0.396875 0.0125 0.0234375
4 0.53359375 0.3828125 0.0125 0.0203125
4 0.56875 0.37734375 0.0125 0.0203125
2 0.34453125 0.40390625 0.00625 0.0109375
2 0.47109375 0.38359375 0.00625 0.00625
2 0.58203125 0.36171875 0.00625 0.009375
2 0.78671875 0.328125 0.00625 0.009375
2 0.71953125 0.33828125 0.009375 0.0109375