0 0.46171875 0.5484375 0.0421875 0.1140625
0 0.56328125 0.390625 0.0171875 0.0484375
4 0.8296875 0.3984375 0.025 0.065625
4 0.740625 0.36640625 0.01875 0.0453125
4 0.63828125 0.3546875 0.0125 0.0359375
0 0.48203125 0.378125 0.0140625 0.0375
0 0.578125 0.4265625 0.0234375 0.065625
0 0.37578125 0.36328125 0.009375 0.025
4 0.59453125 0.33125 0.0078125 0.0203125
4 0.65546875 0.33125 0.009375 0.0265625
4 0.465625 0.33828125 0.00625 0.0203125
0 0.38125 0.328125 0.003125 0.0125
0 0.42109375 0.36875 0.0109375 0.0296875
0 0.85546875 0.31328125 0.009375 0.028125
4 0.896875 0.33671875 0.015625 0.0390625
4 0.484375 0.3296875 0.0046875 0.0171875
0 0.67890625 0.3203125 0.0078125 0.021875
0 0.671875 0.31484375 0.00625 0.01875
4 0.41640625 0.32578125 0.0046875 0.0125
4 0.59765625 0.32265625 0.00625 0.01875
0 0.42109375 0.334375 0.0046875 0.015625
0 0.65625 0.3046875 0.0046875 0.0140625
4 0.446875 0.3265625 0.0046875 0.0140625
0 0.38046875 0.33515625 0.0046875 0.0140625
4 0.496875 0.35 0.009375 0.025
0 0.39921875 0.33984375 0.00625 0.0171875
4 0.52265625 0.31171875 0.003125 0.0109375
4 0.48203125 0.32421875 0.003125 0.0140625
4 0.596875 0.30859375 0.0046875 0.0140625
4 0.76015625 0.33203125 0.0125 0.03125
0 0.3609375 0.33515625 0.0046875 0.0140625
4 0.546875 0.35234375 0.0109375 0.028125
0 0.371875 0.3546875 0.00625 0.021875
0 0.42421875 0.321875 0.003125 0.0109375
4 0.553125 0.309375 0.003125 0.0109375
0 0.384375 0.34609375 0.0078125 0.0171875
4 0.41953125 0.32734375 0.00625 0.0140625
4 0.4703125 0.34453125 0.0078125 0.0203125
4 0.6015625 0.3171875 0.00625 0.0171875
4 0.59921875 0.31015625 0.0046875 0.0140625
0 0.66875 0.3078125 0.00625 0.01875
0 0.6515625 0.303125 0.0046875 0.0140625
0 0.634375 0.30234375 0.0046875 0.0125
0 0.609375 0.303125 0.0046875 0.0125
0 0.7609375 0.31640625 0.0078125 0.025
4 0.95546875 0.5484375 0.0203125 0.0546875
0 0.8890625 0.2890625 0.0078125 0.0234375
0 0.80078125 0.29140625 0.00625 0.0171875
4 0.5828125 0.30703125 0.0046875 0.0125
0 0.57890625 0.303125 0.0046875 0.0125
0 0.53125 0.30703125 0.0046875 0.0125
4 0.44453125 0.321875 0.003125 0.0125
4 0.48359375 0.3171875 0.003125 0.009375