0 0.375 0.46796875 0.02265625 0.05625
0 0.42578125 0.4109375 0.0125 0.0296875
4 0.6828125 0.46171875 0.02890625 0.06328125
4 0.596875 0.409375 0.0125 0.03125
2 0.44375 0.3890625 0.009375 0.02109375
2 0.453125 0.37890625 0.00625 0.01640625
2 0.46015625 0.37109375 0.00546875 0.01328125
2 0.46484375 0.36640625 0.00546875 0.01171875
2 0.46953125 0.36171875 0.00390625 0.0109375
2 0.471875 0.35859375 0.00390625 0.009375
2 0.4734375 0.35546875 0.00234375 0.00703125
2 0.47578125 0.353125 0.00234375 0.00546875
2 0.5640625 0.38828125 0.009375 0.0203125
2 0.54765625 0.378125 0.00625 0.01875
2 0.5390625 0.371875 0.00546875 0.01484375
2 0.53203125 0.36640625 0.00546875 0.01171875
2 0.528125 0.3625 0.00390625 0.01015625
2 0.5234375 0.359375 0.00390625 0.009375
2 0.5203125 0.35703125 0.003125 0.00859375
2 0.5140625 0.3515625 0.00234375 0.00625
2 0.51640625 0.3546875 0.003125 0.00703125
1 0.42734375 0.39921875 0.015625 0.0484375
1 0.478125 0.34765625 0.00234375 0.00859375
1 0.4875 0.3484375 0.003125 0.009375
1 0.4953125 0.34765625 0.00234375 0.00859375
1 0.50234375 0.3484375 0.00234375 0.009375
1 0.5109375 0.3484375 0.00234375 0.00703125
1 0.5953125 0.39765625 0.01328125 0.0453125
1 0.590625 0.396875 0.015625 0.0453125