4 0.22421875 0.28828125 0.025 0.065625
1 0.284375 0.35859375 0.0421875 0.1546875
4 0.20390625 0.2515625 0.01875 0.0515625
4 0.95078125 0.41328125 0.0078125 0.01875
4 0.146875 0.2171875 0.0171875 0.0453125
1 0.30703125 0.38671875 0.053125 0.175
0 0.76953125 0.334375 0.0046875 0.0125
4 0.92265625 0.4359375 0.0125 0.034375
0 0.14921875 0.15 0.0046875 0.0171875
4 0.3359375 0.1953125 0.0046875 0.0125
4 0.8875 0.41484375 0.0109375 0.0296875
4 0.790625 0.34453125 0.0046875 0.0140625
0 0.1921875 0.16015625 0.0046875 0.0140625
4 0.896875 0.3828125 0.0046875 0.0140625
0 0.38046875 0.2046875 0.003125 0.0109375
4 0.92890625 0.3953125 0.0046875 0.015625
4 0.21796875 0.17265625 0.00625 0.0171875
0 0.328125 0.19140625 0.0046875 0.0125
4 0.11875 0.1515625 0.0078125 0.0203125
4 0.2875 0.18125 0.0046875 0.0140625
4 0.39921875 0.2125 0.003125 0.0109375
0 0.81875 0.35234375 0.0046875 0.0125
0 0.34609375 0.19609375 0.0046875 0.0125
0 0.12421875 0.14609375 0.00625 0.01875
4 0.82421875 0.35546875 0.0046875 0.0140625
0 0.87109375 0.3703125 0.0046875 0.0125
4 0.4546875 0.22578125 0.003125 0.0109375
0 0.72421875 0.3203125 0.0046875 0.0140625
4 0.859375 0.36875 0.0046875 0.0140625
0 0.2078125 0.1578125 0.0046875 0.0125
4 0.4375 0.2203125 0.0046875 0.0125
4 0.6265625 0.28828125 0.0046875 0.0140625
4 0.90234375 0.3984375 0.0078125 0.01875
0 0.6421875 0.290625 0.003125 0.0109375
0 0.29609375 0.18203125 0.0046875 0.0125
4 0.51953125 0.24453125 0.003125 0.009375
4 0.5859375 0.26796875 0.003125 0.0140625
4 0.87421875 0.403125 0.009375 0.025
0 0.20078125 0.159375 0.0046875 0.0140625
0 0.6328125 0.2859375 0.003125 0.0109375
4 0.87109375 0.39453125 0.00625 0.025
0 0.38828125 0.20546875 0.003125 0.0109375
4 0.74140625 0.32890625 0.0046875 0.0140625
0 0.6765625 0.30390625 0.003125 0.0109375
4 0.5765625 0.26484375 0.003125 0.0125
4 0.5421875 0.2515625 0.003125 0.0109375
4 0.2421875 0.17734375 0.00625 0.015625
4 0.59765625 0.2765625 0.003125 0.0109375
4 0.69921875 0.3140625 0.0046875 0.0140625
0 0.92421875 0.3890625 0.0046875 0.0140625
0 0.40390625 0.209375 0.003125 0.0109375
0 0.5265625 0.24609375 0.003125 0.009375
0 0.43046875 0.2171875 0.003125 0.0109375
4 0.66015625 0.30078125 0.0046875 0.0140625
4 0.42734375 0.21875 0.003125 0.0109375
4 0.2546875 0.178125 0.0046875 0.0140625
4 0.17578125 0.16328125 0.0078125 0.0203125
0 0.2359375 0.16484375 0.0046875 0.0125
4 0.475 0.23125 0.003125 0.0109375
4 0.36484375 0.203125 0.0046875 0.0140625
4 0.56484375 0.259375 0.003125 0.0109375
4 0.26171875 0.178125 0.0046875 0.0140625
4 0.49765625 0.2375 0.003125 0.0109375
0 0.6109375 0.275 0.003125 0.0109375
4 0.5890625 0.27109375 0.003125 0.0140625
4 0.25859375 0.17578125 0.0046875 0.0140625
4 0.4171875 0.2171875 0.0046875 0.0125
4 0.87734375 0.39375 0.00625 0.0203125
0 0.6359375 0.28828125 0.003125 0.0109375
4 0.26953125 0.1765625 0.0046875 0.0140625
0 0.4921875 0.234375 0.003125 0.009375
0 0.17734375 0.15703125 0.0046875 0.015625
4 0.95546875 0.4078125 0.0046875 0.0171875
4 0.2859375 0.4015625 0.0328125 0.1046875
0 0.265625 0.17265625 0.0046875 0.0140625
4 0.4640625 0.68671875 0.071875 0.2046875
0 0.6578125 0.296875 0.0046875 0.0125
0 0.36796875 0.2015625 0.003125 0.0125
0 0.46015625 0.22421875 0.003125 0.0078125
0 0.55859375 0.25546875 0.003125 0.009375
4 0.590625 0.271875 0.003125 0.0109375
0 0.58828125 0.26640625 0.003125 0.0109375
0 0.6265625 0.2828125 0.0046875 0.0125
0 0.7 0.3109375 0.0046875 0.0140625