4 0.34296875 0.328125 0.0265625 0.065625
0 0.13203125 0.2515625 0.025 0.0578125
0 0.4453125 0.28125 0.0125 0.03125
0 0.49140625 0.28203125 0.0078125 0.0265625
0 0.353125 0.2671875 0.0125 0.034375
4 0.3734375 0.42890625 0.040625 0.103125
4 0.5046875 0.32109375 0.0140625 0.0375
0 0.5015625 0.27265625 0.0078125 0.0203125
0 0.2390625 0.2515625 0.0171875 0.04375
4 0.4015625 0.309375 0.0171875 0.046875
4 0.57578125 0.3234375 0.0109375 0.028125
4 0.59921875 0.31328125 0.0078125 0.0234375
4 0.7046875 0.81171875 0.05625 0.1546875
0 0.484375 0.253125 0.0078125 0.0203125
4 0.496875 0.24453125 0.0046875 0.0171875
4 0.5375 0.26640625 0.00625 0.01875
4 0.57734375 0.2921875 0.00625 0.0203125
0 0.9578125 0.44140625 0.009375 0.0234375
4 0.90234375 0.42578125 0.009375 0.0234375
1 0.9078125 0.4140625 0.009375 0.028125
0 0.89453125 0.4125 0.009375 0.0203125
1 0.88828125 0.40234375 0.0109375 0.0328125
1 0.853125 0.39453125 0.0109375 0.03125
0 0.85859375 0.3953125 0.0078125 0.01875
4 0.84453125 0.3953125 0.0078125 0.0203125
1 0.8359375 0.38359375 0.0109375 0.03125
0 0.83046875 0.38046875 0.00625 0.0171875
4 0.81171875 0.3765625 0.0078125 0.0203125
0 0.80234375 0.36796875 0.00625 0.0171875
4 0.778125 0.359375 0.00625 0.0171875
0 0.7703125 0.34921875 0.00625 0.0171875
4 0.74921875 0.3453125 0.00625 0.0171875
0 0.45 0.23203125 0.00625 0.0203125
4 0.4359375 0.22265625 0.0046875 0.0171875
0 0.3890625 0.209375 0.00625 0.01875
4 0.36328125 0.19453125 0.00625 0.015625
0 0.328125 0.18828125 0.00625 0.0171875
4 0.3078125 0.175 0.00625 0.0171875
0 0.12109375 0.10390625 0.00625 0.0171875
4 0.1484375 0.11015625 0.00625 0.015625
0 0.184375 0.128125 0.00625 0.0171875
4 0.1953125 0.1234375 0.00625 0.0140625
4 0.221875 0.13828125 0.00625 0.0140625
4 0.2328125 0.13515625 0.0046875 0.0125
0 0.23046875 0.14921875 0.00625 0.0171875
0 0.24296875 0.1359375 0.0046875 0.0140625
4 0.2578125 0.15390625 0.00625 0.0171875
0 0.2734375 0.1671875 0.00625 0.01875
4 0.27890625 0.1515625 0.0046875 0.0140625
0 0.2921875 0.153125 0.0046875 0.0140625
4 0.3203125 0.16640625 0.0046875 0.0140625
4 0.725 0.33203125 0.0046875 0.015625
0 0.734375 0.33125 0.0046875 0.0140625
4 0.70390625 0.32109375 0.0046875 0.0140625
0 0.7 0.3125 0.0046875 0.0140625
4 0.67890625 0.30859375 0.0046875 0.0140625