0 0.13671875 0.28984375 0.0125 0.04921875
0 0.26875 0.275 0.009375 0.03671875
4 0.29296875 0.36015625 0.01640625 0.071875
0 0.71015625 0.303125 0.00625 0.02578125
4 0.296875 0.45078125 0.02578125 0.10625
0 0.49296875 0.278125 0.00703125 0.028125
4 0.725 0.32109375 0.00859375 0.03359375
4 0.3390625 0.32265625 0.0125 0.0546875
0 0.384375 0.27265625 0.0078125 0.03125
0 0.60390625 0.2890625 0.00625 0.02578125
4 0.83515625 0.3421875 0.009375 0.0359375
4 0.65859375 0.3125 0.00859375 0.03359375
0 0.8296875 0.32421875 0.00625 0.02734375
4 0.47578125 0.30078125 0.00859375 0.03828125
4 0.40625 0.30625 0.009375 0.04453125
4 0.5515625 0.30078125 0.00859375 0.03515625
4 0.46640625 0.62890625 0.040625 0.18125