0 0.590625 0.58046875 0.03046875 0.04140625
0 0.509375 0.68828125 0.06640625 0.0921875
0 0.35078125 0.540625 0.01796875 0.02421875
0 0.25234375 0.52421875 0.01171875 0.01875
0 0.2390625 0.53984375 0.01640625 0.025
0 0.13359375 0.51796875 0.01171875 0.01640625
0 0.10078125 0.553125 0.01484375 0.03125
0 0.05625 0.51328125 0.00859375 0.01484375
0 0.16953125 0.609375 0.04140625 0.05703125
4 0.46875 0.55546875 0.021875 0.03125
4 0.30078125 0.52734375 0.0140625 0.0203125
4 0.23046875 0.52734375 0.0109375 0.0203125
4 0.22578125 0.51484375 0.00859375 0.015625
4 0.16015625 0.509375 0.009375 0.01328125
2 0.728125 0.553125 0.01953125 0.02734375
2 0.4328125 0.5359375 0.015625 0.02265625
2 0.2421875 0.5171875 0.0109375 0.015625
2 0.1265625 0.52734375 0.01484375 0.0203125
2 0.1265625 0.50859375 0.009375 0.0125
2 0.1078125 0.55859375 0.02890625 0.03359375
2 0.09765625 0.5375 0.01484375 0.02421875
2 0.06328125 0.51953125 0.0140625 0.01796875
2 0.35390625 0.5828125 0.02734375 0.0421875
2 0.13359375 0.76953125 0.10390625 0.14140625