4 0.2328125 0.384375 0.025 0.090625
0 0.109375 0.2 0.00625 0.021875
4 0.0625 0.30859375 0.01875 0.0703125
0 0.1859375 0.2078125 0.0046875 0.0203125
0 0.8625 0.32421875 0.003125 0.0140625
4 0.8421875 0.32265625 0.0046875 0.015625
4 0.3390625 0.21953125 0.003125 0.0140625
4 0.29765625 0.225 0.0046875 0.01875
4 0.48515625 0.24140625 0.003125 0.0125
4 0.6859375 0.28125 0.003125 0.0140625
4 0.46640625 0.23828125 0.003125 0.0140625
4 0.49375 0.24140625 0.003125 0.0109375
0 0.24375 0.209375 0.003125 0.0171875
4 0.15234375 0.21484375 0.0078125 0.025
4 0.22109375 0.22109375 0.0078125 0.0234375
0 0.8328125 0.31796875 0.003125 0.0140625
0 0.15859375 0.20546875 0.00625 0.0203125
4 0.6625 0.27265625 0.003125 0.0109375
4 0.646875 0.26875 0.003125 0.0109375
0 0.278125 0.20703125 0.003125 0.0140625
0 0.778125 0.30390625 0.003125 0.0140625
4 0.678125 0.278125 0.003125 0.0109375
0 0.21796875 0.21015625 0.0046875 0.01875
4 0.4015625 0.5015625 0.0359375 0.1296875
0 0.403125 0.2265625 0.003125 0.0140625
4 0.503125 0.2421875 0.003125 0.0109375
0 0.67109375 0.27265625 0.003125 0.0109375
0 0.24921875 0.2046875 0.0046875 0.0140625
0 0.23515625 0.21015625 0.0046875 0.0171875
0 0.725 0.2875 0.003125 0.0109375
4 0.428125 0.23359375 0.003125 0.0140625
4 0.26953125 0.2234375 0.0046875 0.0203125
0 0.440625 0.23203125 0.003125 0.0125
0 0.42578125 0.2296875 0.003125 0.0140625
0 0.3828125 0.22421875 0.003125 0.0140625
0 0.44765625 0.23125 0.003125 0.0109375
4 0.31953125 0.2171875 0.003125 0.0140625
0 0.91875 0.33515625 0.003125 0.0140625
4 0.59296875 0.2578125 0.003125 0.0109375
0 0.63515625 0.265625 0.0015625 0.009375
4 0.39609375 0.22890625 0.003125 0.015625
4 0.56796875 0.25234375 0.003125 0.0109375
4 0.896875 0.334375 0.0046875 0.015625
4 0.746875 0.29921875 0.003125 0.0171875
4 0.79296875 0.3109375 0.0046875 0.015625
4 0.5421875 0.24765625 0.003125 0.0109375
0 0.46171875 0.2328125 0.0015625 0.0109375
0 0.34609375 0.21875 0.003125 0.0140625
4 0.61953125 0.2625 0.003125 0.0109375
4 0.7046875 0.28828125 0.003125 0.0140625
0 0.75546875 0.2984375 0.003125 0.0125
4 0.6921875 0.28359375 0.003125 0.0125
0 0.7015625 0.28046875 0.003125 0.0109375
0 0.49140625 0.2375 0.003125 0.0109375
0 0.80390625 0.31015625 0.003125 0.0140625
4 0.3078125 0.21796875 0.003125 0.015625
0 0.55859375 0.24921875 0.0015625 0.0109375
4 0.5203125 0.24453125 0.003125 0.0109375
4 0.0625 0.20625 0.0078125 0.028125
0 0.7375 0.2921875 0.003125 0.0125
0 0.596875 0.25703125 0.003125 0.0109375
0 0.74453125 0.29609375 0.0015625 0.0125
4 0.67109375 0.78359375 0.034375 0.140625
4 0.315625 0.22265625 0.0046875 0.0171875
4 0.31015625 0.2234375 0.003125 0.0171875
0 0.3125 0.21171875 0.003125 0.0125
0 0.240625 0.20703125 0.003125 0.015625