4 0.1171875 0.35859375 0.0265625 0.0734375
0 0.32109375 0.3171875 0.0203125 0.0578125
0 0.65390625 0.3390625 0.025 0.06875
0 0.45625 0.33671875 0.025 0.0671875
0 0.2921875 0.275 0.0125 0.0375
0 0.2765625 0.29453125 0.015625 0.0453125
0 0.39765625 0.25078125 0.0109375 0.028125
0 0.76484375 0.25234375 0.009375 0.028125
0 0.6171875 0.24140625 0.0078125 0.025
0 0.6921875 0.2453125 0.0078125 0.025
0 0.45625 0.24453125 0.009375 0.025
0 0.33671875 0.2609375 0.0109375 0.03125
4 0.72578125 0.2390625 0.0078125 0.0234375
4 0.34453125 0.24453125 0.0078125 0.025
0 0.83125 0.3203125 0.0203125 0.059375
0 0.8265625 0.26328125 0.0109375 0.0328125
4 0.10625 0.31015625 0.0171875 0.0484375
4 0.6296875 0.234375 0.0078125 0.021875
4 0.91484375 0.2609375 0.0109375 0.03125
4 0.42265625 0.23828125 0.0078125 0.021875
4 0.5265625 0.23359375 0.0078125 0.0234375
4 0.75546875 0.434375 0.0421875 0.109375
2 0.93125 0.24296875 0.0078125 0.0234375
4 0.82421875 0.24765625 0.0078125 0.0265625
4 0.31796875 0.41953125 0.0390625 0.1046875
4 0.17109375 0.27734375 0.0125 0.0375
0 0.5359375 0.240625 0.009375 0.025
4 0.2546875 0.2578125 0.0109375 0.0296875
2 0.94453125 0.228125 0.0046875 0.0171875
2 0.9390625 0.234375 0.00625 0.0203125
0 0.86953125 0.2796875 0.0109375 0.0390625
1 0.51796875 0.71484375 0.0921875 0.253125
2 0.92109375 0.2546875 0.009375 0.0265625
2 0.96875 0.22890625 0.00625 0.0171875
0 0.88125 0.30078125 0.0109375 0.0484375
1 0.87578125 0.290625 0.025 0.08125
3 0.9625 0.225 0.003125 0.0140625
1 0.88359375 0.28203125 0.0171875 0.0734375