0 0.41015625 0.39375 0.0359375 0.075
0 0.12578125 0.44765625 0.021875 0.0453125
0 0.471875 0.47109375 0.05625 0.1203125
2 0.20625 0.36328125 0.0125 0.0265625
0 0.2328125 0.40859375 0.025 0.05
4 0.58984375 0.29140625 0.03125 0.065625
2 0.071875 0.43125 0.0140625 0.0296875
4 0.79765625 0.321875 0.0578125 0.1125
0 0.32890625 0.3875 0.028125 0.0578125
2 0.13125 0.409375 0.015625 0.03125
4 0.44375 0.31015625 0.021875 0.046875
4 0.31171875 0.34921875 0.0171875 0.0390625
4 0.18203125 0.39921875 0.0171875 0.034375
4 0.03671875 0.46796875 0.0203125 0.0390625
2 0.15 0.3859375 0.0125 0.025
0 0.40859375 0.79453125 0.0765625 0.1765625