0 0.52109375 0.32265625 0.0125 0.040625
4 0.62421875 0.3859375 0.0203125 0.0640625
0 0.4234375 0.334375 0.015625 0.05
0 0.26875 0.3609375 0.0203125 0.06875
1 0.71953125 0.33515625 0.0171875 0.059375
4 0.68515625 0.359375 0.015625 0.0453125
0 0.63359375 0.3109375 0.0078125 0.028125
0 0.653125 0.309375 0.0078125 0.0234375
4 0.84921875 0.31015625 0.00625 0.0171875
0 0.6234375 0.2921875 0.00625 0.0203125
4 0.75390625 0.33359375 0.009375 0.0296875
4 0.690625 0.29765625 0.0046875 0.0203125
0 0.4515625 0.25625 0.0046875 0.015625
4 0.528125 0.5296875 0.0375 0.1296875
4 0.5453125 0.43671875 0.028125 0.084375
4 0.60703125 0.28203125 0.0046875 0.01875
0 0.734375 0.2890625 0.0046875 0.0140625
4 0.51328125 0.26328125 0.0046875 0.0171875
0 0.7890625 0.2984375 0.0046875 0.0140625
4 0.721875 0.290625 0.0046875 0.015625
4 0.5234375 0.26640625 0.0046875 0.0171875
0 0.9078125 0.3109375 0.0046875 0.0140625
0 0.59765625 0.28671875 0.00625 0.0203125
1 0.58671875 0.30546875 0.009375 0.053125
0 0.68671875 0.28125 0.003125 0.0109375
1 0.72578125 0.3328125 0.015625 0.059375
4 0.56328125 0.26796875 0.0046875 0.0140625
4 0.9375 0.31953125 0.0046875 0.0140625
4 0.91953125 0.31875 0.00625 0.0140625
0 0.46640625 0.25625 0.0046875 0.015625
1 0.575 0.3078125 0.0140625 0.053125
0 0.83828125 0.30390625 0.0046875 0.0140625
0 0.50703125 0.2703125 0.0046875 0.01875
0 0.8640625 0.3078125 0.0046875 0.0140625
4 0.5203125 0.2625 0.0046875 0.015625
4 0.72890625 0.309375 0.00625 0.0234375
4 0.65234375 0.2890625 0.00625 0.015625
4 0.76953125 0.328125 0.0078125 0.028125
4 0.75859375 0.31953125 0.0078125 0.025
4 0.6703125 0.28125 0.0046875 0.0140625
0 0.64140625 0.2984375 0.00625 0.021875
4 0.8046875 0.30390625 0.00625 0.0171875
0 0.46484375 0.2609375 0.0046875 0.01875
0 0.88984375 0.3125 0.0046875 0.0140625
0 0.57109375 0.28046875 0.00625 0.0203125
4 0.6015625 0.271875 0.0046875 0.0140625
0 0.50078125 0.25703125 0.003125 0.0140625
4 0.5359375 0.2640625 0.0046875 0.0140625
4 0.88984375 0.315625 0.0046875 0.0140625
0 0.8796875 0.309375 0.0046875 0.0140625
0 0.81875 0.30234375 0.0046875 0.0140625
0 0.58984375 0.26796875 0.0046875 0.0140625
0 0.89375 0.31015625 0.0046875 0.0125
4 0.75859375 0.296875 0.0046875 0.0140625
0 0.75625 0.29296875 0.0046875 0.0140625
4 0.5453125 0.271875 0.0046875 0.0171875
2 0.04453125 0.20859375 0.003125 0.009375
4 0.75390625 0.77265625 0.0359375 0.115625
4 0.6375 0.278125 0.0046875 0.0140625
2 0.03125 0.23828125 0.0046875 0.021875
2 0.08828125 0.21328125 0.003125 0.0125
2 0.0625 0.21484375 0.0046875 0.0140625
2 0.0546875 0.22421875 0.0046875 0.0140625
2 0.0953125 0.2328125 0.0046875 0.0171875
2 0.03515625 0.19921875 0.003125 0.0109375
0 0.54375 0.2609375 0.003125 0.0140625
0 0.58359375 0.315625 0.0078125 0.0328125
0 0.63828125 0.275 0.0046875 0.0140625
4 0.721875 0.34375 0.0109375 0.0421875
0 0.65390625 0.30625 0.0078125 0.025