0 0.79921875 0.2609375 0.025 0.065625
0 0.39453125 0.371875 0.025 0.065625
0 0.46328125 0.43671875 0.0421875 0.10625
0 0.10703125 0.4125 0.01875 0.0453125
0 0.83671875 0.1609375 0.0109375 0.0265625
0 0.2203125 0.38203125 0.01875 0.046875
1 0.44453125 0.29609375 0.0265625 0.071875
4 0.53984375 0.290625 0.01875 0.05
0 0.31796875 0.36640625 0.01875 0.0515625
2 0.0703125 0.3828125 0.0109375 0.0265625
4 0.7796875 0.21640625 0.015625 0.046875
4 0.75703125 0.3375 0.0359375 0.09375
0 0.7515625 0.17265625 0.009375 0.025
1 0.40703125 0.303125 0.0265625 0.0671875
4 0.6765625 0.253125 0.01875 0.0484375
1 0.296875 0.35390625 0.03125 0.0828125
0 0.2484375 0.3359375 0.0125 0.03125
1 0.334375 0.35078125 0.0328125 0.090625
0 0.66796875 0.18984375 0.0078125 0.0203125
4 0.15 0.37734375 0.0140625 0.0375
0 0.43828125 0.6734375 0.0828125 0.215625
4 0.3453125 0.30625 0.0125 0.0328125
4 0.3640625 0.29140625 0.009375 0.028125
4 0.4578125 0.25234375 0.009375 0.025
4 0.425 0.31328125 0.0171875 0.0453125
0 0.35078125 0.28359375 0.0078125 0.021875
4 0.6453125 0.20078125 0.009375 0.025
4 0.3609375 0.3171875 0.0140625 0.0375
4 0.815625 0.19140625 0.0140625 0.0390625
2 0.21328125 0.340625 0.0109375 0.028125
4 0.52109375 0.2328125 0.0078125 0.021875
0 0.50625 0.23203125 0.0078125 0.021875
2 0.15390625 0.34921875 0.0109375 0.025
2 0.0328125 0.384375 0.009375 0.025
4 0.5828125 0.21640625 0.0078125 0.021875
2 0.1203125 0.37890625 0.0125 0.0328125
0 0.42578125 0.25703125 0.0078125 0.0203125
4 0.76171875 0.18203125 0.0109375 0.0265625
0 0.5875 0.20859375 0.00625 0.0203125
4 0.70625 0.18828125 0.009375 0.0265625
4 0.4046875 0.271875 0.00625 0.025
4 0.8015625 0.18203125 0.0140625 0.034375
2 0.10859375 0.35546875 0.009375 0.0234375
2 0.05390625 0.36875 0.0078125 0.0203125
2 0.075 0.36015625 0.0078125 0.0203125
0 0.28828125 0.3046875 0.00625 0.015625