0 0.15625 0.34609375 0.0203125 0.053125
1 0.59921875 0.35703125 0.03125 0.0875
0 0.88515625 0.35078125 0.0140625 0.0375
0 0.34296875 0.35078125 0.021875 0.05625
0 0.053125 0.28984375 0.0125 0.03125
0 0.07890625 0.484375 0.0546875 0.1203125
0 0.11796875 0.28359375 0.009375 0.0265625
0 0.3984375 0.2890625 0.0078125 0.021875
0 0.03125 0.33203125 0.0203125 0.0515625
0 0.740625 0.33828125 0.0125 0.034375
0 0.1875 0.28125 0.009375 0.025
1 0.42890625 0.33359375 0.028125 0.078125
4 0.58359375 0.375 0.0203125 0.0546875
4 0.46171875 0.5 0.0421875 0.1203125
1 0.4671875 0.32890625 0.025 0.0703125
0 0.52734375 0.31875 0.0109375 0.03125
0 0.45234375 0.34453125 0.015625 0.046875
4 0.93203125 0.375 0.0171875 0.046875
4 0.584375 0.30703125 0.009375 0.028125
4 0.6828125 0.36328125 0.01875 0.0484375
0 0.24921875 0.28125 0.0078125 0.0234375
0 0.32578125 0.28359375 0.0078125 0.021875
0 0.51640625 0.33125 0.0140625 0.0375
0 0.45625 0.2953125 0.009375 0.0265625
2 0.80859375 0.32265625 0.009375 0.0265625
4 0.06328125 0.27734375 0.009375 0.025
4 0.6328125 0.321875 0.0125 0.0328125
4 0.1609375 0.275 0.0078125 0.021875
2 0.66484375 0.31875 0.0109375 0.03125
0 0.503125 0.30703125 0.009375 0.028125
2 0.7671875 0.3328125 0.0125 0.03125
1 0.565625 0.365625 0.0359375 0.096875
4 0.43359375 0.28515625 0.0078125 0.021875
4 0.7953125 0.36328125 0.01875 0.046875
2 0.81328125 0.30546875 0.0078125 0.01875
4 0.23984375 0.2734375 0.00625 0.021875
2 0.859375 0.3109375 0.0078125 0.01875
2 0.7203125 0.31171875 0.009375 0.025
4 0.3390625 0.278125 0.0078125 0.0203125
2 0.83828125 0.3140625 0.0078125 0.0234375
2 0.790625 0.303125 0.00625 0.0171875
4 0.50390625 0.41015625 0.0328125 0.0765625
4 0.51328125 0.2953125 0.0078125 0.021875
2 0.76015625 0.30703125 0.0078125 0.01875
3 0.88125 0.31171875 0.0046875 0.0140625
3 0.82421875 0.303125 0.0046875 0.0140625
4 0.03203125 0.39140625 0.0171875 0.078125
4 0.61171875 0.77265625 0.04375 0.128125