0 0.05546875 0.31953125 0.0203125 0.046875
4 0.08984375 0.41484375 0.034375 0.0890625
4 0.1125 0.35703125 0.0265625 0.0640625
0 0.6734375 0.26171875 0.0109375 0.0296875
4 0.18359375 0.32109375 0.021875 0.0484375
0 0.4390625 0.2640625 0.0109375 0.028125
0 0.1890625 0.290625 0.0125 0.0359375
4 0.3625 0.2828125 0.0140625 0.0375
4 0.19296875 0.50625 0.05625 0.1359375
0 0.803125 0.271875 0.0140625 0.034375
1 0.1515625 0.453125 0.075 0.196875
4 0.26875 0.29765625 0.0171875 0.040625
4 0.85703125 0.29921875 0.01875 0.0453125
0 0.3171875 0.2734375 0.0125 0.03125
4 0.65078125 0.27421875 0.0125 0.034375
4 0.7515625 0.28125 0.0140625 0.040625
4 0.459375 0.27421875 0.0125 0.034375
1 0.24375 0.48828125 0.0859375 0.228125
4 0.553125 0.59375 0.065625 0.1796875
4 0.55546875 0.271875 0.0109375 0.034375
0 0.55703125 0.26015625 0.0078125 0.0265625