0 0.25703125 0.30234375 0.0375 0.0828125
0 0.765625 0.38359375 0.0125 0.028125
0 0.78046875 0.4734375 0.0296875 0.0625
2 0.30234375 0.440625 0.0671875 0.1359375
4 0.35625 0.28046875 0.025 0.05625
4 0.3328125 0.2 0.0125 0.028125
4 0.25234375 0.22421875 0.025 0.0515625
4 0.64375 0.38359375 0.021875 0.05
0 0.82109375 0.4234375 0.015625 0.034375
4 0.70390625 0.38984375 0.01875 0.040625
0 0.37109375 0.20390625 0.009375 0.0203125
0 0.84140625 0.46015625 0.021875 0.0453125
4 0.53046875 0.271875 0.009375 0.0234375
4 0.64453125 0.3265625 0.0109375 0.0265625
0 0.54453125 0.27109375 0.0078125 0.0203125
4 0.51328125 0.34609375 0.0265625 0.0578125
4 0.3953125 0.21875 0.0109375 0.025
0 0.2859375 0.1765625 0.0109375 0.025
4 0.23359375 0.18203125 0.0140625 0.0359375
4 0.71328125 0.3765625 0.0140625 0.034375
4 0.21640625 0.19296875 0.0171875 0.0421875
0 0.45859375 0.2359375 0.009375 0.0203125
0 0.625 0.30625 0.009375 0.0203125
2 0.2 0.1359375 0.009375 0.021875
0 0.6984375 0.34375 0.009375 0.0234375
2 0.15546875 0.10625 0.00625 0.0171875
2 0.19453125 0.1203125 0.00625 0.015625
4 0.68828125 0.35390625 0.0125 0.0296875
4 0.5921875 0.29921875 0.0109375 0.025
4 0.27578125 0.1859375 0.0140625 0.03125
0 0.55078125 0.421875 0.0375 0.0828125
0 0.20703125 0.1546875 0.0125 0.028125
2 0.1765625 0.1140625 0.00625 0.0171875
4 0.46328125 0.24453125 0.0109375 0.025
1 0.2265625 0.18671875 0.028125 0.0703125
2 0.2046875 0.14765625 0.0109375 0.025
2 0.19765625 0.12734375 0.0078125 0.0171875
1 0.21953125 0.17734375 0.0234375 0.0625