0 0.90390625 0.61875 0.0421875 0.0828125
0 0.87109375 0.49453125 0.015625 0.0328125
0 0.6296875 0.3859375 0.009375 0.01875
0 0.76875 0.44921875 0.0140625 0.03125
4 0.74375 0.42734375 0.009375 0.01875
0 0.64375 0.546875 0.046875 0.09375
0 0.62109375 0.38203125 0.009375 0.0171875
0 0.6546875 0.396875 0.0109375 0.0203125
0 0.18203125 0.590625 0.1046875 0.1953125
4 0.93984375 0.496875 0.009375 0.01875
4 0.76015625 0.43125 0.0078125 0.0171875
4 0.82734375 0.46328125 0.0109375 0.021875
0 0.8921875 0.478125 0.00625 0.015625
4 0.95390625 0.51484375 0.0125 0.025
0 0.696875 0.4171875 0.0125 0.025
2 0.6015625 0.36328125 0.00625 0.0140625
4 0.8890625 0.47734375 0.009375 0.0171875
0 0.6390625 0.3859375 0.0078125 0.0171875
2 0.55859375 0.346875 0.0078125 0.0140625
2 0.515625 0.33125 0.00625 0.015625
2 0.6546875 0.38203125 0.00625 0.0125
2 0.69765625 0.396875 0.0078125 0.0140625
2 0.73671875 0.4125 0.0078125 0.0140625
2 0.78125 0.42578125 0.009375 0.0171875