0 0.74375 0.50078125 0.04609375 0.16015625
3 0.74375 0.2421875 0.009375 0.03828125
3 0.86015625 0.20703125 0.00703125 0.025
3 0.87578125 0.19765625 0.00546875 0.02421875
3 0.7875 0.20234375 0.0046875 0.021875
3 0.6 0.23125 0.0078125 0.03046875
3 0.80078125 0.19453125 0.0046875 0.01953125
3 0.765625 0.2140625 0.00625 0.02578125
3 0.84140625 0.22421875 0.009375 0.03046875
3 0.5 0.26484375 0.0109375 0.03984375
3 0.66640625 0.27578125 0.01171875 0.046875
3 0.70703125 0.19609375 0.0046875 0.0203125
3 0.66796875 0.209375 0.00546875 0.02265625