0 0.428125 0.44609375 0.0140625 0.06171875
0 0.378125 0.38984375 0.00859375 0.0390625
0 0.26953125 0.37890625 0.00859375 0.03828125
4 0.8140625 0.6296875 0.04140625 0.13515625
0 0.37734375 0.52578125 0.021875 0.10078125
4 0.75 0.42109375 0.01015625 0.03828125
0 0.16796875 0.36328125 0.009375 0.03515625
0 0.92578125 0.4296875 0.0109375 0.03984375
4 0.64375 0.39609375 0.00703125 0.0296875
4 0.58203125 0.4 0.00703125 0.0328125
4 0.49765625 0.37265625 0.0046875 0.025
4 0.6640625 0.45234375 0.01484375 0.0546875
4 0.83828125 0.45234375 0.0109375 0.04765625
4 0.33984375 0.353125 0.00546875 0.02421875
4 0.7125 0.50234375 0.02421875 0.078125
4 0.3046875 0.3625 0.00625 0.02734375
4 0.19921875 0.33515625 0.0046875 0.0203125
0 0.6328125 0.38046875 0.00625 0.02421875
4 0.64375 0.42421875 0.009375 0.0453125
4 0.48828125 0.3859375 0.00703125 0.03046875
0 0.0921875 0.325 0.00390625 0.01484375
0 0.06953125 0.3421875 0.00703125 0.028125
0 0.47578125 0.4140625 0.0109375 0.0453125
0 0.1109375 0.35 0.00859375 0.03046875
0 0.715625 0.38828125 0.00625 0.02734375
4 0.22109375 0.35 0.00625 0.02578125
0 0.80859375 0.40234375 0.009375 0.0328125
4 0.2625 0.3453125 0.00390625 0.02265625
0 0.37421875 0.35234375 0.00390625 0.01875
4 0.565625 0.38203125 0.00625 0.02734375
0 0.46484375 0.3609375 0.00546875 0.021875
4 0.1296875 0.328125 0.00390625 0.0171875
0 0.24609375 0.3328125 0.00390625 0.01953125
4 0.39375 0.37421875 0.0078125 0.03046875
0 0.20859375 0.328125 0.00390625 0.01484375
4 0.15859375 0.33984375 0.00546875 0.02421875
4 0.07265625 0.328125 0.003125 0.01953125
4 0.4078125 0.36171875 0.00546875 0.02421875
0 0.56484375 0.3703125 0.00546875 0.0203125
0 0.30546875 0.3421875 0.0046875 0.0203125
4 0.0796875 0.33515625 0.0046875 0.01875
0 0.2 0.7921875 0.03203125 0.1109375