0 0.4921875 0.40078125 0.0125 0.040625
4 0.7421875 0.596875 0.04375 0.1265625
4 0.23046875 0.36640625 0.0109375 0.0359375
0 0.88046875 0.453125 0.015625 0.05
4 0.68828125 0.475 0.0203125 0.065625
0 0.10078125 0.73828125 0.0546875 0.178125
4 0.2609375 0.4453125 0.0234375 0.071875
4 0.375 0.41015625 0.015625 0.053125
0 0.33671875 0.36015625 0.0078125 0.0296875
0 0.18828125 0.3453125 0.00625 0.0203125
0 0.26640625 0.3453125 0.00625 0.025
4 0.16640625 0.39765625 0.01875 0.0515625
0 0.66015625 0.42578125 0.015625 0.046875
0 0.31171875 0.35 0.00625 0.025
4 0.91171875 0.53984375 0.0296875 0.0875
4 0.44453125 0.4890625 0.0265625 0.0828125
0 0.39921875 0.378125 0.0109375 0.0328125
4 0.49921875 0.44296875 0.0203125 0.059375
4 0.2921875 0.3859375 0.0140625 0.0421875
4 0.128125 0.3703125 0.0125 0.0390625
4 0.2046875 0.3546875 0.0078125 0.028125
4 0.19921875 0.35 0.0078125 0.025
4 0.06640625 0.3609375 0.0125 0.0375
4 0.13203125 0.34921875 0.0078125 0.0265625
2 0.08359375 0.33046875 0.0046875 0.0140625
0 0.09296875 0.34453125 0.00625 0.0203125
4 0.05703125 0.35078125 0.003125 0.021875