4 0.51484375 0.3578125 0.025 0.0578125
0 0.31015625 0.2515625 0.021875 0.0484375
4 0.503125 0.39921875 0.0328125 0.075
0 0.2234375 0.18359375 0.0171875 0.0375
0 0.2890625 0.2625 0.028125 0.0609375
0 0.26953125 0.2078125 0.01875 0.0375
0 0.29453125 0.22890625 0.01875 0.04375
4 0.48671875 0.5171875 0.0578125 0.128125
4 0.38359375 0.23828125 0.0125 0.0296875
0 0.16484375 0.15625 0.0171875 0.0359375
4 0.31640625 0.2046875 0.0125 0.028125
4 0.44140625 0.27421875 0.0171875 0.034375
4 0.38671875 0.19765625 0.00625 0.015625
4 0.84375 0.390625 0.0046875 0.0109375
4 0.865625 0.40078125 0.0046875 0.0109375
4 0.221875 0.13203125 0.0078125 0.0171875
0 0.21875 0.27109375 0.0359375 0.0734375
0 0.35234375 0.1796875 0.00625 0.0140625
4 0.134375 0.125 0.0140625 0.028125
4 0.9421875 0.45859375 0.0078125 0.0171875
4 0.2390625 0.16953125 0.0140625 0.0296875
4 0.88671875 0.42265625 0.00625 0.015625
0 0.3265625 0.17109375 0.00625 0.0140625
4 0.5015625 0.3265625 0.0203125 0.0453125
4 0.35390625 0.1859375 0.00625 0.015625
0 0.13828125 0.096875 0.0078125 0.01875
4 0.4140625 0.20625 0.00625 0.0140625
4 0.1765625 0.115625 0.0078125 0.0171875
4 0.88125 0.41015625 0.00625 0.0109375
4 0.25703125 0.1453125 0.00625 0.015625
4 0.91328125 0.42734375 0.00625 0.0109375
4 0.31328125 0.1703125 0.0078125 0.015625
0 0.8328125 0.384375 0.0046875 0.0109375
4 0.7140625 0.33515625 0.0046875 0.0109375
0 0.9640625 0.45078125 0.00625 0.0109375
0 0.95703125 0.45546875 0.00625 0.0140625
4 0.7484375 0.35 0.0046875 0.0109375
4 0.89453125 0.4296875 0.00625 0.0140625
4 0.91484375 0.4421875 0.0078125 0.015625
0 0.2703125 0.146875 0.00625 0.0140625
4 0.6765625 0.3171875 0.0046875 0.0109375
4 0.4296875 0.2125 0.00625 0.0140625
0 0.30546875 0.1625 0.00625 0.015625
0 0.72734375 0.33828125 0.0046875 0.0125
0 0.3703125 0.18671875 0.00625 0.0140625
4 0.79609375 0.37109375 0.0046875 0.0109375
0 0.20625 0.12265625 0.00625 0.015625
0 0.66953125 0.3109375 0.0046875 0.009375
0 0.90703125 0.4203125 0.0046875 0.009375
4 0.77578125 0.36328125 0.00625 0.0109375
0 0.709375 0.3296875 0.0046875 0.0125
4 0.89921875 0.41953125 0.0046875 0.0109375
4 0.91953125 0.43203125 0.00625 0.0140625
0 0.93828125 0.43671875 0.00625 0.0140625
0 0.74609375 0.346875 0.0046875 0.0109375
4 0.8234375 0.38203125 0.00625 0.0109375
0 0.68828125 0.31953125 0.0046875 0.0109375
4 0.4421875 0.215625 0.0046875 0.0125
0 0.38359375 0.1921875 0.00625 0.0140625
0 0.86875 0.40234375 0.0046875 0.0109375
0 0.4015625 0.19609375 0.0046875 0.0125
4 0.8125 0.3765625 0.0046875 0.0109375
4 0.66875 0.8765625 0.0296875 0.05
0 0.39453125 0.1953125 0.00625 0.0140625
0 0.40546875 0.1953125 0.00625 0.0140625
0 0.77421875 0.35859375 0.003125 0.0078125
4 0.4609375 0.21484375 0.003125 0.0078125
0 0.4140625 0.1953125 0.003125 0.009375
4 0.44921875 0.2140625 0.003125 0.009375
4 0.6484375 0.30390625 0.0046875 0.0109375
0 0.75859375 0.35 0.0046875 0.0109375
4 0.921875 0.43203125 0.0046875 0.0125
0 0.959375 0.45546875 0.00625 0.0140625
1 0.596875 0.27421875 0.00625 0.015625
1 0.6015625 0.27734375 0.00625 0.0171875
1 0.6234375 0.28515625 0.00625 0.0171875
1 0.628125 0.28671875 0.00625 0.015625
4 0.628125 0.29375 0.0046875 0.0109375
0 0.625 0.28828125 0.0046875 0.0109375
4 0.59921875 0.27734375 0.0046875 0.0109375
4 0.475 0.22109375 0.003125 0.009375
4 0.49375 0.22890625 0.003125 0.009375
4 0.515625 0.23828125 0.0046875 0.0109375
4 0.53203125 0.2453125 0.003125 0.009375
4 0.55234375 0.25625 0.0046875 0.0109375
4 0.5765625 0.26796875 0.003125 0.009375
0 0.52265625 0.23984375 0.0046875 0.009375
0 0.9609375 0.4609375 0.00625 0.0125