0 0.09140625 0.3828125 0.0078125 0.01796875
0 0.11953125 0.4359375 0.015625 0.034375
0 0.184375 0.4171875 0.0109375 0.0265625
0 0.1890625 0.37734375 0.00625 0.01953125
0 0.2625 0.39765625 0.00859375 0.0234375
0 0.27578125 0.37109375 0.00625 0.01640625
0 0.32578125 0.38671875 0.00859375 0.01953125
0 0.334375 0.36875 0.00703125 0.01640625
0 0.36875 0.37890625 0.0078125 0.01796875
0 0.3859375 0.371875 0.00625 0.01796875
0 0.88671875 0.396875 0.0171875 0.01640625
0 0.78671875 0.384375 0.0140625 0.015625
0 0.71484375 0.371875 0.0109375 0.01171875
0 0.671875 0.3640625 0.00859375 0.01015625
0 0.6328125 0.35625 0.00859375 0.009375
0 0.61328125 0.353125 0.0078125 0.00859375
4 0.54375 0.54921875 0.04609375 0.09375
4 0.09765625 0.3765625 0.00625 0.01640625
4 0.184375 0.36953125 0.00703125 0.015625
4 0.2484375 0.36640625 0.00703125 0.015625
4 0.3375 0.44609375 0.01796875 0.04140625
4 0.33046875 0.42421875 0.01328125 0.03125
4 0.34765625 0.409375 0.0109375 0.02578125
4 0.315625 0.36328125 0.00625 0.01484375
4 0.38203125 0.36171875 0.00625 0.015625
4 0.41796875 0.39296875 0.009375 0.0234375
4 0.43359375 0.3640625 0.00625 0.015625
4 0.47265625 0.3671875 0.00625 0.015625
4 0.47578125 0.38203125 0.0078125 0.01953125
4 0.5015625 0.371875 0.0078125 0.01875
1 0.4171875 0.46640625 0.03515625 0.09140625
1 0.38515625 0.45703125 0.03125 0.084375