0 0.44453125 0.8 0.11875 0.16875
0 0.2453125 0.47421875 0.0171875 0.0234375
0 0.4234375 0.5078125 0.0171875 0.025
0 0.61953125 0.54296875 0.015625 0.0234375
0 0.7875 0.590625 0.021875 0.0296875
0 0.85078125 0.59453125 0.0203125 0.0265625
0 0.8828125 0.6296875 0.03125 0.0390625
4 0.0765625 0.4515625 0.0234375 0.0296875
4 0.1640625 0.4859375 0.03125 0.0390625
4 0.30390625 0.47265625 0.0140625 0.01875
4 0.42421875 0.5703125 0.0375 0.053125
4 0.46171875 0.50625 0.0125 0.01875
4 0.65 0.55390625 0.01875 0.0265625
4 0.6984375 0.55859375 0.015625 0.0234375
4 0.8421875 0.6578125 0.0484375 0.059375
2 0.25703125 0.46484375 0.0140625 0.0203125
2 0.3640625 0.5046875 0.0203125 0.0265625
2 0.50546875 0.51484375 0.0140625 0.0203125
2 0.55078125 0.54296875 0.0203125 0.0296875
2 0.67578125 0.57890625 0.0234375 0.0328125
2 0.8359375 0.58359375 0.015625 0.021875