0 0.36875 0.496875 0.0359375 0.0828125
4 0.7671875 0.478125 0.0484375 0.1078125
4 0.39453125 0.40546875 0.015625 0.040625
4 0.49375 0.409375 0.0203125 0.05
0 0.2296875 0.44765625 0.0203125 0.04375
4 0.63046875 0.421875 0.028125 0.071875
4 0.76484375 0.34140625 0.0171875 0.040625
0 0.19609375 0.43125 0.0140625 0.0359375
4 0.3375 0.4015625 0.0140625 0.0359375
0 0.28515625 0.4609375 0.025 0.0578125
4 0.6625 0.3421875 0.0140625 0.034375
4 0.54609375 0.34296875 0.0109375 0.025
0 0.30078125 0.64921875 0.06875 0.153125
0 0.26328125 0.396875 0.0109375 0.025
4 0.4234375 0.340625 0.0046875 0.0140625
4 0.59609375 0.34140625 0.0109375 0.0296875
0 0.75390625 0.31796875 0.0109375 0.03125
4 0.459375 0.34296875 0.00625 0.0171875
4 0.3765625 0.36796875 0.009375 0.0234375
0 0.8640625 0.3140625 0.0140625 0.0375
4 0.30390625 0.3671875 0.00625 0.01875
4 0.321875 0.36875 0.0078125 0.0203125
4 0.509375 0.34296875 0.009375 0.021875
4 0.3703125 0.37578125 0.0109375 0.0265625
0 0.290625 0.38359375 0.0078125 0.0203125
4 0.3484375 0.36796875 0.00625 0.01875
4 0.3546875 0.38671875 0.0109375 0.028125
4 0.4421875 0.34296875 0.00625 0.015625
4 0.2984375 0.35625 0.0046875 0.0125
0 0.51484375 0.3296875 0.00625 0.0171875
0 0.61875 0.325 0.009375 0.0234375
4 0.3234375 0.3578125 0.00625 0.015625
0 0.26640625 0.38359375 0.0078125 0.0203125
4 0.4 0.340625 0.0046875 0.0125
0 0.4921875 0.3296875 0.00625 0.015625
0 0.24453125 0.3828125 0.00625 0.0171875
0 0.26640625 0.36796875 0.0046875 0.0140625
4 0.32890625 0.3546875 0.00625 0.0140625
4 0.48203125 0.34296875 0.0078125 0.01875
0 0.22109375 0.41328125 0.0125 0.0296875
0 0.68203125 0.3234375 0.0109375 0.025
0 0.23203125 0.3796875 0.00625 0.0171875
0 0.24609375 0.37578125 0.00625 0.015625
0 0.28046875 0.36328125 0.0046875 0.0140625
0 0.26796875 0.3640625 0.0046875 0.0140625
0 0.24375 0.36484375 0.0046875 0.0125
0 0.2484375 0.365625 0.0046875 0.0140625
0 0.25 0.3625 0.003125 0.0125
0 0.25078125 0.36015625 0.003125 0.0109375
0 0.26171875 0.35859375 0.0046875 0.0109375
4 0.28671875 0.3578125 0.0046875 0.0140625
4 0.2953125 0.3546875 0.0046875 0.0125
4 0.3 0.3515625 0.0046875 0.0109375
4 0.30390625 0.35234375 0.0046875 0.0125
4 0.315625 0.36328125 0.0046875 0.0140625
4 0.31328125 0.35625 0.003125 0.0109375
4 0.31171875 0.35 0.003125 0.009375
4 0.309375 0.346875 0.003125 0.009375
4 0.334375 0.34296875 0.0046875 0.0109375
4 0.35078125 0.340625 0.003125 0.009375
0 0.3421875 0.340625 0.0046875 0.0109375
4 0.3609375 0.3390625 0.0046875 0.0109375
4 0.36640625 0.33984375 0.0046875 0.0109375
4 0.3703125 0.3390625 0.003125 0.0109375
4 0.37578125 0.33984375 0.0046875 0.0125
4 0.38359375 0.340625 0.003125 0.0109375
4 0.390625 0.340625 0.0046875 0.0109375
0 0.378125 0.33359375 0.003125 0.009375
0 0.38671875 0.33359375 0.003125 0.009375
0 0.3921875 0.3328125 0.003125 0.009375
0 0.403125 0.3328125 0.0046875 0.0109375
0 0.396875 0.3328125 0.0046875 0.0109375
0 0.40859375 0.33203125 0.003125 0.009375
4 0.41015625 0.34140625 0.0046875 0.0109375
0 0.41796875 0.3328125 0.0046875 0.0109375
0 0.4296875 0.3328125 0.0046875 0.0125
0 0.43984375 0.33046875 0.0046875 0.0109375
0 0.4546875 0.33203125 0.0046875 0.0125
0 0.47109375 0.33046875 0.00625 0.015625
0 0.54140625 0.32890625 0.00625 0.01875
0 0.5765625 0.32734375 0.0078125 0.01875