0 0.36484375 0.2421875 0.0046875 0.021875
0 0.0796875 0.203125 0.00625 0.0234375
4 0.253125 0.2359375 0.00625 0.0265625
0 0.18515625 0.21640625 0.0046875 0.0203125
0 0.40234375 0.2453125 0.0046875 0.0203125
4 0.38671875 0.25390625 0.00625 0.025
4 0.471875 0.2625 0.0046875 0.0234375
4 0.53828125 0.24921875 0.003125 0.0140625
0 0.428125 0.246875 0.003125 0.01875
0 0.3265625 0.23671875 0.0046875 0.0203125
0 0.27578125 0.22890625 0.0046875 0.021875
4 0.50859375 0.26328125 0.003125 0.0203125
4 0.50234375 0.24921875 0.003125 0.015625
0 0.93671875 0.32265625 0.003125 0.0125
0 0.75078125 0.28828125 0.003125 0.0125
4 0.75546875 0.29375 0.003125 0.0140625
4 0.51953125 0.2609375 0.003125 0.01875
4 0.32109375 0.24609375 0.00625 0.0265625
4 0.84609375 0.3125 0.003125 0.0140625
4 0.72109375 0.2859375 0.003125 0.0140625
4 0.59921875 0.259375 0.0015625 0.0109375
0 0.465625 0.2359375 0.003125 0.0125
0 0.43515625 0.23828125 0.003125 0.0140625
0 0.903125 0.31875 0.003125 0.0140625
4 0.515625 0.25625 0.003125 0.015625
4 0.09296875 0.43046875 0.0421875 0.1203125
0 0.76953125 0.29296875 0.003125 0.0140625
4 0.63203125 0.26640625 0.0015625 0.0125
0 0.95390625 0.32578125 0.003125 0.0125
4 0.88359375 0.31953125 0.003125 0.0140625
4 0.07265625 0.2125 0.0078125 0.0265625
4 0.6640625 0.27109375 0.0015625 0.0125
0 0.82734375 0.3046875 0.003125 0.0140625
0 0.5890625 0.2546875 0.003125 0.0109375
4 0.6859375 0.2765625 0.003125 0.0125
4 0.165625 0.2234375 0.00625 0.0265625
4 0.5671875 0.25390625 0.003125 0.0125
4 0.41953125 0.69296875 0.065625 0.221875
0 0.88125 0.3140625 0.003125 0.0140625
0 0.853125 0.31015625 0.003125 0.0140625
4 0.92265625 0.3265625 0.003125 0.0140625
0 0.7265625 0.28359375 0.003125 0.0125
0 0.6828125 0.2734375 0.003125 0.0125
0 0.44140625 0.246875 0.003125 0.0171875
0 0.44296875 0.24453125 0.003125 0.0171875
0 0.44140625 0.2359375 0.003125 0.0140625
4 0.50390625 0.246875 0.003125 0.015625
0 0.50390625 0.2421875 0.0015625 0.0125
4 0.5171875 0.2484375 0.003125 0.0140625
0 0.54375 0.246875 0.0015625 0.0109375
0 0.6359375 0.26328125 0.0015625 0.0109375
4 0.8015625 0.303125 0.003125 0.0140625
0 0.7984375 0.29921875 0.003125 0.0140625
0 0.921875 0.32109375 0.003125 0.0109375