0 0.634375 0.38671875 0.01875 0.0453125
4 0.9390625 0.63828125 0.096875 0.2046875
4 0.66171875 0.41953125 0.025 0.059375
4 0.36953125 0.6140625 0.0546875 0.1328125
4 0.40234375 0.41953125 0.0171875 0.0390625
0 0.75 0.38359375 0.0203125 0.05
0 0.41171875 0.3953125 0.0140625 0.034375
2 0.04921875 0.4984375 0.021875 0.0515625
4 0.31640625 0.41875 0.0125 0.0328125
4 0.09453125 0.45078125 0.0125 0.0296875
4 0.93984375 0.42890625 0.025 0.084375
0 0.159375 0.42734375 0.0109375 0.0265625
4 0.2375 0.42578125 0.0125 0.03125
4 0.50703125 0.4234375 0.021875 0.05
0 0.29296875 0.40703125 0.0125 0.03125
0 0.5265625 0.39296875 0.0171875 0.04375