0 0.7640625 0.33359375 0.01875 0.0609375
0 0.82421875 0.253125 0.009375 0.03125
0 0.70546875 0.23984375 0.0078125 0.025
0 0.92890625 0.28984375 0.015625 0.05
0 0.89375 0.2640625 0.0109375 0.0375
0 0.48671875 0.5109375 0.0390625 0.13125
0 0.76953125 0.24453125 0.0078125 0.028125
4 0.84453125 0.23046875 0.0078125 0.025
0 0.6234375 0.23828125 0.00625 0.0234375
4 0.95703125 0.24140625 0.0078125 0.03125
4 0.64765625 0.22734375 0.0046875 0.0203125
0 0.4546875 0.24609375 0.0046875 0.0203125
4 0.64375 0.2171875 0.003125 0.0125
0 0.6515625 0.3859375 0.025 0.08125
4 0.80078125 0.2125 0.003125 0.0140625
4 0.49453125 0.23515625 0.0046875 0.0171875
4 0.5953125 0.22109375 0.003125 0.0125
4 0.94765625 0.21484375 0.0046875 0.0171875
0 0.82734375 0.20625 0.003125 0.0125
0 0.7921875 0.2078125 0.003125 0.0109375
4 0.859375 0.2109375 0.0046875 0.0140625
0 0.53671875 0.240625 0.0046875 0.0203125
4 0.5671875 0.23125 0.0046875 0.01875
4 0.5484375 0.22421875 0.003125 0.0140625
0 0.75859375 0.2078125 0.003125 0.0125
4 0.90234375 0.2125 0.0046875 0.0140625
4 0.7421875 0.2140625 0.003125 0.0109375
0 0.38125 0.2375 0.003125 0.0140625
0 0.39921875 0.23125 0.003125 0.0140625
4 0.6890625 0.2140625 0.003125 0.0125
4 0.4640625 0.22734375 0.003125 0.0140625
4 0.509375 0.22578125 0.003125 0.0125
4 0.74296875 0.22890625 0.00625 0.0203125
0 0.46796875 0.22578125 0.003125 0.0109375
0 0.7046875 0.21015625 0.003125 0.0109375
0 0.396875 0.246875 0.003125 0.0171875
0 0.378125 0.24296875 0.003125 0.015625
0 0.96015625 0.2046875 0.003125 0.015625
4 0.478125 0.22734375 0.003125 0.0140625
0 0.87734375 0.20546875 0.003125 0.0140625
4 0.46640625 0.2328125 0.003125 0.0140625