0 0.6328125 0.4953125 0.0609375 0.1390625
0 0.84921875 0.40546875 0.0359375 0.0828125
0 0.97578125 0.37578125 0.01875 0.059375
0 0.02890625 0.68671875 0.0578125 0.1640625
0 0.72421875 0.19140625 0.0046875 0.0109375
0 0.76484375 0.2 0.00625 0.0140625
0 0.696875 0.1859375 0.003125 0.0078125
0 0.88984375 0.22109375 0.00625 0.0125
0 0.815625 0.209375 0.00625 0.0140625
0 0.6828125 0.1828125 0.003125 0.009375
0 0.9546875 0.23125 0.00625 0.009375
0 0.684375 0.18359375 0.003125 0.009375
0 0.69921875 0.1859375 0.003125 0.0078125