0 0.15859375 0.50859375 0.0421875 0.0828125
0 0.3109375 0.43671875 0.0234375 0.0453125
0 0.4171875 0.40625 0.015625 0.0328125
0 0.57890625 0.3828125 0.0109375 0.021875
0 0.51640625 0.3921875 0.0125 0.025
0 0.80625 0.3703125 0.00625 0.0109375
0 0.8859375 0.37734375 0.00625 0.0109375
0 0.6390625 0.37109375 0.00625 0.0171875
0 0.6234375 0.37578125 0.0078125 0.01875
0 0.609375 0.36640625 0.00625 0.0140625
0 0.63359375 0.3703125 0.00625 0.0171875
0 0.58515625 0.36328125 0.00625 0.0140625
0 0.5296875 0.35703125 0.0046875 0.0125
0 0.4890625 0.353125 0.0046875 0.0109375
0 0.4359375 0.346875 0.0046875 0.0140625
0 0.38515625 0.34375 0.0046875 0.0125
0 0.715625 0.36171875 0.00625 0.009375
4 0.6546875 0.4296875 0.01875 0.0375
4 0.7625 0.38828125 0.009375 0.01875
4 0.74453125 0.3984375 0.0125 0.0234375
4 0.675 0.4703125 0.0265625 0.05625
4 0.75859375 0.57890625 0.059375 0.103125
4 0.6765625 0.40546875 0.0140625 0.03125
4 0.73359375 0.37734375 0.0078125 0.0140625
4 0.7609375 0.38203125 0.0078125 0.01875
4 0.68046875 0.36875 0.00625 0.015625
4 0.62734375 0.36171875 0.0046875 0.0140625
4 0.56953125 0.3546875 0.0046875 0.0109375
4 0.51484375 0.35 0.00625 0.0125
4 0.44296875 0.34453125 0.0046875 0.0109375
2 0.47578125 0.3546875 0.0125 0.015625
2 0.78828125 0.43203125 0.0234375 0.034375
2 0.84296875 0.3890625 0.0125 0.0171875
2 0.8546875 0.3875 0.0140625 0.0171875
2 0.17265625 0.34609375 0.021875 0.0203125