0 0.4890625 0.27890625 0.009375 0.025
0 0.67265625 0.30078125 0.0109375 0.028125
0 0.75703125 0.3078125 0.0109375 0.03125
0 0.84296875 0.3140625 0.0125 0.0359375
0 0.40234375 0.2703125 0.0078125 0.021875
4 0.61328125 0.3046875 0.0125 0.0359375
4 0.71484375 0.3140625 0.0140625 0.0390625
4 0.1109375 0.26484375 0.009375 0.025
4 0.31796875 0.4984375 0.0515625 0.1328125
0 0.58203125 0.2890625 0.009375 0.028125
0 0.1515625 0.265625 0.0078125 0.025
4 0.2125 0.26796875 0.009375 0.0265625
4 0.38515625 0.2796875 0.009375 0.0296875
0 0.31328125 0.26328125 0.0078125 0.0203125
4 0.83359375 0.32578125 0.0171875 0.04375
4 0.45859375 0.28828125 0.0109375 0.03125
0 0.040625 0.26640625 0.0078125 0.021875
0 0.2375 0.26484375 0.0078125 0.0203125
4 0.5296875 0.2953125 0.0109375 0.034375
4 0.2953125 0.27265625 0.0109375 0.028125
1 0.928125 0.325 0.021875 0.071875