4 0.26796875 0.40625 0.0328125 0.096875
4 0.19140625 0.3078125 0.0171875 0.0578125
4 0.159375 0.265625 0.0125 0.0421875
4 0.1265625 0.21640625 0.0078125 0.0234375
4 0.13203125 0.22578125 0.0078125 0.025
4 0.1203125 0.20859375 0.00625 0.0203125
4 0.11484375 0.20234375 0.0046875 0.015625
4 0.14296875 0.240625 0.009375 0.03125
4 0.35390625 0.24453125 0.00625 0.025
4 0.1125 0.19609375 0.0046875 0.015625
4 0.59375 0.78984375 0.040625 0.1328125
4 0.109375 0.1890625 0.0046875 0.0140625
4 0.34765625 0.246875 0.0078125 0.025