0 0.31640625 0.26328125 0.0234375 0.0546875
2 0.62421875 0.37734375 0.0265625 0.059375
0 0.3046875 0.20390625 0.0125 0.03125
2 0.76328125 0.48125 0.0390625 0.0859375
2 0.4078125 0.334375 0.03125 0.071875
4 0.15234375 0.21015625 0.025 0.0546875
4 0.20390625 0.19921875 0.01875 0.0421875
4 0.19375 0.1796875 0.015625 0.034375
0 0.15078125 0.278125 0.0390625 0.0828125
0 0.340625 0.23359375 0.015625 0.0375
2 0.47734375 0.45234375 0.0515625 0.1171875
4 0.15 0.15859375 0.0140625 0.0328125
0 0.1453125 0.14296875 0.0109375 0.028125
0 0.23515625 0.17421875 0.0109375 0.0265625