0 0.2109375 0.54921875 0.0359375 0.1078125
4 0.8296875 0.6890625 0.0703125 0.1921875
0 0.275 0.45234375 0.0203125 0.0625
4 0.8234375 0.46171875 0.028125 0.071875
0 0.328125 0.41171875 0.0125 0.0421875
4 0.78515625 0.39140625 0.0140625 0.0375
0 0.56328125 0.3640625 0.0078125 0.028125
0 0.8203125 0.36328125 0.0078125 0.0265625
4 0.57734375 0.38046875 0.0109375 0.0328125
4 0.89375 0.37421875 0.0109375 0.0328125
4 0.778125 0.36875 0.009375 0.028125
0 0.6296875 0.359375 0.0078125 0.0234375
4 0.515625 0.41640625 0.015625 0.0453125
4 0.846875 0.38359375 0.0140625 0.0359375
4 0.73828125 0.42578125 0.01875 0.059375
0 0.48671875 0.3734375 0.009375 0.0296875
2 0.08515625 0.3734375 0.009375 0.0265625
4 0.63671875 0.37265625 0.009375 0.03125
4 0.525 0.39375 0.0125 0.0359375
2 0.209375 0.35703125 0.0078125 0.0203125
0 0.71640625 0.35859375 0.0078125 0.0234375
2 0.14453125 0.3640625 0.0078125 0.025
4 0.74296875 0.409375 0.009375 0.0453125
4 0.6875 0.36796875 0.009375 0.028125
0 0.40390625 0.3875 0.0109375 0.03125
4 0.50625 0.45 0.0203125 0.0671875
4 0.57578125 0.51953125 0.034375 0.0953125
4 0.9390625 0.3828125 0.0125 0.0375