0 0.8390625 0.2296875 0.00859375 0.0359375
0 0.88203125 0.23984375 0.0109375 0.03984375
0 0.71484375 0.21484375 0.00546875 0.02578125
0 0.84296875 0.4296875 0.04140625 0.125
4 0.90078125 0.21328125 0.0078125 0.03046875
0 0.7921875 0.2234375 0.00703125 0.03125
0 0.75625 0.2203125 0.0078125 0.0296875
0 0.65859375 0.209375 0.00546875 0.02265625
4 0.8546875 0.209375 0.00703125 0.02734375
0 0.77890625 0.18359375 0.003125 0.01328125
0 0.67265625 0.1921875 0.003125 0.01640625
4 0.74296875 0.20078125 0.0046875 0.021875
4 0.8015625 0.18671875 0.00390625 0.01640625
0 0.9359375 0.253125 0.0140625 0.04765625
0 0.63203125 0.203125 0.0046875 0.01953125
4 0.80546875 0.20546875 0.00546875 0.02421875
4 0.73203125 0.1921875 0.003125 0.0171875
0 0.84765625 0.18046875 0.003125 0.01484375
4 0.91015625 0.18359375 0.00390625 0.0171875
0 0.640625 0.19765625 0.00390625 0.01640625
0 0.92109375 0.17890625 0.00390625 0.01640625
0 0.3640625 0.70546875 0.065625 0.2390625
4 0.8421875 0.18515625 0.003125 0.0171875
4 0.71796875 0.1953125 0.003125 0.0171875
4 0.72109375 0.19765625 0.00390625 0.01953125
4 0.76171875 0.1890625 0.003125 0.0171875
0 0.71875 0.18671875 0.003125 0.01328125