0 0.21640625 0.3671875 0.01953125 0.0796875
0 0.7296875 0.32265625 0.00546875 0.02734375
0 0.765625 0.40625 0.01484375 0.0609375
2 0.29375 0.48984375 0.0359375 0.13046875
4 0.3078125 0.321875 0.0125 0.0546875
4 0.26484375 0.24921875 0.00546875 0.02734375
4 0.19296875 0.2921875 0.0125 0.05
4 0.61171875 0.35234375 0.0109375 0.04921875
0 0.79296875 0.3484375 0.0078125 0.03359375
4 0.67109375 0.34375 0.009375 0.0390625
0 0.303125 0.24375 0.0046875 0.0203125
0 0.821875 0.37890625 0.0109375 0.04453125
4 0.47421875 0.27109375 0.00390625 0.02265625
4 0.5984375 0.296875 0.0046875 0.02578125
0 0.4875 0.2671875 0.003125 0.01953125
4 0.47578125 0.34765625 0.01328125 0.05546875
4 0.33046875 0.25234375 0.00546875 0.025
0 0.2140625 0.23828125 0.00546875 0.02421875
4 0.16484375 0.25625 0.00546875 0.0359375
4 0.67734375 0.32890625 0.00625 0.03359375
4 0.15078125 0.2703125 0.00703125 0.04140625
0 0.39609375 0.25390625 0.0046875 0.0203125
0 0.57421875 0.28203125 0.00390625 0.0203125
2 0.12109375 0.21953125 0.0046875 0.021875
0 0.6546875 0.30078125 0.0046875 0.02265625
2 0.0703125 0.2015625 0.003125 0.01640625
2 0.11171875 0.20546875 0.003125 0.01484375
4 0.64765625 0.3125 0.00546875 0.0296875
4 0.540625 0.2828125 0.0046875 0.025
4 0.20625 0.24921875 0.00703125 0.0296875
0 0.53046875 0.41171875 0.01953125 0.0796875
0 0.13203125 0.2359375 0.00625 0.028125
2 0.09296875 0.20390625 0.003125 0.01640625
4 0.40234375 0.2609375 0.0046875 0.02421875
1 0.15859375 0.2625 0.0125 0.06875
2 0.128125 0.2296875 0.0046875 0.025
2 0.11640625 0.21171875 0.003125 0.0171875
1 0.15 0.2546875 0.009375 0.06171875