4 0.7640625 0.58671875 0.0390625 0.0859375
0 0.44921875 0.53359375 0.0453125 0.1
4 0.65546875 0.496875 0.0265625 0.0578125
0 0.4296875 0.4046875 0.01875 0.0453125
4 0.71796875 0.4359375 0.0078125 0.0203125
4 0.690625 0.453125 0.0140625 0.0328125
0 0.5171875 0.38046875 0.009375 0.025
4 0.8203125 0.525 0.0203125 0.0484375
4 0.78984375 0.46171875 0.009375 0.0234375
0 0.41015625 0.375 0.0140625 0.034375
4 0.678125 0.4390625 0.0109375 0.028125
4 0.77421875 0.446875 0.009375 0.021875
4 0.73359375 0.4484375 0.009375 0.0234375
0 0.5671875 0.3859375 0.009375 0.021875
0 0.9234375 0.53671875 0.01875 0.0421875
0 0.4515625 0.37578125 0.0109375 0.028125
0 0.953125 0.5125 0.0109375 0.025
4 0.65390625 0.42109375 0.009375 0.0234375
0 0.46484375 0.45390625 0.028125 0.0640625
4 0.56796875 0.415625 0.0125 0.03125
0 0.63828125 0.403125 0.0078125 0.01875
4 0.553125 0.4234375 0.015625 0.0359375
4 0.8953125 0.4859375 0.00625 0.0203125
4 0.596875 0.41484375 0.009375 0.025
0 0.70390625 0.41953125 0.0078125 0.01875
4 0.7359375 0.48125 0.0171875 0.040625
0 0.83125 0.496875 0.0125 0.0359375
0 0.88984375 0.4984375 0.0109375 0.025
0 0.74375 0.42734375 0.0078125 0.01875
4 0.603125 0.4578125 0.0203125 0.046875
0 0.8109375 0.48046875 0.0125 0.03125