1 0.24375 0.38046875 0.025 0.134375
4 0.20234375 0.34609375 0.0171875 0.0625
0 0.8578125 0.41171875 0.009375 0.0296875
0 0.7890625 0.3828125 0.00625 0.021875
0 0.8015625 0.38984375 0.0078125 0.0265625
4 0.25546875 0.42265625 0.028125 0.0921875
4 0.7265625 0.38046875 0.009375 0.03125
0 0.09765625 0.196875 0.0046875 0.0171875
0 0.0609375 0.2109375 0.0046875 0.0234375
0 0.446875 0.2703125 0.003125 0.0140625
0 0.74921875 0.36328125 0.0046875 0.0203125
4 0.35078125 0.53515625 0.04375 0.1390625
4 0.45546875 0.278125 0.0046875 0.0171875
4 0.15546875 0.253125 0.0078125 0.03125
4 0.17734375 0.303125 0.0140625 0.046875
0 0.3609375 0.24765625 0.003125 0.0140625
4 0.6796875 0.346875 0.00625 0.0203125
0 0.3203125 0.23828125 0.003125 0.0140625
0 0.11484375 0.1984375 0.0046875 0.015625
4 0.8171875 0.41953125 0.0109375 0.0390625
4 0.209375 0.21953125 0.003125 0.0171875
4 0.16171875 0.275 0.0109375 0.0390625
4 0.16484375 0.21640625 0.003125 0.0171875
4 0.271875 0.23125 0.003125 0.015625
0 0.07109375 0.2046875 0.00625 0.021875
0 0.15625 0.20390625 0.0046875 0.015625
0 0.63828125 0.3234375 0.0046875 0.0171875
4 0.64140625 0.33125 0.0046875 0.01875
4 0.52109375 0.2953125 0.0046875 0.0171875
0 0.69765625 0.34375 0.0046875 0.01875
0 0.078125 0.196875 0.00625 0.0171875
4 0.334375 0.24453125 0.003125 0.015625
0 0.8828125 0.34609375 0.003125 0.0140625
0 0.496875 0.284375 0.003125 0.0140625
0 0.54296875 0.2984375 0.003125 0.015625
0 0.59296875 0.3109375 0.003125 0.0171875
0 0.2796875 0.2296875 0.003125 0.0140625
4 0.39765625 0.26171875 0.003125 0.0171875
4 0.6921875 0.35859375 0.0078125 0.025
0 0.40546875 0.259375 0.003125 0.0140625
4 0.5828125 0.31328125 0.0046875 0.0203125
4 0.1484375 0.2296875 0.0046875 0.0203125
4 0.15078125 0.23828125 0.0078125 0.025
0 0.8796875 0.33828125 0.003125 0.0109375
0 0.9234375 0.35859375 0.003125 0.015625
4 0.67265625 0.796875 0.0328125 0.115625
1 0.28203125 0.4140625 0.040625 0.159375