0 0.815625 0.4484375 0.0265625 0.0703125
0 0.684375 0.51328125 0.0421875 0.096875
0 0.471875 0.64296875 0.0671875 0.1546875
0 0.83515625 0.3734375 0.0140625 0.0328125
0 0.5703125 0.43359375 0.0234375 0.0546875
0 0.7796875 0.39921875 0.0171875 0.0453125
4 0.66796875 0.3921875 0.0171875 0.0375
0 0.82421875 0.36015625 0.0109375 0.028125
0 0.8328125 0.34765625 0.0078125 0.0234375
0 0.76484375 0.3546875 0.0078125 0.0203125
0 0.33046875 0.440625 0.0203125 0.0515625
4 0.74921875 0.3390625 0.00625 0.0140625
0 0.68515625 0.35390625 0.0078125 0.01875
4 0.296875 0.40390625 0.009375 0.025
4 0.665625 0.3484375 0.00625 0.0140625
4 0.621875 0.3578125 0.0078125 0.0171875
4 0.72421875 0.37265625 0.0125 0.0328125
0 0.20390625 0.43125 0.0171875 0.0421875
0 0.18515625 0.42109375 0.0140625 0.03125
4 0.6578125 0.353125 0.0078125 0.0171875
0 0.30703125 0.39921875 0.009375 0.0203125
0 0.909375 0.35 0.0125 0.0265625
4 0.4125 0.38671875 0.0078125 0.0203125
4 0.49296875 0.41328125 0.0171875 0.0421875
4 0.55546875 0.36484375 0.00625 0.015625
0 0.4765625 0.37578125 0.0046875 0.0140625
4 0.3421875 0.39609375 0.009375 0.0234375
2 0.50234375 0.3828125 0.0109375 0.0265625
4 0.8171875 0.33828125 0.00625 0.0171875
4 0.69375 0.36171875 0.009375 0.0234375
0 0.90234375 0.415625 0.0234375 0.0546875
0 0.22890625 0.41015625 0.009375 0.021875
4 0.61328125 0.3609375 0.00625 0.0171875
4 0.9 0.3328125 0.0078125 0.0171875
0 0.39765625 0.38828125 0.00625 0.0140625
4 0.6375 0.36171875 0.009375 0.021875
4 0.4640625 0.37890625 0.0078125 0.0171875
0 0.79140625 0.34453125 0.0078125 0.0203125
0 0.43828125 0.3796875 0.00625 0.015625
0 0.76171875 0.34375 0.00625 0.0171875
0 0.75625 0.33671875 0.0046875 0.0140625
4 0.2890625 0.4109375 0.0140625 0.0328125
4 0.809375 0.33359375 0.00625 0.0140625
0 0.7 0.35 0.00625 0.015625
4 0.7875 0.334375 0.00625 0.015625
4 0.8671875 0.33984375 0.009375 0.021875
0 0.8828125 0.32890625 0.00625 0.0140625
4 0.50625 0.3734375 0.00625 0.0171875
4 0.3609375 0.41640625 0.015625 0.0390625