4 0.56953125 0.3859375 0.0171875 0.0609375
4 0.53828125 0.4171875 0.0203125 0.0765625
0 0.5 0.32421875 0.009375 0.0390625
0 0.37265625 0.33046875 0.0140625 0.046875
4 0.8171875 0.34375 0.0078125 0.028125
0 0.22890625 0.359375 0.01875 0.065625
4 0.51640625 0.546875 0.040625 0.134375
4 0.7390625 0.36484375 0.009375 0.040625
0 0.6640625 0.33046875 0.0078125 0.03125
4 0.79609375 0.3640625 0.009375 0.0359375
4 0.82578125 0.35859375 0.0078125 0.0328125
4 0.7875 0.33125 0.00625 0.025
0 0.6109375 0.32734375 0.0078125 0.03125
4 0.74296875 0.31796875 0.0046875 0.0203125
0 0.8359375 0.3109375 0.003125 0.0140625
4 0.6515625 0.36875 0.0140625 0.0484375
4 0.8671875 0.31875 0.003125 0.0140625
0 0.85703125 0.3140625 0.003125 0.0125
0 0.89140625 0.31796875 0.003125 0.0125
0 0.6671875 0.309375 0.0046875 0.0234375
0 0.809375 0.3078125 0.003125 0.0140625
0 0.634375 0.3015625 0.0046875 0.021875
0 0.9375 0.31953125 0.003125 0.0109375
4 0.92734375 0.32734375 0.0046875 0.0140625
0 0.75625 0.29765625 0.003125 0.0125
0 0.7046875 0.2890625 0.003125 0.0125
4 0.63203125 0.29296875 0.0046875 0.0171875
4 0.9015625 0.32421875 0.003125 0.0140625
0 0.5734375 0.2875 0.0046875 0.0203125
4 0.71171875 0.29296875 0.003125 0.0140625
0 0.90859375 0.31953125 0.003125 0.0109375
0 0.65546875 0.28203125 0.003125 0.0125
4 0.59921875 0.2828125 0.0046875 0.0140625
0 0.5453125 0.27109375 0.003125 0.0140625
0 0.53515625 0.2765625 0.0046875 0.0171875
0 0.9125 0.31875 0.003125 0.0109375
0 0.875 0.31640625 0.003125 0.0140625
0 0.52734375 0.271875 0.0046875 0.015625
4 0.82890625 0.31328125 0.003125 0.0140625
4 0.67734375 0.2875 0.003125 0.0140625
4 0.646875 0.284375 0.003125 0.0140625
4 0.69140625 0.30546875 0.003125 0.01875
4 0.62109375 0.28203125 0.003125 0.0140625
0 0.91640625 0.31875 0.003125 0.0109375
4 0.7390625 0.29765625 0.003125 0.0140625
4 0.7890625 0.30703125 0.003125 0.0125
0 0.5734375 0.27265625 0.003125 0.0140625
0 0.921875 0.31796875 0.003125 0.0109375
0 0.61171875 0.27578125 0.003125 0.0125
0 0.6875 0.3171875 0.0046875 0.021875
0 0.69453125 0.32265625 0.00625 0.025
0 0.6890625 0.328125 0.0078125 0.028125
4 0.603125 0.28125 0.0046875 0.015625
4 0.6078125 0.28671875 0.0046875 0.0171875
0 0.78671875 0.303125 0.0015625 0.0125