0 0.65625 0.340625 0.0078125 0.0234375
4 0.33828125 0.53984375 0.0640625 0.1546875
4 0.67265625 0.36328125 0.0109375 0.028125
0 0.59921875 0.32109375 0.0078125 0.021875
0 0.171875 0.20625 0.00625 0.0203125
4 0.21640625 0.22734375 0.0078125 0.021875
4 0.115625 0.20078125 0.009375 0.025
4 0.8921875 0.4515625 0.015625 0.0390625
4 0.56171875 0.3234375 0.0078125 0.025
4 0.3953125 0.2703125 0.0078125 0.0203125
0 0.5109375 0.29140625 0.00625 0.01875
0 0.3515625 0.246875 0.00625 0.01875
0 0.26875 0.22890625 0.00625 0.0203125
4 0.790625 0.40625 0.0125 0.0328125
0 0.8109375 0.39453125 0.0109375 0.0265625
4 0.47265625 0.2921875 0.0078125 0.021875
0 0.71953125 0.3625 0.009375 0.025
0 0.44296875 0.2671875 0.00625 0.01875
4 0.309375 0.25 0.0078125 0.021875
2 0.178125 0.15703125 0.003125 0.009375
1 0.20234375 0.16796875 0.0046875 0.0171875
1 0.21015625 0.16953125 0.00625 0.0203125