4 0.05859375 0.46484375 0.0421875 0.09375
2 0.484375 0.23125 0.009375 0.028125
2 0.57890625 0.215625 0.009375 0.028125
2 0.42109375 0.3078125 0.0203125 0.059375
2 0.309375 0.43671875 0.0390625 0.1015625
0 0.70234375 0.56171875 0.075 0.2015625
2 0.64375 0.39375 0.0375 0.1125
2 0.4625 0.25703125 0.0125 0.0359375
2 0.58671875 0.23671875 0.0125 0.0375
2 0.55 0.2203125 0.009375 0.028125
2 0.5171875 0.2265625 0.009375 0.028125
2 0.60234375 0.278125 0.01875 0.059375
4 0.17734375 0.5984375 0.0578125 0.1703125