0 0.7328125 0.33828125 0.0140625 0.0359375
0 0.1109375 0.48125 0.0515625 0.1171875
0 0.45859375 0.3421875 0.015625 0.0453125
0 0.8890625 0.35 0.0140625 0.0359375
4 0.8015625 0.36328125 0.0171875 0.04375
0 0.59375 0.334375 0.0125 0.0375
0 0.31171875 0.37578125 0.0234375 0.0640625
4 0.59140625 0.37421875 0.021875 0.05625
4 0.6890625 0.36171875 0.01875 0.0484375
4 0.475 0.5078125 0.04375 0.11875
4 0.5109375 0.41015625 0.0296875 0.075
3 0.86484375 0.3203125 0.0078125 0.021875
3 0.92265625 0.31640625 0.00625 0.0171875
3 0.78828125 0.31953125 0.0078125 0.021875
3 0.70703125 0.30703125 0.00625 0.01875
3 0.7828125 0.30546875 0.00625 0.0171875
3 0.85390625 0.30546875 0.0046875 0.015625
3 0.88359375 0.3 0.0046875 0.0140625
3 0.90703125 0.3046875 0.0046875 0.0140625