0 0.4484375 0.53828125 0.03203125 0.11328125
0 0.8703125 0.38984375 0.0125 0.04375
0 0.6796875 0.4578125 0.021875 0.07421875
0 0.79609375 0.41484375 0.0140625 0.0546875
4 0.878125 0.346875 0.00625 0.02578125
0 0.86171875 0.3578125 0.00625 0.02734375
4 0.7359375 0.3328125 0.00390625 0.0171875
4 0.934375 0.334375 0.00546875 0.02265625
0 0.74375 0.34296875 0.0046875 0.02265625
4 0.76015625 0.33671875 0.00546875 0.021875
0 0.8953125 0.371875 0.009375 0.03515625
4 0.81484375 0.3421875 0.00390625 0.02265625
4 0.8015625 0.32421875 0.00390625 0.01640625
4 0.884375 0.33125 0.003125 0.01640625
4 0.72890625 0.3296875 0.003125 0.01484375
4 0.77421875 0.3234375 0.00234375 0.0140625
4 0.840625 0.32734375 0.003125 0.01640625
0 0.93984375 0.32890625 0.00390625 0.0203125
4 0.76484375 0.32265625 0.003125 0.0140625
0 0.67109375 0.33203125 0.00390625 0.01640625
0 0.6984375 0.33828125 0.00546875 0.0203125
0 0.8171875 0.35078125 0.00546875 0.02421875
0 0.675 0.3359375 0.0046875 0.0171875
4 0.78671875 0.31875 0.00390625 0.01484375
3 0.40859375 0.3671875 0.00859375 0.04140625
3 0.48125 0.3515625 0.00625 0.02734375
0 0.88203125 0.325 0.003125 0.01484375
0 0.83046875 0.3171875 0.003125 0.01328125
0 0.8375 0.3234375 0.003125 0.01640625
0 0.84765625 0.315625 0.003125 0.0140625
0 0.8125 0.32109375 0.003125 0.01640625
0 0.8078125 0.31875 0.003125 0.01875
4 0.80625 0.31640625 0.00234375 0.01328125
4 0.81640625 0.31328125 0.003125 0.0140625
0 0.8609375 0.3140625 0.003125 0.01328125
0 0.85234375 0.31328125 0.00234375 0.01328125
4 0.77109375 0.31953125 0.00234375 0.01328125
4 0.7609375 0.32109375 0.00234375 0.01171875
4 0.72734375 0.3265625 0.00234375 0.0140625
4 0.72421875 0.32421875 0.00234375 0.01328125
0 0.67578125 0.32578125 0.00234375 0.01640625
0 0.6984375 0.31328125 0.00234375 0.0109375
4 0.95 0.3578125 0.003125 0.025
0 0.67265625 0.32890625 0.00234375 0.0140625
4 0.93828125 0.63515625 0.02578125 0.16015625