0 0.20234375 0.49375 0.0203125 0.078125
0 0.315625 0.5796875 0.03671875 0.12421875
4 0.59296875 0.42890625 0.00859375 0.0359375
0 0.76328125 0.4234375 0.00859375 0.03125
4 0.4828125 0.42265625 0.0078125 0.03515625
4 0.840625 0.47578125 0.01796875 0.05859375
4 0.8015625 0.4484375 0.0109375 0.0421875
4 0.6921875 0.43828125 0.0109375 0.04140625
0 0.89453125 0.434375 0.01015625 0.0359375
4 0.28515625 0.44765625 0.01328125 0.05
0 0.10390625 0.4078125 0.0078125 0.0328125
0 0.3765625 0.4078125 0.00625 0.028125
0 0.50546875 0.4109375 0.00703125 0.02578125
4 0.3609375 0.4203125 0.00859375 0.03515625
0 0.6359375 0.415625 0.00703125 0.0296875
4 0.234375 0.4203125 0.00859375 0.0359375
4 0.57265625 0.49375 0.02109375 0.071875
2 0.490625 0.3828125 0.00390625 0.01640625
2 0.34765625 0.37890625 0.00390625 0.01640625
2 0.6234375 0.3859375 0.00390625 0.01484375
4 0.0890625 0.421875 0.01171875 0.0390625
2 0.29921875 0.3765625 0.00390625 0.01640625
2 0.17109375 0.375 0.00390625 0.0171875
2 0.42421875 0.3828125 0.00390625 0.01484375
4 0.72890625 0.6078125 0.0375 0.12578125
2 0.26640625 0.37734375 0.00390625 0.01484375
0 0.24921875 0.4078125 0.00703125 0.02734375
2 0.5515625 0.3828125 0.003125 0.01640625
4 0.10859375 0.44765625 0.015625 0.0546875
2 0.22578125 0.3765625 0.0046875 0.01875
4 0.428125 0.46015625 0.015625 0.05546875