0 0.171875 0.33984375 0.0125 0.021875
0 0.10078125 0.340625 0.0140625 0.025
0 0.115625 0.31640625 0.0109375 0.0203125
0 0.21953125 0.3390625 0.0109375 0.021875
0 0.1828125 0.32265625 0.0078125 0.01875
0 0.23828125 0.33359375 0.009375 0.01875
0 0.79296875 0.44609375 0.01875 0.021875
0 0.684375 0.41953125 0.0140625 0.015625
0 0.609375 0.396875 0.0125 0.0140625
0 0.55390625 0.37890625 0.0125 0.0125
0 0.51796875 0.36640625 0.009375 0.009375
4 0.37421875 0.48984375 0.046875 0.078125
4 0.18984375 0.396875 0.0234375 0.0421875
4 0.1796875 0.3765625 0.0203125 0.0359375
4 0.1953125 0.3640625 0.0171875 0.03125
4 0.16015625 0.31328125 0.0109375 0.01875
4 0.26953125 0.3609375 0.0140625 0.0234375
4 0.23359375 0.32265625 0.0109375 0.0171875
4 0.28828125 0.33359375 0.009375 0.0171875
4 0.35703125 0.35 0.0109375 0.01875
4 0.33046875 0.3578125 0.0109375 0.0203125
4 0.3296875 0.3421875 0.009375 0.0171875
1 0.27109375 0.4203125 0.0453125 0.0859375
1 0.23984375 0.4109375 0.04375 0.084375