0 0.425 0.51875 0.028125 0.0984375
0 0.465625 0.446875 0.015625 0.0609375
0 0.54453125 0.42578125 0.0125 0.046875
4 0.6734375 0.43203125 0.0109375 0.0421875
4 0.75078125 0.53046875 0.0234375 0.08125
4 0.70390625 0.471875 0.015625 0.05625
4 0.57265625 0.38203125 0.00625 0.025
4 0.7046875 0.403125 0.0078125 0.025
0 0.88984375 0.4375 0.009375 0.03125
0 0.4859375 0.39453125 0.0078125 0.0359375
4 0.89765625 0.4609375 0.0109375 0.0421875
4 0.79375 0.4359375 0.009375 0.0359375
0 0.87421875 0.4234375 0.0078125 0.025
2 0.13125 0.3109375 0.0046875 0.0203125
4 0.6171875 0.3765625 0.0046875 0.0203125
4 0.65234375 0.378125 0.00625 0.0203125
4 0.73515625 0.41640625 0.0078125 0.028125
2 0.1734375 0.3140625 0.003125 0.01875
2 0.09453125 0.31171875 0.00625 0.021875
4 0.5859375 0.37734375 0.003125 0.0203125
0 0.55546875 0.3640625 0.003125 0.01875
0 0.60625 0.36796875 0.003125 0.0171875
0 0.47109375 0.3765625 0.0078125 0.028125
4 0.89765625 0.421875 0.00625 0.0203125
4 0.5828125 0.39296875 0.00625 0.025
0 0.7125 0.38125 0.0046875 0.0171875
4 0.9484375 0.4328125 0.00625 0.025
4 0.8609375 0.415625 0.0046875 0.0203125
4 0.72578125 0.39765625 0.0046875 0.021875
4 0.615625 0.409375 0.009375 0.0328125
2 0.34453125 0.32421875 0.003125 0.0125
4 0.6890625 0.38203125 0.0046875 0.0171875
2 0.23828125 0.31796875 0.003125 0.01875
2 0.28125 0.3203125 0.003125 0.015625
2 0.30859375 0.3203125 0.003125 0.0140625
0 0.47578125 0.3671875 0.00625 0.0234375
0 0.5078125 0.36328125 0.003125 0.0203125
4 0.8703125 0.64609375 0.04375 0.13125
4 0.78125 0.403125 0.00625 0.021875