0 0.82109375 0.3703125 0.0078125 0.034375
0 0.50625 0.325 0.009375 0.0390625
0 0.7453125 0.35546875 0.0078125 0.0328125
0 0.3859375 0.32421875 0.0109375 0.046875
0 0.909375 0.37265625 0.00625 0.025
4 0.51796875 0.50078125 0.03125 0.115625
0 0.6203125 0.334375 0.009375 0.034375
4 0.64296875 0.37265625 0.0125 0.05
4 0.58046875 0.38359375 0.015625 0.059375
0 0.24609375 0.3453125 0.015625 0.065625
4 0.9390625 0.41640625 0.0109375 0.040625
4 0.7984375 0.3875 0.009375 0.0421875
0 0.85859375 0.37578125 0.0078125 0.0296875
4 0.52890625 0.41640625 0.01875 0.078125
0 0.86171875 0.34765625 0.003125 0.01875
4 0.72265625 0.37578125 0.009375 0.04375
0 0.853125 0.33046875 0.003125 0.0125
0 0.8421875 0.34140625 0.0046875 0.0171875
0 0.81484375 0.33125 0.003125 0.015625
0 0.89453125 0.3609375 0.003125 0.021875
0 0.8765625 0.3546875 0.0046875 0.01875
4 0.8859375 0.3453125 0.003125 0.015625
4 0.94765625 0.365625 0.00625 0.01875
0 0.890625 0.378125 0.009375 0.028125
4 0.9203125 0.35703125 0.00625 0.01875
0 0.8046875 0.32421875 0.003125 0.015625
4 0.88125 0.340625 0.003125 0.0140625
0 0.90390625 0.37578125 0.00625 0.025
4 0.89765625 0.3421875 0.003125 0.0125
4 0.9296875 0.34921875 0.003125 0.0125
4 0.71015625 0.74375 0.0625 0.203125
0 0.81953125 0.32421875 0.003125 0.0140625
0 0.90234375 0.3671875 0.003125 0.021875
0 0.90078125 0.33984375 0.003125 0.0125
0 0.05625 0.4546875 0.0140625 0.084375
4 0.87734375 0.34140625 0.003125 0.015625