0 0.8796875 0.40625 0.01171875 0.04453125
0 0.578125 0.45625 0.01953125 0.07265625
0 0.76484375 0.425 0.01328125 0.0546875
0 0.89765625 0.390625 0.009375 0.0359375
4 0.9328125 0.5328125 0.03046875 0.10234375
4 0.88359375 0.34375 0.003125 0.01484375
0 0.84375 0.37421875 0.0078125 0.03046875
0 0.76640625 0.35234375 0.0046875 0.0203125
4 0.85703125 0.35234375 0.00546875 0.021875
0 0.8 0.36171875 0.00546875 0.02421875
0 0.796875 0.340625 0.003125 0.0140625
4 0.921875 0.36953125 0.00625 0.02578125
4 0.878125 0.36015625 0.00546875 0.0203125
0 0.3640625 0.5625 0.03671875 0.125
0 0.78046875 0.34296875 0.003125 0.0140625