2 0.77734375 0.2171875 0.0171875 0.0453125
2 0.80390625 0.16875 0.0109375 0.0265625
2 0.89765625 0.13984375 0.009375 0.0234375
2 0.8828125 0.1296875 0.00625 0.0171875
2 0.74375 0.27734375 0.0265625 0.06875
2 0.79375 0.1875 0.0125 0.034375
2 0.65 0.453125 0.0546875 0.1375
2 0.815625 0.14765625 0.00625 0.01875
2 0.81875 0.14140625 0.00625 0.015625
2 0.8109375 0.15625 0.0078125 0.021875
2 0.87890625 0.125 0.0046875 0.015625
2 0.7984375 0.17734375 0.0125 0.0328125
2 0.890625 0.134375 0.0078125 0.0203125
2 0.875 0.121875 0.0046875 0.0140625
2 0.821875 0.13671875 0.0046875 0.0140625
2 0.8546875 0.109375 0.003125 0.0078125
2 0.8234375 0.13203125 0.0046875 0.015625
2 0.78984375 0.165625 0.0046875 0.0078125
2 0.8265625 0.128125 0.0046875 0.0125
2 0.90625 0.15703125 0.0046875 0.0171875
2 0.83984375 0.1109375 0.003125 0.009375
2 0.846875 0.11015625 0.003125 0.0078125