0 0.26484375 0.68203125 0.0625 0.1890625
0 0.5015625 0.51640625 0.03125 0.096875
0 0.60078125 0.46015625 0.0203125 0.0625
0 0.659375 0.42734375 0.0140625 0.0453125
0 0.69296875 0.4109375 0.0109375 0.0375
0 0.71484375 0.4046875 0.0109375 0.034375
0 0.74375 0.40078125 0.009375 0.028125
0 0.70703125 0.390625 0.0078125 0.0265625
0 0.734375 0.3734375 0.00625 0.01875
0 0.8140625 0.38515625 0.00625 0.01875
0 0.615625 0.375 0.0078125 0.0265625
4 0.934375 0.6203125 0.028125 0.125
4 0.9046875 0.5234375 0.028125 0.078125
4 0.878125 0.47421875 0.01875 0.0546875
4 0.86015625 0.44453125 0.0140625 0.0421875
4 0.865625 0.42890625 0.0078125 0.0359375
4 0.87109375 0.41875 0.009375 0.03125
4 0.9453125 0.41640625 0.009375 0.028125
4 0.78046875 0.3921875 0.0078125 0.025
4 0.83828125 0.40390625 0.0078125 0.0265625
4 0.6984375 0.378125 0.00625 0.0203125
4 0.76953125 0.38359375 0.00625 0.021875
4 0.82578125 0.39296875 0.0078125 0.021875
4 0.62890625 0.36796875 0.00625 0.0203125
4 0.65078125 0.3640625 0.00625 0.01875
0 0.55078125 0.3609375 0.0078125 0.021875
4 0.58828125 0.35859375 0.00625 0.01875
0 0.19765625 0.3765625 0.015625 0.046875
0 0.3328125 0.3703125 0.0109375 0.0390625
0 0.36796875 0.36015625 0.0109375 0.0328125
0 0.38984375 0.34296875 0.00625 0.021875
4 0.7046875 0.3734375 0.00625 0.0203125
0 0.684375 0.365625 0.0046875 0.0171875
4 0.890625 0.40390625 0.0078125 0.021875
4 0.20546875 0.35 0.009375 0.034375
4 0.25625 0.34296875 0.0078125 0.028125
4 0.28359375 0.3390625 0.00625 0.0234375
4 0.30859375 0.33828125 0.00625 0.01875
0 0.365625 0.34921875 0.00625 0.0265625
0 0.40078125 0.34140625 0.00625 0.0203125
0 0.434375 0.3421875 0.0046875 0.0171875
0 0.46953125 0.34453125 0.0046875 0.0171875
0 0.5125 0.353125 0.00625 0.0203125
4 0.52734375 0.346875 0.0046875 0.0171875
4 0.603125 0.35625 0.0046875 0.0171875
4 0.4875 0.34296875 0.0046875 0.0171875
4 0.33359375 0.33671875 0.00625 0.0171875
4 0.34609375 0.3328125 0.0046875 0.015625
4 0.10703125 0.33125 0.0078125 0.0203125
4 0.1703125 0.33359375 0.00625 0.0203125
4 0.24765625 0.33359375 0.00625 0.0203125
4 0.2796875 0.33359375 0.00625 0.0171875
4 0.3046875 0.33359375 0.0046875 0.015625
4 0.07421875 0.35 0.0125 0.040625
0 0.6328125 0.35625 0.003125 0.015625