0 0.6359375 0.4953125 0.01796875 0.078125
0 0.48359375 0.58828125 0.03671875 0.12578125
0 0.5921875 0.42421875 0.0125 0.04765625
0 0.765625 0.43203125 0.0109375 0.04453125
0 0.35078125 0.43984375 0.02109375 0.06640625
4 0.75 0.3734375 0.00625 0.0203125
0 0.64140625 0.3984375 0.00859375 0.03359375
0 0.80234375 0.4171875 0.0078125 0.03515625
0 0.84296875 0.41015625 0.00703125 0.0296875
4 0.26640625 0.39765625 0.01328125 0.05078125
4 0.88359375 0.39375 0.00546875 0.0203125
4 0.946875 0.41484375 0.00703125 0.02734375
0 0.70234375 0.3828125 0.00625 0.025
0 0.77578125 0.39375 0.00625 0.028125
4 0.7234375 0.3765625 0.00546875 0.02265625
0 0.71484375 0.45859375 0.01484375 0.05625
0 0.6296875 0.3828125 0.00625 0.028125
4 0.790625 0.38828125 0.00625 0.021875
4 0.6640625 0.36484375 0.00390625 0.01953125
4 0.86640625 0.39921875 0.00625 0.02578125
0 0.57265625 0.36796875 0.00546875 0.0203125
2 0.29140625 0.3578125 0.0078125 0.03046875
4 0.8046875 0.38203125 0.00625 0.0203125
4 0.44453125 0.35625 0.00703125 0.025
4 0.47421875 0.39765625 0.009375 0.04140625
4 0.53359375 0.3828125 0.00625 0.0328125
4 0.503125 0.36640625 0.00625 0.02578125
0 0.49375 0.35546875 0.00546875 0.01953125