0 0.66875 0.56171875 0.03125 0.0421875
0 0.6875 0.52890625 0.0171875 0.0265625
0 0.68046875 0.5 0.0078125 0.0125
0 0.634375 0.4921875 0.0078125 0.0109375
0 0.590625 0.5390625 0.025 0.025
0 0.54453125 0.51171875 0.0140625 0.0203125
0 0.5546875 0.48984375 0.00625 0.0109375
0 0.58984375 0.47109375 0.0046875 0.0078125
0 0.565625 0.484375 0.0046875 0.0078125
0 0.58515625 0.5015625 0.009375 0.015625
0 0.7421875 0.46015625 0.0078125 0.0125
0 0.70859375 0.503125 0.0078125 0.0125
4 0.4703125 0.4875 0.0171875 0.0265625
4 0.68515625 0.5140625 0.0109375 0.01875
4 0.659375 0.4875 0.0046875 0.0078125
4 0.63828125 0.50078125 0.0109375 0.0140625
4 0.54453125 0.4953125 0.009375 0.0125
4 0.57265625 0.4921875 0.0078125 0.0109375
4 0.584375 0.4875 0.00625 0.009375
4 0.68828125 0.475 0.0046875 0.0078125
4 0.715625 0.4609375 0.0078125 0.0109375
4 0.74453125 0.5171875 0.0125 0.01875
4 0.759375 0.51328125 0.0109375 0.015625
4 0.7375 0.54609375 0.0265625 0.034375
4 0.77734375 0.528125 0.015625 0.0234375
4 0.85078125 0.546875 0.0234375 0.0296875
2 0.55390625 0.4765625 0.0046875 0.009375
2 0.52265625 0.55859375 0.028125 0.0421875
2 0.6859375 0.496875 0.00625 0.0109375
2 0.63125 0.4875 0.0046875 0.0078125
2 0.59453125 0.50703125 0.0109375 0.01875
2 0.75859375 0.52421875 0.01875 0.0140625