0 0.22734375 0.57734375 0.096875 0.1484375
0 0.43828125 0.47265625 0.0453125 0.0734375
0 0.47265625 0.42578125 0.0265625 0.04375
0 0.4609375 0.40078125 0.021875 0.034375
0 0.4125 0.37421875 0.0171875 0.028125
0 0.35625 0.35234375 0.015625 0.0265625
0 0.315625 0.3390625 0.0140625 0.025
0 0.26484375 0.325 0.0140625 0.0234375
0 0.1625 0.303125 0.0171875 0.028125
0 0.66328125 0.415625 0.0078125 0.0140625
4 0.35078125 0.33828125 0.0140625 0.021875
4 0.23828125 0.31171875 0.0140625 0.0234375
4 0.815625 0.559375 0.05 0.071875
4 0.72265625 0.484375 0.028125 0.04375
4 0.6203125 0.4328125 0.01875 0.03125
4 0.53671875 0.39765625 0.015625 0.025
4 0.47421875 0.3734375 0.0140625 0.0234375
4 0.4296875 0.3578125 0.0140625 0.021875
4 0.66015625 0.41484375 0.0078125 0.0140625
2 0.803125 0.48828125 0.0375 0.0375