0 0.44140625 0.41171875 0.00859375 0.03828125
0 0.26328125 0.46953125 0.01953125 0.0671875
4 0.58125 0.51171875 0.02421875 0.08828125
4 0.8609375 0.4046875 0.0109375 0.0359375
0 0.87734375 0.38671875 0.00625 0.0296875
0 0.20859375 0.5671875 0.0296875 0.1171875
0 0.33046875 0.4375 0.0109375 0.05078125
0 0.38125 0.375 0.0046875 0.01953125
4 0.2765625 0.375 0.0046875 0.01953125
4 0.1171875 0.4 0.00625 0.028125
0 0.27265625 0.3953125 0.00625 0.02578125
0 0.3109375 0.36875 0.003125 0.0171875
0 0.77578125 0.38515625 0.00625 0.028125
4 0.08671875 0.38359375 0.00546875 0.02421875
0 0.11015625 0.3703125 0.00390625 0.01953125
0 0.3328125 0.3859375 0.00546875 0.02421875
0 0.1875 0.40625 0.0078125 0.03046875
0 0.35546875 0.3828125 0.00625 0.021875
0 0.53671875 0.39453125 0.00859375 0.0328125
4 0.265625 0.38203125 0.00546875 0.02265625
4 0.1703125 0.37421875 0.00390625 0.01875
0 0.6828125 0.38515625 0.00625 0.02578125
0 0.6203125 0.38671875 0.00625 0.028125
4 0.72265625 0.403125 0.01015625 0.03671875
4 0.940625 0.8046875 0.02109375 0.08515625
0 0.2703125 0.3671875 0.00390625 0.01640625
4 0.61953125 0.41875 0.0109375 0.04140625
4 0.22734375 0.3734375 0.00390625 0.01875
4 0.29453125 0.3796875 0.0046875 0.01953125
0 0.06875 0.7625 0.03984375 0.1703125
4 0.12421875 0.37890625 0.00390625 0.0203125
4 0.19375 0.39296875 0.00546875 0.025
0 0.35703125 0.3703125 0.003125 0.0171875
4 0.54296875 0.4421875 0.01484375 0.0578125
2 0.26953125 0.35078125 0.0015625 0.0109375
2 0.27578125 0.3546875 0.00234375 0.0109375
2 0.29296875 0.35625 0.003125 0.01640625
2 0.35 0.35625 0.003125 0.01171875
2 0.35625 0.3515625 0.00234375 0.01171875