0 0.834375 0.29921875 0.0171875 0.05
0 0.7046875 0.24921875 0.009375 0.0296875
1 0.7375 0.35390625 0.040625 0.1375
0 0.75 0.2578125 0.0109375 0.0359375
0 0.66171875 0.24296875 0.009375 0.028125
0 0.81015625 0.31796875 0.0203125 0.0609375
0 0.50546875 0.225 0.00625 0.021875
0 0.565625 0.234375 0.009375 0.025
0 0.78828125 0.26875 0.0140625 0.0390625
4 0.8515625 0.253125 0.0125 0.03125
0 0.81953125 0.28203125 0.0140625 0.0453125
0 0.95 0.228125 0.00625 0.0203125
4 0.93125 0.2703125 0.0140625 0.0390625
4 0.6203125 0.2265625 0.0078125 0.0234375
4 0.7125 0.234375 0.0078125 0.0234375
0 0.5375 0.5421875 0.0625 0.1671875
0 0.90390625 0.22578125 0.00625 0.0171875
0 0.871875 0.22421875 0.0046875 0.0171875
4 0.590625 0.22265625 0.0078125 0.021875
4 0.6453125 0.2140625 0.0078125 0.0171875
0 0.67890625 0.21171875 0.0046875 0.015625
0 0.740625 0.2140625 0.0046875 0.0171875
0 0.5625 0.2109375 0.00625 0.0171875
4 0.57734375 0.21796875 0.00625 0.0203125
4 0.915625 0.23203125 0.0078125 0.0203125
1 0.7171875 0.36796875 0.05 0.1515625
0 0.49296875 0.21875 0.0078125 0.0203125
0 0.515625 0.21328125 0.00625 0.0171875
4 0.78359375 0.2421875 0.009375 0.0265625
4 0.5875 0.21640625 0.00625 0.0171875
0 0.61953125 0.2109375 0.0046875 0.015625
4 0.8625 0.22890625 0.0078125 0.0203125
4 0.7875 0.22109375 0.0078125 0.0171875
4 0.74296875 0.21875 0.00625 0.0171875
4 0.60859375 0.215625 0.00625 0.0171875
0 0.8046875 0.21796875 0.00625 0.0171875
4 0.69453125 0.21640625 0.00625 0.0171875
0 0.72734375 0.38515625 0.0296875 0.090625