2 0.75234375 0.56015625 0.0578125 0.0890625
2 0.6390625 0.45234375 0.025 0.0453125
2 0.60234375 0.41328125 0.0171875 0.03125
2 0.58515625 0.3953125 0.0140625 0.021875
2 0.571875 0.3828125 0.0109375 0.0171875
2 0.56328125 0.37578125 0.0078125 0.0140625
2 0.5578125 0.37109375 0.00625 0.0109375
2 0.55390625 0.36640625 0.00625 0.009375
2 0.55078125 0.36171875 0.0046875 0.009375
2 0.49921875 0.35390625 0.0046875 0.009375
2 0.49609375 0.35625 0.0046875 0.009375
2 0.49140625 0.36015625 0.0078125 0.0109375
2 0.48828125 0.36484375 0.0078125 0.0140625
2 0.48046875 0.36875 0.009375 0.0171875
2 0.4703125 0.37734375 0.0125 0.021875
2 0.4515625 0.390625 0.015625 0.0296875
2 0.4140625 0.4171875 0.025 0.04375
2 0.30859375 0.49453125 0.0484375 0.0875
1 0.546875 0.35625 0.00625 0.0140625
1 0.53515625 0.3546875 0.0078125 0.0140625
1 0.52421875 0.35234375 0.0078125 0.015625
1 0.5140625 0.35078125 0.0078125 0.015625
1 0.5015625 0.34921875 0.0078125 0.0140625