0 0.76328125 0.31953125 0.009375 0.025
4 0.2359375 0.390625 0.028125 0.071875
0 0.7265625 0.30859375 0.0078125 0.021875
4 0.31015625 0.45703125 0.040625 0.103125
4 0.69921875 0.32734375 0.0109375 0.03125
0 0.06171875 0.259375 0.0078125 0.021875
0 0.0390625 0.28203125 0.0125 0.03125
0 0.07734375 0.25234375 0.00625 0.01875
4 0.1671875 0.3046875 0.0125 0.034375
1 0.196875 0.334375 0.021875 0.084375
0 0.04921875 0.271875 0.009375 0.0265625
0 0.0875 0.24609375 0.0046875 0.015625
4 0.59609375 0.28046875 0.0046875 0.0171875
1 0.21328125 0.3453125 0.0328125 0.09375
0 0.6984375 0.29453125 0.00625 0.0171875
4 0.48515625 0.62734375 0.071875 0.1828125
4 0.1578125 0.2875 0.009375 0.028125
4 0.859375 0.35546875 0.01875 0.04375
0 0.02421875 0.30234375 0.0140625 0.0375
0 0.653125 0.284375 0.0046875 0.015625
4 0.64375 0.309375 0.009375 0.025
4 0.54375 0.271875 0.0046875 0.015625
4 0.2046875 0.240625 0.0046875 0.0140625
0 0.87265625 0.3390625 0.0125 0.034375
4 0.18046875 0.3265625 0.015625 0.0421875
0 0.09296875 0.23984375 0.0046875 0.0140625
4 0.6296875 0.296875 0.0078125 0.0203125
4 0.20234375 0.35625 0.01875 0.05625
4 0.153125 0.2734375 0.00625 0.0234375
4 0.1515625 0.26328125 0.00625 0.0203125
4 0.15234375 0.25078125 0.0046875 0.015625
4 0.165625 0.24375 0.0046875 0.0140625
4 0.6265625 0.2890625 0.00625 0.0171875
0 0.72734375 0.3046875 0.0046875 0.01875
0 0.55859375 0.2703125 0.0046875 0.0140625
0 0.6 0.2734375 0.0046875 0.015625