0 0.809375 0.359375 0.0265625 0.065625
0 0.34765625 0.26875 0.0078125 0.021875
0 0.1484375 0.28203125 0.009375 0.025
0 0.6328125 0.44375 0.04375 0.10625
4 0.3796875 0.2453125 0.00625 0.0171875
4 0.44609375 0.23046875 0.0046875 0.0140625
4 0.25234375 0.2609375 0.009375 0.0203125
4 0.16875 0.25859375 0.0078125 0.01875
0 0.52578125 0.21953125 0.003125 0.0109375
0 0.465625 0.25078125 0.0046875 0.0171875
4 0.115625 0.22109375 0.0046875 0.0140625
0 0.53515625 0.225 0.0046875 0.0125
4 0.26953125 0.21328125 0.0046875 0.0125
4 0.415625 0.2375 0.00625 0.0171875
0 0.4203125 0.25703125 0.00625 0.01875
0 0.2578125 0.27734375 0.0078125 0.0234375
4 0.2203125 0.21484375 0.0046875 0.0125
0 0.4984375 0.21171875 0.003125 0.0109375
4 0.36484375 0.2078125 0.0046875 0.0125
0 0.346875 0.2046875 0.0046875 0.0109375
0 0.4953125 0.24375 0.0046875 0.015625
0 0.22109375 0.7484375 0.0453125 0.128125
4 0.3234375 0.25625 0.0078125 0.0203125
4 0.9015625 0.2390625 0.0046875 0.0109375
0 0.1078125 0.21640625 0.0046875 0.0125
4 0.3171875 0.2109375 0.0046875 0.0109375
4 0.921875 0.23203125 0.003125 0.0078125
4 0.45390625 0.2109375 0.0046875 0.0109375
4 0.46484375 0.2234375 0.0046875 0.0140625
0 0.51796875 0.23671875 0.0046875 0.0140625
0 0.5296875 0.2296875 0.0046875 0.0140625
4 0.471875 0.2171875 0.0046875 0.0109375
0 0.971875 0.23515625 0.003125 0.009375
0 0.14921875 0.21328125 0.0046875 0.0125
0 0.39375 0.20234375 0.003125 0.009375
0 0.2578125 0.209375 0.0046875 0.0109375
0 0.92890625 0.23125 0.003125 0.009375
0 0.42578125 0.20390625 0.003125 0.009375
4 0.165625 0.2171875 0.0046875 0.0140625
0 0.3046875 0.20859375 0.003125 0.009375
4 0.9640625 0.240625 0.0046875 0.0109375
4 0.41328125 0.209375 0.0046875 0.0109375
4 0.8546875 0.23203125 0.003125 0.009375
4 0.96640625 0.23515625 0.003125 0.0109375
4 0.89453125 0.2171875 0.003125 0.009375
0 0.51484375 0.2140625 0.003125 0.0109375
4 0.87265625 0.228125 0.003125 0.0078125
0 0.209375 0.21171875 0.003125 0.0109375
0 0.4609375 0.2078125 0.003125 0.009375
0 0.3765625 0.203125 0.003125 0.0109375
2 0.91875 0.23984375 0.0046875 0.0109375
0 0.903125 0.22734375 0.003125 0.0078125
0 0.88515625 0.2203125 0.003125 0.009375