4 0.359375 0.3359375 0.025 0.065625
4 0.2390625 0.25546875 0.0203125 0.05
4 0.48046875 0.5484375 0.0609375 0.140625
4 0.4171875 0.4109375 0.0375 0.090625
4 0.95859375 0.44921875 0.009375 0.0203125
4 0.13671875 0.20859375 0.01875 0.0453125
4 0.8890625 0.41875 0.0078125 0.0203125
4 0.615625 0.2890625 0.003125 0.009375
0 0.90078125 0.41796875 0.00625 0.0171875
4 0.17890625 0.15 0.00625 0.015625
0 0.7484375 0.346875 0.0046875 0.0140625
0 0.78203125 0.365625 0.00625 0.0140625
4 0.11796875 0.1359375 0.00625 0.0171875
0 0.859375 0.4015625 0.00625 0.0171875
4 0.7890625 0.37578125 0.00625 0.01875
4 0.72421875 0.346875 0.00625 0.015625
0 0.76796875 0.359375 0.0046875 0.0140625
4 0.71015625 0.32890625 0.0046875 0.0125
4 0.15625 0.14453125 0.00625 0.0171875
4 0.51328125 0.25625 0.0046875 0.0109375
0 0.7421875 0.33828125 0.0046875 0.0109375
4 0.60703125 0.2859375 0.003125 0.009375
4 0.546875 0.26796875 0.003125 0.0109375
4 0.32734375 0.18671875 0.0046875 0.0109375
0 0.803125 0.3765625 0.00625 0.015625
0 0.11015625 0.12578125 0.00625 0.015625
0 0.13515625 0.13046875 0.0046875 0.0140625
0 0.71875 0.32734375 0.0046875 0.0109375
4 0.7015625 0.33515625 0.00625 0.0140625
4 0.59296875 0.28203125 0.003125 0.0109375
4 0.4734375 0.2421875 0.0046875 0.0125
0 0.12578125 0.12890625 0.00625 0.0140625
4 0.4421875 0.23046875 0.0046875 0.0109375
0 0.46171875 0.234375 0.0046875 0.0109375
4 0.6859375 0.31640625 0.0046875 0.0109375
0 0.1390625 0.13046875 0.00625 0.0140625
4 0.66953125 0.309375 0.003125 0.009375
4 0.4171875 0.2203125 0.0046875 0.0109375
0 0.76015625 0.3484375 0.0046875 0.0109375
0 0.15 0.12578125 0.0046875 0.0109375
4 0.7015625 0.3234375 0.0046875 0.0109375
4 0.828125 0.39375 0.00625 0.0171875
4 0.3015625 0.1765625 0.003125 0.0109375
4 0.75078125 0.36015625 0.00625 0.0140625
4 0.19453125 0.1515625 0.0046875 0.0125
0 0.1765625 0.13359375 0.003125 0.0109375
4 0.690625 0.328125 0.0046875 0.0125
4 0.203125 0.153125 0.0046875 0.0125
0 0.2890625 0.1703125 0.003125 0.009375
4 0.19453125 0.14296875 0.0046875 0.0109375
4 0.2 0.146875 0.0046875 0.0125
0 0.21171875 0.1453125 0.003125 0.0109375
4 0.23046875 0.15234375 0.0046875 0.0109375
0 0.25 0.15703125 0.003125 0.009375
4 0.2546875 0.16015625 0.0046875 0.0109375
4 0.28046875 0.16875 0.003125 0.009375
4 0.35703125 0.196875 0.0046875 0.0109375
1 0.38046875 0.203125 0.0046875 0.0171875
1 0.3859375 0.20546875 0.0046875 0.0171875
4 0.3828125 0.20703125 0.0046875 0.0109375
1 0.40859375 0.2125 0.0046875 0.015625
1 0.4140625 0.21328125 0.0046875 0.015625
0 0.41015625 0.2171875 0.003125 0.0109375
0 0.44453125 0.22890625 0.003125 0.0109375
4 0.69375 0.325 0.0046875 0.0125
4 0.6875 0.3234375 0.0046875 0.0125
0 0.690625 0.315625 0.003125 0.009375
0 0.7546875 0.35234375 0.003125 0.0140625
0 0.75703125 0.3453125 0.0046875 0.0109375
0 0.828125 0.38828125 0.00625 0.015625
4 0.57421875 0.27734375 0.003125 0.0109375
4 0.634375 0.2953125 0.003125 0.009375
0 0.4828125 0.24375 0.003125 0.0109375
0 0.52265625 0.25703125 0.003125 0.0109375
4 0.6546875 0.30390625 0.003125 0.009375
0 0.5046875 0.25078125 0.003125 0.0109375
0 0.55390625 0.2671875 0.003125 0.009375
0 0.590625 0.278125 0.003125 0.0078125
0 0.32578125 0.1828125 0.003125 0.0109375
0 0.54140625 0.26484375 0.003125 0.009375
0 0.56875 0.271875 0.003125 0.009375
0 0.62109375 0.2890625 0.003125 0.0078125
4 0.21328125 0.146875 0.003125 0.0109375