0 0.81640625 0.31796875 0.015625 0.0375
0 0.37734375 0.3609375 0.021875 0.0515625
0 0.52265625 0.33359375 0.0171875 0.040625
0 0.22421875 0.4203125 0.034375 0.078125
0 0.66640625 0.32109375 0.015625 0.0375
4 0.46640625 0.43515625 0.0390625 0.0859375
4 0.5328125 0.38046875 0.028125 0.0640625
4 0.86875 0.33671875 0.0203125 0.0453125
4 0.47265625 0.571875 0.065625 0.15
4 0.74140625 0.33984375 0.01875 0.0453125
4 0.62734375 0.353125 0.021875 0.0515625
3 0.09609375 0.29765625 0.00625 0.01875
3 0.1921875 0.29140625 0.0078125 0.01875
3 0.20625 0.28671875 0.00625 0.015625
3 0.28125 0.28984375 0.00625 0.0171875
3 0.3171875 0.28515625 0.00625 0.0171875
3 0.35390625 0.29140625 0.00625 0.01875
3 0.39765625 0.28671875 0.00625 0.0171875
3 0.43671875 0.2953125 0.0078125 0.0203125
3 0.47265625 0.2875 0.00625 0.01875