4 0.7765625 0.46015625 0.03125 0.0640625
0 0.76015625 0.58828125 0.0578125 0.1203125
4 0.4296875 0.3515625 0.034375 0.075
0 0.94140625 0.475 0.01875 0.040625
4 0.825 0.44921875 0.0234375 0.05
4 0.42890625 0.24140625 0.0109375 0.0265625
0 0.6796875 0.32890625 0.009375 0.0234375
4 0.2875 0.27578125 0.0328125 0.0640625
0 0.3234375 0.43125 0.059375 0.128125
4 0.634375 0.43046875 0.034375 0.0734375
0 0.30625 0.196875 0.009375 0.0265625
4 0.36015625 0.22265625 0.0140625 0.03125
0 0.76640625 0.3703125 0.0125 0.028125
0 0.21875 0.1765625 0.0125 0.03125
4 0.8140625 0.42265625 0.0171875 0.040625
4 0.77109375 0.390625 0.0140625 0.034375
0 0.3984375 0.22265625 0.0109375 0.025
0 0.8546875 0.41796875 0.015625 0.0328125
0 0.49296875 0.25390625 0.009375 0.021875
4 0.503125 0.26484375 0.0109375 0.0265625
0 0.58828125 0.29140625 0.009375 0.021875
2 0.12109375 0.1265625 0.009375 0.025
4 0.29765625 0.21015625 0.015625 0.0359375
2 0.1359375 0.1140625 0.0078125 0.01875
1 0.24921875 0.22265625 0.0328125 0.0828125
2 0.20078125 0.1359375 0.00625 0.0171875
1 0.23828125 0.2109375 0.025 0.075
4 0.6484375 0.325 0.0109375 0.0265625
2 0.159375 0.121875 0.0078125 0.01875
4 0.71328125 0.35625 0.0125 0.0296875
2 0.20859375 0.1546875 0.009375 0.0234375
2 0.21484375 0.16875 0.0125 0.028125
4 0.578125 0.29453125 0.0109375 0.025
2 0.1296875 0.1203125 0.009375 0.0203125
2 0.20546875 0.14375 0.0078125 0.01875
2 0.18203125 0.1296875 0.0078125 0.0171875
4 0.23671875 0.22890625 0.01875 0.0484375
2 0.52890625 0.79765625 0.05 0.125