0 0.2484375 0.58046875 0.0546875 0.08125
0 0.715625 0.32421875 0.0171875 0.028125
0 0.58671875 0.378125 0.01875 0.0296875
0 0.73125 0.31171875 0.0125 0.021875
0 0.4078125 0.4796875 0.03125 0.0515625
0 0.6625 0.34609375 0.015625 0.0265625
0 0.49453125 0.42421875 0.0234375 0.0375
0 0.17421875 0.45625 0.0125 0.0203125
0 0.290625 0.42578125 0.0125 0.0203125
0 0.59140625 0.3390625 0.009375 0.01875
0 0.40546875 0.39296875 0.0109375 0.0171875
0 0.66015625 0.321875 0.0125 0.01875
0 0.49765625 0.365625 0.0109375 0.01875
4 0.79765625 0.48515625 0.071875 0.10625
4 0.31484375 0.4078125 0.0109375 0.01875
4 0.81015625 0.33046875 0.021875 0.034375
4 0.85625 0.278125 0.0140625 0.0234375
4 0.78984375 0.2875 0.0125 0.0203125
4 0.49296875 0.35703125 0.0109375 0.0171875
4 0.22421875 0.43203125 0.0109375 0.01875
4 0.41171875 0.38203125 0.0109375 0.0171875
4 0.63359375 0.3203125 0.0109375 0.0171875
4 0.71875 0.41328125 0.0359375 0.0578125
4 0.71953125 0.3765625 0.0234375 0.0421875
4 0.88515625 0.29609375 0.0140625 0.0296875
4 0.71640625 0.3015625 0.0109375 0.01875
4 0.5578125 0.33984375 0.0109375 0.01875
4 0.13203125 0.45546875 0.009375 0.0171875
2 0.11796875 0.50546875 0.03125 0.0296875
2 0.13046875 0.45078125 0.0171875 0.0171875