0 0.10234375 0.72109375 0.05546875 0.08203125
0 0.26015625 0.63828125 0.03046875 0.04453125
0 0.2375 0.60859375 0.01953125 0.03125
0 0.14140625 0.59765625 0.015625 0.02578125
0 0.31875 0.56015625 0.00546875 0.01171875
0 0.32734375 0.56015625 0.00546875 0.01015625
0 0.3328125 0.55859375 0.00390625 0.009375
0 0.3390625 0.5578125 0.00390625 0.0078125
0 0.3421875 0.55625 0.003125 0.0078125
4 0.66328125 0.70390625 0.05234375 0.0765625
4 0.58828125 0.625 0.025 0.04140625
4 0.478125 0.59453125 0.015625 0.0265625
4 0.40859375 0.58515625 0.01328125 0.021875
4 0.309375 0.58125 0.01171875 0.01953125
4 0.1828125 0.58203125 0.0125 0.01875
4 0.2234375 0.553125 0.00546875 0.01171875
4 0.2328125 0.56015625 0.00546875 0.0109375
4 0.2453125 0.5625 0.00546875 0.01015625
4 0.25859375 0.56015625 0.00546875 0.01015625
4 0.2703125 0.55859375 0.00546875 0.009375
4 0.2796875 0.55703125 0.00546875 0.00859375