0 0.39765625 0.4515625 0.01953125 0.0484375
0 0.43671875 0.40625 0.0109375 0.0296875
0 0.453125 0.3875 0.00703125 0.01953125
4 0.65859375 0.446875 0.025 0.04921875
4 0.5921875 0.40625 0.0125 0.02890625
4 0.565625 0.38671875 0.00859375 0.0203125
2 0.56328125 0.38046875 0.01171875 0.03203125
2 0.55 0.37734375 0.00546875 0.015625
2 0.540625 0.371875 0.0046875 0.01171875
2 0.53515625 0.3671875 0.00390625 0.01015625
2 0.53125 0.36328125 0.00390625 0.01015625
2 0.528125 0.3609375 0.00390625 0.00703125
2 0.525 0.3578125 0.003125 0.00859375
2 0.52265625 0.35625 0.00234375 0.00703125
2 0.45390625 0.38046875 0.0109375 0.03125
2 0.4625 0.37734375 0.00625 0.015625
2 0.4671875 0.37109375 0.00546875 0.01328125
2 0.471875 0.3671875 0.00546875 0.01171875
2 0.47578125 0.36328125 0.00390625 0.01015625
2 0.47890625 0.3609375 0.003125 0.00859375
2 0.4796875 0.35703125 0.00234375 0.00703125
1 0.515625 0.34921875 0.003125 0.00703125
1 0.5078125 0.34921875 0.00390625 0.00859375
1 0.50078125 0.34921875 0.00234375 0.00703125
1 0.49375 0.34921875 0.003125 0.00859375
1 0.4859375 0.3484375 0.00390625 0.00859375