0 0.61328125 0.5359375 0.05625 0.171875
0 0.76875 0.38828125 0.0265625 0.109375
0 0.70625 0.2734375 0.015625 0.053125
0 0.6265625 0.2609375 0.0109375 0.0421875
0 0.5359375 0.2609375 0.009375 0.0375
0 0.4421875 0.26875 0.009375 0.0328125
0 0.3359375 0.2859375 0.009375 0.03125
0 0.225 0.31015625 0.0109375 0.034375
0 0.13046875 0.33515625 0.0109375 0.0375
4 0.8421875 0.24375 0.0140625 0.05
4 0.71875 0.2359375 0.0109375 0.0390625
4 0.59453125 0.23828125 0.009375 0.03125
4 0.47578125 0.25 0.0078125 0.0296875
4 0.34453125 0.27109375 0.0078125 0.028125
4 0.20859375 0.3 0.0078125 0.0296875
4 0.08984375 0.33125 0.009375 0.03125
2 0.85078125 0.2265625 0.0125 0.040625
2 0.865625 0.2015625 0.009375 0.03125
2 0.8734375 0.1859375 0.0078125 0.025
2 0.87890625 0.175 0.00625 0.0203125
2 0.90859375 0.171875 0.00625 0.021875
1 0.775 0.3390625 0.0296875 0.15625
1 0.74609375 0.38203125 0.053125 0.1921875