4 0.45625 0.5625 0.065625 0.128125
0 0.18203125 0.32890625 0.021875 0.040625
4 0.27734375 0.38515625 0.0296875 0.059375
4 0.8703125 0.56015625 0.0375 0.0734375
0 0.09609375 0.33203125 0.025 0.0515625
4 0.80859375 0.5046875 0.028125 0.0546875
4 0.34453125 0.45234375 0.0421875 0.08125
0 0.9515625 0.52421875 0.025 0.0515625
0 0.275 0.33046875 0.015625 0.03125
4 0.72421875 0.44609375 0.0203125 0.0390625
4 0.7640625 0.47421875 0.0234375 0.0453125
0 0.815625 0.45234375 0.0171875 0.034375
4 0.6328125 0.40078125 0.0125 0.0265625
0 0.35 0.33984375 0.0140625 0.028125
4 0.2609375 0.35859375 0.021875 0.0453125
4 0.53203125 0.3796875 0.0125 0.0296875
0 0.48984375 0.3625 0.0125 0.0265625
0 0.68828125 0.40546875 0.0140625 0.028125
4 0.4234375 0.3625 0.0171875 0.0328125
0 0.6203125 0.3890625 0.0125 0.0265625
4 0.69609375 0.42734375 0.0140625 0.03125
0 0.11171875 0.2890625 0.015625 0.0296875
0 0.5578125 0.37734375 0.0125 0.025
0 0.85 0.47421875 0.0171875 0.034375
4 0.321875 0.35390625 0.01875 0.0390625
0 0.7625 0.43125 0.0140625 0.0296875
4 0.66953125 0.78828125 0.0671875 0.1546875
2 0.928125 0.44609375 0.0140625 0.0265625
2 0.8875 0.43515625 0.0125 0.021875
2 0.85625 0.425 0.0109375 0.0203125