0 0.83046875 0.36875 0.00859375 0.03515625
0 0.64921875 0.32421875 0.00546875 0.025
0 0.7203125 0.34375 0.00625 0.028125
4 0.89921875 0.41328125 0.0140625 0.05078125
4 0.059375 0.40703125 0.021875 0.08984375
0 0.45 0.29453125 0.00390625 0.021875
4 0.4109375 0.5984375 0.03671875 0.1640625
4 0.6578125 0.3578125 0.0078125 0.03671875
0 0.5265625 0.3046875 0.00546875 0.02265625
4 0.2203125 0.27578125 0.0046875 0.021875
4 0.3046875 0.28828125 0.0046875 0.02421875
0 0.34375 0.2796875 0.00390625 0.0203125
4 0.74921875 0.384375 0.0109375 0.04453125
0 0.39609375 0.2875 0.00390625 0.0203125
4 0.14140625 0.2703125 0.0046875 0.021875
0 0.1921875 0.2609375 0.003125 0.0171875
0 0.09296875 0.2578125 0.00390625 0.01953125
4 0.57265625 0.33203125 0.00703125 0.0296875
4 0.4015625 0.30078125 0.00625 0.02421875
0 0.2609375 0.26875 0.003125 0.01640625
4 0.49921875 0.315625 0.00625 0.02734375