0 0.7125 0.61953125 0.0203125 0.0328125
0 0.88203125 0.628125 0.0203125 0.0296875
0 0.55 0.61953125 0.0234375 0.0390625
0 0.346875 0.6546875 0.040625 0.059375
0 0.90234375 0.6078125 0.0140625 0.0203125
0 0.7328125 0.59453125 0.0125 0.0203125
0 0.45390625 0.55703125 0.009375 0.0140625
0 0.54609375 0.5703125 0.0109375 0.0171875
0 0.4140625 0.5484375 0.0078125 0.0140625
0 0.86875 0.57421875 0.00625 0.009375
0 0.7953125 0.565625 0.00625 0.0109375
4 0.64765625 0.57265625 0.009375 0.015625
4 0.83359375 0.584375 0.0109375 0.0171875
4 0.68828125 0.578125 0.009375 0.015625
4 0.59609375 0.56640625 0.0078125 0.0125
4 0.56328125 0.5609375 0.0078125 0.0125
4 0.73984375 0.58359375 0.0109375 0.01875
4 0.53125 0.55546875 0.00625 0.0125
4 0.521875 0.5515625 0.00625 0.0125
4 0.51171875 0.54921875 0.00625 0.0109375
4 0.503125 0.54765625 0.00625 0.009375
4 0.49375 0.54453125 0.00625 0.009375
4 0.85078125 0.5734375 0.00625 0.009375
4 0.80546875 0.56796875 0.00625 0.009375
4 0.7515625 0.5625 0.0046875 0.009375
4 0.48671875 0.5421875 0.0046875 0.009375