1 0.5984375 0.3296875 0.021875 0.065625
0 0.26875 0.38125 0.0234375 0.06875
4 0.50390625 0.42265625 0.0296875 0.0828125
4 0.58359375 0.384375 0.021875 0.0609375
0 0.23359375 0.28828125 0.0109375 0.0328125
0 0.34375 0.31875 0.015625 0.0421875
0 0.24609375 0.2796875 0.009375 0.028125
4 0.1375 0.30390625 0.015625 0.0421875
0 0.484375 0.3359375 0.0140625 0.04375
0 0.26171875 0.303125 0.0125 0.0375
4 0.12109375 0.28359375 0.0125 0.034375
0 0.2828125 0.27734375 0.009375 0.0265625
4 0.25078125 0.33515625 0.0171875 0.0515625
0 0.33125 0.275 0.0078125 0.021875
1 0.7 0.35859375 0.028125 0.0796875
2 0.90234375 0.34375 0.009375 0.025
4 0.7453125 0.3265625 0.009375 0.0265625
0 0.571875 0.2984375 0.0078125 0.0203125
0 0.8890625 0.36640625 0.0125 0.0375
1 0.56171875 0.3296875 0.0203125 0.065625
2 0.0484375 0.3328125 0.021875 0.05625
4 0.68125 0.3734375 0.0203125 0.0515625
4 0.79375 0.3765625 0.0203125 0.0484375
0 0.6515625 0.33828125 0.009375 0.0328125
2 0.9328125 0.365625 0.0140625 0.0375
4 0.22109375 0.26796875 0.009375 0.025
0 0.62265625 0.3078125 0.009375 0.025
4 0.9265625 0.39140625 0.01875 0.046875
0 0.50703125 0.2890625 0.0078125 0.0203125
0 0.67421875 0.3296875 0.0109375 0.03125
4 0.2921875 0.26796875 0.0078125 0.0203125
4 0.15859375 0.27265625 0.009375 0.0265625
0 0.58125 0.33984375 0.015625 0.040625
4 0.60859375 0.296875 0.00625 0.0203125
1 0.659375 0.36015625 0.028125 0.0828125
0 0.43984375 0.28125 0.00625 0.0203125
4 0.68125 0.3109375 0.009375 0.0234375
2 0.8234375 0.34296875 0.0109375 0.0296875
4 0.521875 0.28515625 0.00625 0.0203125
4 0.36796875 0.2703125 0.00625 0.0203125
4 0.47109375 0.540625 0.04375 0.1390625
4 0.7828125 0.34296875 0.0125 0.03125
4 0.43515625 0.27578125 0.00625 0.0203125
0 0.3875 0.27734375 0.0078125 0.021875
0 0.05546875 0.4953125 0.0328125 0.13125
0 0.66171875 0.31875 0.00625 0.0265625