0 0.16171875 0.29453125 0.0328125 0.0796875
0 0.70390625 0.31640625 0.009375 0.025
0 0.653125 0.3046875 0.009375 0.028125
4 0.47109375 0.35859375 0.025 0.0640625
0 0.409375 0.25078125 0.0140625 0.0375
4 0.5546875 0.3296875 0.01875 0.0484375
0 0.54296875 0.28046875 0.0109375 0.03125
0 0.30703125 0.26328125 0.021875 0.0515625
4 0.82421875 0.3640625 0.0109375 0.028125
0 0.796875 0.3375 0.0078125 0.0234375
4 0.440625 0.46171875 0.0375 0.1046875
4 0.74296875 0.3484375 0.0109375 0.03125
0 0.74765625 0.3265625 0.009375 0.025
4 0.63828125 0.3296875 0.0140625 0.0375
0 0.87265625 0.35859375 0.0078125 0.0203125
4 0.8828125 0.37734375 0.009375 0.025
0 0.946875 0.38515625 0.009375 0.021875
4 0.74140625 0.8203125 0.040625 0.1171875
4 0.94140625 0.3953125 0.009375 0.025