0 0.38359375 0.58359375 0.028125 0.040625
0 0.2859375 0.5609375 0.0203125 0.0265625
0 0.29296875 0.54609375 0.0140625 0.01875
0 0.3765625 0.52890625 0.0109375 0.015625
0 0.46171875 0.5171875 0.009375 0.0140625
0 0.53984375 0.51015625 0.009375 0.0140625
0 0.61484375 0.5046875 0.0109375 0.015625
0 0.71015625 0.49765625 0.0109375 0.0171875
0 0.81640625 0.61015625 0.059375 0.075
4 0.22265625 0.65625 0.05 0.0671875
4 0.53671875 0.546875 0.0234375 0.0328125
4 0.815625 0.51171875 0.021875 0.0265625
2 0.378125 0.6921875 0.06875 0.09375
2 0.53828125 0.559375 0.028125 0.0375
2 0.6453125 0.52890625 0.0203125 0.0265625