0 0.746875 0.2296875 0.0296875 0.065625
0 0.69140625 0.37421875 0.0578125 0.121875
1 0.765625 0.16484375 0.0296875 0.0703125
2 0.78203125 0.14609375 0.015625 0.034375
2 0.7953125 0.11796875 0.0109375 0.021875
2 0.79765625 0.1078125 0.0078125 0.01875
2 0.78984375 0.1296875 0.0125 0.0265625
2 0.8 0.10234375 0.0078125 0.0171875
2 0.803125 0.09609375 0.00625 0.0140625
0 0.77421875 0.1734375 0.015625 0.0421875
1 0.77109375 0.1578125 0.0234375 0.0640625
2 0.80546875 0.09375 0.00625 0.0140625
2 0.80703125 0.0890625 0.00625 0.0125