0 0.4953125 0.6515625 0.065625 0.0875
0 0.4875 0.540625 0.0265625 0.0328125
0 0.58828125 0.51328125 0.009375 0.015625
0 0.61484375 0.534375 0.0171875 0.0140625
0 0.7453125 0.56015625 0.015625 0.025
0 0.78046875 0.54140625 0.0109375 0.015625
0 0.93125 0.553125 0.0078125 0.0125
4 0.50234375 0.51484375 0.0140625 0.021875
4 0.59921875 0.54453125 0.0171875 0.025
4 0.6296875 0.5859375 0.0375 0.046875
4 0.6921875 0.56796875 0.028125 0.025
4 0.67109375 0.53046875 0.0109375 0.015625
4 0.765625 0.55234375 0.0140625 0.0203125
4 0.9421875 0.57109375 0.009375 0.01875
4 0.909375 0.5546875 0.0109375 0.0140625
2 0.06875 0.51953125 0.0453125 0.0546875
2 0.33828125 0.5875 0.0515625 0.0640625