0 0.7625 0.35234375 0.0125 0.0359375
0 0.9234375 0.375 0.0140625 0.0390625
4 0.7 0.37109375 0.015625 0.046875
0 0.15859375 0.415625 0.0359375 0.096875
4 0.509375 0.40078125 0.0234375 0.071875
4 0.5953125 0.37578125 0.01875 0.05625
0 0.32734375 0.35625 0.01875 0.0625
0 0.47109375 0.33671875 0.0140625 0.0453125
0 0.615625 0.3390625 0.0125 0.0390625
2 0.11796875 0.36484375 0.025 0.0734375
4 0.82109375 0.3796875 0.0140625 0.04375
4 0.45625 0.47578125 0.0328125 0.10625
2 0.06953125 0.30390625 0.015625 0.05
2 0.04453125 0.27421875 0.0125 0.0359375
4 0.5328125 0.7265625 0.071875 0.225