0 0.90546875 0.4296875 0.015625 0.034375
4 0.95703125 0.48046875 0.021875 0.0453125
0 0.20234375 0.18359375 0.021875 0.046875
0 0.32890625 0.20625 0.0171875 0.0359375
0 0.78359375 0.36875 0.0125 0.0296875
0 0.45 0.23828125 0.0125 0.0296875
4 0.40390625 0.24609375 0.01875 0.040625
1 0.29609375 0.375 0.096875 0.20625
4 0.32265625 0.23671875 0.0234375 0.0484375
4 0.228125 0.3015625 0.04375 0.0921875
4 0.76328125 0.37265625 0.015625 0.034375
4 0.49296875 0.2671875 0.0171875 0.0359375
4 0.85703125 0.42109375 0.0171875 0.0375
4 0.2546875 0.24765625 0.0296875 0.0640625
4 0.3234375 0.4453125 0.0671875 0.1390625
1 0.384375 0.4515625 0.1109375 0.2375
4 0.58515625 0.29765625 0.0140625 0.0328125
0 0.56484375 0.278125 0.0125 0.0265625
4 0.66953125 0.6828125 0.0859375 0.1828125
4 0.67421875 0.33203125 0.0140625 0.0328125
0 0.67421875 0.31953125 0.0109375 0.028125