0 0.27421875 0.34140625 0.01875 0.0609375
4 0.6546875 0.315625 0.009375 0.0296875
4 0.62734375 0.30546875 0.00625 0.028125
0 0.5046875 0.3234375 0.0109375 0.0390625
0 0.0828125 0.40859375 0.034375 0.1015625
4 0.521875 0.396875 0.0203125 0.0734375
4 0.48984375 0.465625 0.028125 0.1046875
4 0.5828125 0.378125 0.01875 0.0609375
0 0.5296875 0.31796875 0.009375 0.0375
4 0.70390625 0.34921875 0.0109375 0.0390625
0 0.48046875 0.27890625 0.00625 0.021875
0 0.5390625 0.31015625 0.009375 0.034375
4 0.4703125 0.26640625 0.00625 0.01875
0 0.4546875 0.27265625 0.00625 0.0234375
4 0.56015625 0.2859375 0.00625 0.021875
0 0.37890625 0.24375 0.003125 0.0140625
4 0.79296875 0.30234375 0.003125 0.0140625
4 0.5515625 0.265625 0.003125 0.0140625
4 0.59296875 0.29375 0.00625 0.025
4 0.5078125 0.259375 0.003125 0.0140625
0 0.7875 0.2984375 0.003125 0.0140625
4 0.57890625 0.65390625 0.0515625 0.1828125
0 0.80234375 0.29921875 0.003125 0.0140625
0 0.365625 0.253125 0.0046875 0.01875
4 0.67890625 0.33046875 0.009375 0.034375
4 0.4296875 0.25625 0.003125 0.015625
0 0.5 0.2859375 0.00625 0.025
4 0.44765625 0.2515625 0.003125 0.0140625
0 0.73828125 0.2921875 0.003125 0.0140625
4 0.603125 0.27421875 0.0046875 0.0140625
0 0.4328125 0.26796875 0.00625 0.0203125
4 0.52578125 0.278125 0.00625 0.021875
4 0.8984375 0.30859375 0.003125 0.0125
4 0.75234375 0.29765625 0.003125 0.015625
0 0.40546875 0.26171875 0.0046875 0.0203125
0 0.428125 0.325 0.0140625 0.0453125
0 0.53203125 0.30078125 0.00625 0.0296875
4 0.834375 0.30859375 0.0046875 0.0140625
0 0.52109375 0.29453125 0.00625 0.028125
0 0.76484375 0.29609375 0.003125 0.0140625
0 0.5625 0.26328125 0.003125 0.0140625
4 0.875 0.31171875 0.003125 0.0140625
4 0.68046875 0.36484375 0.0140625 0.0453125
0 0.8171875 0.29921875 0.003125 0.0140625
0 0.34609375 0.2453125 0.0046875 0.0171875
0 0.80859375 0.296875 0.003125 0.0140625
4 0.478125 0.25546875 0.003125 0.0140625
4 0.425 0.25078125 0.003125 0.015625
4 0.71015625 0.28984375 0.0046875 0.015625
4 0.8609375 0.31015625 0.003125 0.0125
0 0.353125 0.24296875 0.003125 0.015625
0 0.6109375 0.27109375 0.003125 0.0140625
1 0.6453125 0.27734375 0.0046875 0.021875
0 0.5140625 0.25703125 0.003125 0.0125
1 0.66015625 0.2765625 0.0046875 0.0203125
1 0.65546875 0.278125 0.0046875 0.021875
4 0.415625 0.253125 0.003125 0.015625
4 0.41328125 0.24921875 0.003125 0.015625
0 0.4171875 0.24609375 0.003125 0.0140625
0 0.46328125 0.2515625 0.003125 0.0140625
4 0.50078125 0.271875 0.00625 0.021875
4 0.6515625 0.28046875 0.003125 0.015625
1 0.6515625 0.2734375 0.0046875 0.0234375
0 0.8390625 0.2984375 0.003125 0.0140625
4 0.8625 0.3046875 0.003125 0.0140625
4 0.9203125 0.31328125 0.003125 0.0109375
0 0.9234375 0.31015625 0.003125 0.0125
0 0.81328125 0.30078125 0.003125 0.0140625