4 0.51171875 0.3578125 0.025 0.0578125
0 0.30546875 0.2546875 0.021875 0.0484375
4 0.5015625 0.39921875 0.0328125 0.075
0 0.21796875 0.1890625 0.0171875 0.0375
0 0.284375 0.265625 0.0265625 0.0609375
0 0.2640625 0.2125 0.0171875 0.0375
0 0.28984375 0.2328125 0.01875 0.04375
4 0.4875 0.5171875 0.05625 0.128125
4 0.37890625 0.240625 0.0125 0.0296875
0 0.15859375 0.1625 0.015625 0.0359375
4 0.3109375 0.2078125 0.0125 0.028125
4 0.4375 0.27578125 0.015625 0.034375
4 0.38203125 0.19921875 0.00625 0.015625
4 0.84140625 0.38515625 0.0046875 0.0109375
4 0.86328125 0.39453125 0.0046875 0.0109375
4 0.215625 0.13671875 0.0078125 0.0171875
0 0.21484375 0.2765625 0.034375 0.0734375
0 0.34609375 0.18203125 0.0046875 0.0140625
4 0.128125 0.13125 0.0125 0.028125
4 0.94140625 0.45078125 0.0078125 0.0171875
4 0.2328125 0.1734375 0.0125 0.0296875
4 0.88515625 0.415625 0.00625 0.015625
0 0.32109375 0.17421875 0.00625 0.0140625
4 0.4984375 0.3265625 0.0203125 0.0453125
4 0.3484375 0.18828125 0.00625 0.015625
0 0.13125 0.103125 0.0078125 0.01875
4 0.40859375 0.2078125 0.0046875 0.0140625
4 0.16953125 0.12109375 0.0078125 0.0171875
4 0.8796875 0.403125 0.0046875 0.0109375
4 0.25078125 0.15 0.00625 0.015625
4 0.91171875 0.4203125 0.00625 0.0109375
4 0.3078125 0.1734375 0.0078125 0.015625
0 0.83046875 0.378125 0.0046875 0.0109375
4 0.7109375 0.33125 0.0046875 0.0109375
0 0.96328125 0.4421875 0.00625 0.0109375
0 0.95625 0.44765625 0.0046875 0.0140625
4 0.7453125 0.34609375 0.0046875 0.0109375
4 0.89296875 0.4234375 0.00625 0.0140625
4 0.91328125 0.43515625 0.0078125 0.015625
0 0.2640625 0.1515625 0.00625 0.0140625
4 0.6734375 0.3140625 0.0046875 0.0109375
4 0.425 0.2140625 0.00625 0.0140625
0 0.3 0.165625 0.00625 0.015625
0 0.72421875 0.334375 0.0046875 0.0125
0 0.36484375 0.1890625 0.0046875 0.0140625
4 0.79375 0.365625 0.0046875 0.0109375
0 0.19921875 0.12734375 0.00625 0.015625
0 0.66640625 0.30859375 0.0046875 0.009375
0 0.90546875 0.41328125 0.0046875 0.009375
4 0.7734375 0.35859375 0.0046875 0.0109375
0 0.70625 0.3265625 0.0046875 0.0125
4 0.89765625 0.4125 0.0046875 0.0109375
4 0.91796875 0.425 0.0046875 0.0140625
0 0.9375 0.4296875 0.00625 0.0140625
0 0.74296875 0.34296875 0.0046875 0.0109375
4 0.82109375 0.37578125 0.0046875 0.0109375
0 0.68515625 0.31640625 0.003125 0.0109375
4 0.43671875 0.2171875 0.0046875 0.0125
0 0.378125 0.19453125 0.00625 0.0140625
0 0.8671875 0.3953125 0.0046875 0.0109375
0 0.396875 0.19765625 0.0046875 0.0125
4 0.81015625 0.37109375 0.0046875 0.0109375
4 0.675 0.8734375 0.0296875 0.05
0 0.38984375 0.196875 0.00625 0.0140625
0 0.4 0.196875 0.00625 0.0140625
0 0.771875 0.353125 0.003125 0.0078125
4 0.45546875 0.215625 0.003125 0.0078125
0 0.40859375 0.196875 0.003125 0.009375
4 0.44375 0.21484375 0.003125 0.009375
4 0.6453125 0.30078125 0.0046875 0.0109375
0 0.75625 0.34609375 0.0046875 0.0109375
4 0.9203125 0.425 0.0046875 0.0125
0 0.95859375 0.446875 0.0046875 0.0140625
1 0.5921875 0.27265625 0.00625 0.015625
1 0.59765625 0.27578125 0.00625 0.0171875
1 0.61953125 0.2828125 0.00625 0.0171875
1 0.62421875 0.284375 0.00625 0.015625
4 0.62421875 0.29140625 0.0046875 0.0109375
0 0.621875 0.2859375 0.0046875 0.0109375
4 0.5953125 0.27578125 0.003125 0.0109375
4 0.46953125 0.22109375 0.003125 0.009375
4 0.4890625 0.22890625 0.003125 0.009375
4 0.5109375 0.23828125 0.003125 0.0109375
4 0.52734375 0.2453125 0.003125 0.009375
4 0.5484375 0.25546875 0.0046875 0.0109375
4 0.57265625 0.26640625 0.003125 0.009375
0 0.51875 0.23984375 0.0046875 0.009375
0 0.96015625 0.453125 0.00625 0.0125