4 0.78828125 0.48515625 0.040625 0.090625
0 0.47265625 0.54765625 0.04375 0.1078125
4 0.67890625 0.4203125 0.025 0.0578125
4 0.8703125 0.36015625 0.0171875 0.0390625
4 0.62109375 0.39921875 0.01875 0.0453125
0 0.43359375 0.3890625 0.009375 0.028125
0 0.53203125 0.36484375 0.0109375 0.025
0 0.58359375 0.3578125 0.009375 0.021875
4 0.92890625 0.37421875 0.021875 0.05
0 0.4546875 0.4203125 0.0171875 0.0453125
4 0.68046875 0.35546875 0.0109375 0.0265625
4 0.97265625 0.68046875 0.0546875 0.1765625
4 0.809375 0.3484375 0.0125 0.0328125
0 0.8859375 0.33359375 0.0125 0.0296875
0 0.81484375 0.3328125 0.0109375 0.025
0 0.47890625 0.3765625 0.0109375 0.025
0 0.44140625 0.4046875 0.0140625 0.0375
0 0.4703125 0.459375 0.025 0.0609375
4 0.55703125 0.37421875 0.0125 0.0296875
4 0.7484375 0.3515625 0.0109375 0.0265625
0 0.63984375 0.35 0.0078125 0.0203125
4 0.5734375 0.38671875 0.0140625 0.0328125
4 0.61171875 0.3609375 0.0109375 0.0234375
2 0.70390625 0.3234375 0.00625 0.0140625
2 0.6578125 0.32890625 0.0046875 0.0140625
2 0.43515625 0.35546875 0.00625 0.0140625
2 0.45703125 0.353125 0.00625 0.0140625
0 0.709375 0.3421875 0.009375 0.021875
2 0.728125 0.32109375 0.00625 0.015625
2 0.68125 0.325 0.00625 0.0140625
2 0.5 0.34609375 0.0046875 0.0125
2 0.40546875 0.36015625 0.00625 0.0140625
2 0.4765625 0.34921875 0.0046875 0.0140625