0 0.446875 0.3109375 0.0234375 0.05625
0 0.31640625 0.27734375 0.0203125 0.046875
0 0.25078125 0.2546875 0.0171875 0.0375
0 0.5328125 0.53515625 0.0671875 0.1546875
0 0.6015625 0.36796875 0.0359375 0.075
4 0.70390625 0.3328125 0.0203125 0.0453125
0 0.13046875 0.20234375 0.0109375 0.025
4 0.3671875 0.24453125 0.0125 0.0296875
4 0.95859375 0.31796875 0.0125 0.028125
0 0.9953125 0.32265625 0.009375 0.0234375
4 0.87109375 0.3921875 0.034375 0.0671875
0 0.89296875 0.3015625 0.009375 0.021875
4 0.40625 0.26015625 0.0140625 0.034375
4 0.78984375 0.28515625 0.009375 0.0234375
0 0.2546875 0.22421875 0.0109375 0.0265625
0 0.23515625 0.23828125 0.015625 0.0328125
0 0.30546875 0.20546875 0.00625 0.0140625
4 0.35859375 0.23359375 0.0109375 0.025
4 0.478125 0.23515625 0.0078125 0.0171875
4 0.51640625 0.28359375 0.015625 0.0390625
0 0.40625 0.2203125 0.00625 0.0140625
0 0.5859375 0.24609375 0.0078125 0.0171875
4 0.86171875 0.3 0.0109375 0.025
4 0.42890625 0.22890625 0.00625 0.0171875
4 0.66015625 0.2640625 0.009375 0.0203125
4 0.38125 0.2234375 0.0078125 0.0171875
4 0.60390625 0.25546875 0.009375 0.0203125
4 0.540625 0.2453125 0.009375 0.0203125
4 0.26875 0.2015625 0.00625 0.0171875
4 0.7203125 0.271875 0.009375 0.0203125
0 0.6484375 0.25546875 0.00625 0.0171875
4 0.28515625 0.21796875 0.009375 0.021875
4 0.325 0.21328125 0.00625 0.0171875
0 0.79765625 0.28125 0.009375 0.0203125
0 0.46484375 0.2265625 0.00625 0.015625
0 0.3515625 0.21328125 0.00625 0.0140625
0 0.19140625 0.1890625 0.00625 0.0140625
0 0.51640625 0.23515625 0.00625 0.0171875
4 0.1546875 0.1875 0.00625 0.015625
4 0.11640625 0.1828125 0.00625 0.015625
0 0.19921875 0.2125 0.0109375 0.025
4 0.19921875 0.20234375 0.0078125 0.0203125
0 0.24609375 0.19375 0.00625 0.015625
0 0.14609375 0.18203125 0.00625 0.0140625