0 0.6796875 0.42734375 0.065625 0.146875
0 0.9015625 0.2796875 0.046875 0.103125
0 0.309375 0.76171875 0.115625 0.253125
4 0.6203125 0.165625 0.0109375 0.028125
0 0.6125 0.16796875 0.0109375 0.028125
0 0.0390625 0.34453125 0.0078125 0.0171875
0 0.08984375 0.32109375 0.0078125 0.01875
0 0.14375 0.30078125 0.00625 0.0171875
4 0.03046875 0.353125 0.009375 0.0171875
4 0.084375 0.33828125 0.009375 0.01875
4 0.13828125 0.309375 0.0078125 0.0171875
4 0.475 0.18515625 0.00625 0.015625
4 0.51875 0.16171875 0.00625 0.0140625
4 0.5609375 0.140625 0.00625 0.0140625