4 0.21484375 0.38828125 0.0265625 0.0703125
4 0.14375 0.33984375 0.0171875 0.0484375
0 0.0703125 0.2984375 0.0109375 0.028125
4 0.49296875 0.29453125 0.009375 0.0296875
0 0.59140625 0.28984375 0.0078125 0.0265625
4 0.6296875 0.30546875 0.0125 0.0359375
4 0.50234375 0.65546875 0.0703125 0.1890625
4 0.83359375 0.31640625 0.0140625 0.040625
0 0.6671875 0.29453125 0.009375 0.03125
0 0.53125 0.28359375 0.0078125 0.025
0 0.1125 0.275 0.00625 0.0203125
4 0.33828125 0.45625 0.040625 0.1015625
4 0.15625 0.3203125 0.0125 0.0359375
4 0.19296875 0.29765625 0.0109375 0.0296875
4 0.43125 0.2828125 0.0078125 0.025
4 0.8328125 0.26796875 0.0046875 0.0125
0 0.18359375 0.2546875 0.0046875 0.0140625
4 0.4234375 0.2734375 0.0046875 0.01875
4 0.71640625 0.26015625 0.003125 0.0109375
4 0.91796875 0.265625 0.0046875 0.0125
0 0.20859375 0.25234375 0.0046875 0.0140625
4 0.228125 0.26328125 0.0046875 0.0171875
4 0.8796875 0.26875 0.0046875 0.0109375
4 0.2140625 0.26953125 0.00625 0.0171875
4 0.484375 0.26484375 0.0046875 0.015625
0 0.58359375 0.25703125 0.0046875 0.0125
0 0.0859375 0.28359375 0.0078125 0.025
0 0.13828125 0.2671875 0.00625 0.0171875
4 0.196875 0.278125 0.00625 0.0203125
0 0.90703125 0.27578125 0.0046875 0.0140625
4 0.778125 0.2640625 0.003125 0.0109375
4 0.65703125 0.25625 0.003125 0.0109375
0 0.7609375 0.29609375 0.0109375 0.0296875
0 0.8859375 0.296875 0.0109375 0.03125
4 0.6015625 0.2546875 0.003125 0.0109375
4 0.23828125 0.259375 0.0046875 0.0140625
0 0.50859375 0.2765625 0.00625 0.0203125
0 0.53671875 0.259375 0.0046875 0.0140625
4 0.24921875 0.25546875 0.0046875 0.0140625
4 0.54921875 0.25234375 0.003125 0.0109375
4 0.296875 0.24765625 0.0046875 0.0140625
0 0.690625 0.26328125 0.003125 0.0109375
0 0.5578125 0.26875 0.0046875 0.0171875
0 0.84921875 0.27578125 0.0046875 0.0140625
4 0.76328125 0.24140625 0.003125 0.009375
4 0.79765625 0.2421875 0.003125 0.009375
0 0.63515625 0.26015625 0.003125 0.0109375
0 0.1640625 0.2609375 0.0046875 0.015625
0 0.55234375 0.26484375 0.0046875 0.0140625
0 0.784375 0.2734375 0.0046875 0.0140625
4 0.46953125 0.26015625 0.0046875 0.0140625
4 0.7 0.24296875 0.003125 0.009375
4 0.83515625 0.2421875 0.003125 0.009375
4 0.32109375 0.24609375 0.003125 0.0109375
4 0.4625 0.2703125 0.0046875 0.015625
4 0.459375 0.2578125 0.003125 0.0125
0 0.3359375 0.24140625 0.003125 0.0109375
0 0.7390625 0.26640625 0.003125 0.0125
0 0.55078125 0.271875 0.0046875 0.0171875
4 0.396875 0.24140625 0.003125 0.009375
4 0.496875 0.253125 0.003125 0.0109375
4 0.19609375 0.2859375 0.00625 0.025
4 0.53359375 0.24296875 0.003125 0.009375
4 0.27265625 0.2515625 0.003125 0.0125
0 0.24296875 0.25 0.003125 0.0109375
4 0.484375 0.2421875 0.003125 0.009375
0 0.2703125 0.246875 0.003125 0.0109375
0 0.3 0.24453125 0.003125 0.0109375
4 0.33671875 0.24296875 0.003125 0.0109375
0 0.4328125 0.2390625 0.003125 0.009375
4 0.45390625 0.2421875 0.003125 0.009375
0 0.5015625 0.24140625 0.003125 0.009375
0 0.53671875 0.25703125 0.003125 0.0140625
1 0.59296875 0.240625 0.0046875 0.0140625
1 0.603125 0.240625 0.003125 0.015625
0 0.5984375 0.2421875 0.003125 0.009375
4 0.60859375 0.2453125 0.003125 0.009375
1 0.60390625 0.23984375 0.003125 0.0140625
1 0.6140625 0.2421875 0.0046875 0.0140625
4 0.875 0.24140625 0.003125 0.009375
4 0.72890625 0.2421875 0.003125 0.009375
4 0.5859375 0.24296875 0.003125 0.009375
0 0.89921875 0.2375 0.0015625 0.00625
4 0.3640625 0.2421875 0.003125 0.009375
0 0.8546875 0.2375 0.0015625 0.00625
4 0.6734375 0.24453125 0.003125 0.009375
4 0.56015625 0.24296875 0.003125 0.009375
0 0.784375 0.23984375 0.003125 0.0078125
4 0.6421875 0.2453125 0.003125 0.0078125
0 0.88203125 0.2375 0.0015625 0.00625
4 0.4234375 0.23984375 0.003125 0.0078125
4 0.50859375 0.2421875 0.003125 0.009375
0 0.65859375 0.24140625 0.003125 0.0078125
0 0.81953125 0.2390625 0.003125 0.0078125
0 0.6890625 0.23984375 0.003125 0.009375
0 0.63046875 0.2421875 0.003125 0.0078125
0 0.365625 0.240625 0.003125 0.0078125
0 0.46640625 0.240625 0.0015625 0.0078125
0 0.5296875 0.24375 0.003125 0.009375
0 0.5546875 0.24375 0.0015625 0.00625
0 0.57578125 0.24375 0.003125 0.0078125
0 0.7125 0.23984375 0.003125 0.0078125
0 0.75078125 0.23828125 0.003125 0.0078125
4 0.921875 0.24296875 0.0015625 0.0078125