4 0.6703125 0.56328125 0.046875 0.1015625
0 0.3703125 0.47890625 0.0359375 0.084375
0 0.37890625 0.41484375 0.01875 0.0484375
0 0.2203125 0.39765625 0.021875 0.053125
4 0.8203125 0.496875 0.0234375 0.05625
0 0.4515625 0.44765625 0.028125 0.0625
4 0.7671875 0.82890625 0.08125 0.1359375
0 0.14765625 0.553125 0.0625 0.140625
4 0.63671875 0.42734375 0.0109375 0.0296875
4 0.5984375 0.44609375 0.01875 0.0453125
0 0.95 0.48203125 0.0171875 0.0375
4 0.5546875 0.41328125 0.0109375 0.028125
0 0.778125 0.44296875 0.0125 0.0296875
0 0.09296875 0.340625 0.0125 0.0265625
4 0.18515625 0.37421875 0.015625 0.040625
0 0.878125 0.4609375 0.0125 0.03125
4 0.70859375 0.44140625 0.0125 0.034375
0 0.6796875 0.4265625 0.0109375 0.0265625
4 0.16875 0.3609375 0.0140625 0.034375
0 0.16328125 0.35546875 0.0109375 0.028125
0 0.575 0.4109375 0.0109375 0.0234375
0 0.47265625 0.39609375 0.009375 0.0234375
4 0.30234375 0.38984375 0.015625 0.0375
2 0.446875 0.37421875 0.00625 0.0171875
4 0.41484375 0.40546875 0.015625 0.0375
4 0.36953125 0.38828125 0.009375 0.028125
4 0.46171875 0.40078125 0.0125 0.028125
2 0.346875 0.36015625 0.00625 0.015625
2 0.56875 0.39296875 0.00625 0.015625
4 0.27265625 0.37578125 0.0109375 0.0296875
2 0.40625 0.36875 0.00625 0.015625
4 0.653125 0.48515625 0.025 0.0625
4 0.7890625 0.4671875 0.015625 0.04375
4 0.78515625 0.45390625 0.0140625 0.0359375
4 0.92578125 0.575 0.040625 0.090625
2 0.37890625 0.36484375 0.0046875 0.0140625
0 0.26953125 0.3703125 0.0078125 0.025
2 0.30234375 0.35390625 0.00625 0.0171875
2 0.5125 0.3859375 0.0046875 0.0125
4 0.51171875 0.42421875 0.0125 0.034375
0 0.37578125 0.3828125 0.009375 0.025
2 0.6234375 0.39921875 0.00625 0.015625
2 0.6875 0.409375 0.00625 0.0140625