0 0.71875 0.2234375 0.00625 0.025
0 0.453125 0.290625 0.009375 0.0359375
4 0.76796875 0.2890625 0.015625 0.053125
0 0.46015625 0.52421875 0.040625 0.1421875
0 0.6859375 0.2296875 0.00625 0.0265625
0 0.55 0.253125 0.00625 0.028125
0 0.5546875 0.3578125 0.0140625 0.071875
0 0.546875 0.40703125 0.025 0.0921875
0 0.53203125 0.33046875 0.015625 0.0609375
0 0.4859375 0.31328125 0.0125 0.0484375
4 0.83125 0.19453125 0.00625 0.0203125
4 0.8515625 0.31171875 0.025 0.0703125
4 0.66796875 0.2765625 0.015625 0.0453125
4 0.83984375 0.19609375 0.00625 0.0203125
4 0.81796875 0.21875 0.0078125 0.028125
4 0.63046875 0.2609375 0.009375 0.0359375
4 0.85703125 0.20625 0.0078125 0.025
4 0.8671875 0.184375 0.00625 0.0171875
4 0.771875 0.23046875 0.0078125 0.03125
4 0.90390625 0.17890625 0.0046875 0.0171875
0 0.48828125 0.2671875 0.0078125 0.0296875
4 0.659375 0.25078125 0.0078125 0.034375
0 0.80625 0.18828125 0.0046875 0.0171875
0 0.6203125 0.24140625 0.00625 0.0265625
0 0.3171875 0.715625 0.0671875 0.2234375
0 0.771875 0.1953125 0.0046875 0.0171875
0 0.74140625 0.203125 0.003125 0.01875
0 0.74375 0.21640625 0.00625 0.021875
0 0.75 0.20703125 0.0046875 0.0203125
0 0.75390625 0.21015625 0.00625 0.0234375
4 0.86015625 0.20078125 0.0046875 0.0234375
4 0.84296875 0.18828125 0.0046875 0.0171875
0 0.85703125 0.18125 0.003125 0.0171875
0 0.91953125 0.17265625 0.003125 0.0171875