0 0.09296875 0.27734375 0.0125 0.0421875
4 0.13984375 0.4078125 0.028125 0.096875
0 0.51640625 0.2859375 0.009375 0.03125
4 0.30859375 0.29921875 0.0125 0.0453125
0 0.25078125 0.271875 0.0109375 0.0359375
0 0.3890625 0.2765625 0.009375 0.0328125
4 0.23203125 0.3046875 0.015625 0.05
0 0.646875 0.29921875 0.009375 0.03125
4 0.76484375 0.34140625 0.0125 0.0453125
4 0.5375 0.31015625 0.0125 0.0421875
4 0.41328125 0.3015625 0.0109375 0.040625
4 0.6546875 0.32265625 0.0109375 0.0421875
4 0.48515625 0.5828125 0.0484375 0.1671875
4 0.15 0.32265625 0.01875 0.0609375
4 0.10234375 0.3609375 0.0234375 0.078125
0 0.78359375 0.3203125 0.0109375 0.0359375
0 0.94453125 0.35546875 0.00625 0.028125