0 0.871875 0.34609375 0.00625 0.028125
4 0.29921875 0.3671875 0.0171875 0.0671875
0 0.096875 0.29296875 0.0125 0.04375
4 0.2796875 0.32421875 0.0140625 0.05
4 0.35234375 0.27421875 0.00625 0.0265625
4 0.30078125 0.29921875 0.009375 0.040625
0 0.175 0.27734375 0.009375 0.0328125
0 0.221875 0.26875 0.00625 0.0265625
0 0.2671875 0.2625 0.00625 0.021875
0 0.7984375 0.3265625 0.00625 0.025
4 0.35625 0.44609375 0.0265625 0.0984375
4 0.8328125 0.3578125 0.009375 0.0359375
4 0.85078125 0.31796875 0.0046875 0.0171875
4 0.78828125 0.31171875 0.0046875 0.0171875
4 0.56796875 0.715625 0.0609375 0.2125
4 0.69453125 0.31015625 0.0046875 0.021875
0 0.82734375 0.32578125 0.00625 0.021875
4 0.3296875 0.2859375 0.0078125 0.0328125
4 0.740625 0.309375 0.0046875 0.0203125
4 0.93515625 0.32890625 0.0046875 0.0171875
4 0.696875 0.33125 0.00625 0.028125
0 0.31875 0.25703125 0.0046875 0.01875
4 0.3640625 0.2671875 0.0046875 0.025
0 0.45078125 0.2578125 0.003125 0.0140625
0 0.87734375 0.33046875 0.0046875 0.0203125
4 0.43046875 0.2625 0.0046875 0.0171875
4 0.38984375 0.26171875 0.0046875 0.0203125
4 0.6046875 0.27578125 0.003125 0.0140625
0 0.3578125 0.2546875 0.003125 0.0171875
0 0.40078125 0.25390625 0.003125 0.015625
0 0.94609375 0.33671875 0.003125 0.0203125
1 0.6859375 0.278125 0.0046875 0.0203125
4 0.57265625 0.27265625 0.003125 0.0140625
4 0.46015625 0.2640625 0.003125 0.0171875
1 0.69765625 0.28046875 0.003125 0.0203125
4 0.5 0.2671875 0.003125 0.0140625
0 0.49765625 0.26328125 0.003125 0.0140625
1 0.65546875 0.27109375 0.003125 0.0203125
4 0.69140625 0.2828125 0.003125 0.0140625
4 0.66640625 0.2796875 0.003125 0.0125
4 0.540625 0.2703125 0.003125 0.0140625
0 0.5421875 0.26796875 0.0015625 0.0140625
0 0.57734375 0.27265625 0.003125 0.0109375
0 0.609375 0.275 0.003125 0.0125
4 0.6375 0.27734375 0.003125 0.0140625
0 0.6609375 0.27734375 0.003125 0.0109375
1 0.66796875 0.27421875 0.003125 0.01875
4 0.72734375 0.2859375 0.003125 0.0125
4 0.759375 0.2875 0.003125 0.0125
4 0.78515625 0.2875 0.003125 0.0125
4 0.81328125 0.28671875 0.003125 0.0140625
4 0.8453125 0.28828125 0.003125 0.0109375
4 0.875 0.29140625 0.003125 0.0125
0 0.63515625 0.27578125 0.003125 0.0109375
0 0.75703125 0.27890625 0.003125 0.0140625
0 0.7796875 0.28046875 0.003125 0.0109375
0 0.815625 0.28203125 0.003125 0.0109375
0 0.87734375 0.2859375 0.003125 0.0109375
0 0.93125 0.2859375 0.003125 0.0109375
0 0.90546875 0.28515625 0.003125 0.0109375
4 0.90703125 0.29140625 0.003125 0.0140625
4 0.9453125 0.29375 0.003125 0.0125
0 0.846875 0.28359375 0.003125 0.0109375
0 0.69609375 0.27890625 0.0015625 0.0125