0 0.23984375 0.48515625 0.0109375 0.015625
0 0.32265625 0.4984375 0.0109375 0.0171875
0 0.33984375 0.52421875 0.0171875 0.0265625
0 0.40234375 0.50078125 0.009375 0.0140625
0 0.12734375 0.525 0.028125 0.0375
0 0.51015625 0.5609375 0.0296875 0.0359375
0 0.5609375 0.61796875 0.040625 0.0578125
0 0.5578125 0.5390625 0.0140625 0.021875
0 0.59296875 0.51953125 0.0078125 0.0109375
0 0.63203125 0.528125 0.009375 0.0140625
0 0.66171875 0.54921875 0.015625 0.0203125
0 0.70546875 0.54296875 0.0125 0.0171875
0 0.74609375 0.56328125 0.01875 0.025
0 0.86015625 0.6203125 0.0359375 0.04375
4 0.1765625 0.49375 0.01875 0.025
4 0.43671875 0.51796875 0.015625 0.021875
4 0.4453125 0.51015625 0.0109375 0.0171875
4 0.4890625 0.5078125 0.009375 0.0140625
4 0.52890625 0.51015625 0.0078125 0.0109375
4 0.66796875 0.52734375 0.0078125 0.0109375
4 0.68203125 0.54375 0.0125 0.01875
4 0.70625 0.5375 0.009375 0.0140625
4 0.734375 0.5515625 0.0140625 0.01875
4 0.81171875 0.5890625 0.0265625 0.0328125
4 0.75625 0.8875 0.146875 0.1859375
2 0.08125 0.753125 0.1265625 0.1671875
2 0.37734375 0.5828125 0.0359375 0.053125
2 0.54765625 0.5421875 0.0171875 0.025
2 0.57890625 0.53359375 0.0140625 0.01875
2 0.58515625 0.52265625 0.0078125 0.0125
2 0.61171875 0.53203125 0.0109375 0.015625
2 0.64453125 0.5234375 0.0078125 0.0109375
2 0.6546875 0.57890625 0.0265625 0.034375
2 0.715625 0.5390625 0.0109375 0.015625
2 0.8375 0.57421875 0.0171875 0.025