0 0.68984375 0.5390625 0.034375 0.0671875
0 0.56796875 0.56484375 0.0515625 0.0984375
0 0.234375 0.315625 0.025 0.0515625
0 0.85078125 0.52265625 0.015625 0.034375
0 0.50390625 0.38671875 0.0171875 0.034375
4 0.91875 0.52578125 0.0109375 0.025
0 0.81328125 0.52578125 0.0203125 0.0390625
0 0.8921875 0.528125 0.0140625 0.0296875
4 0.51953125 0.3640625 0.0078125 0.015625
0 0.56875 0.38125 0.0109375 0.0203125
0 0.546875 0.39375 0.0125 0.028125
0 0.41484375 0.36640625 0.0203125 0.040625
4 0.56015625 0.371875 0.00625 0.0140625
4 0.734375 0.440625 0.009375 0.01875
0 0.6734375 0.4203125 0.0078125 0.0203125
4 0.42265625 0.33203125 0.009375 0.0171875
4 0.8125 0.4703125 0.009375 0.01875
4 0.93828125 0.5265625 0.009375 0.01875
0 0.765625 0.46875 0.009375 0.0203125
4 0.4734375 0.3515625 0.0078125 0.0171875
0 0.31796875 0.29765625 0.0078125 0.0171875
0 0.54453125 0.38203125 0.009375 0.0203125
4 0.634375 0.3953125 0.00625 0.0140625
4 0.8484375 0.49453125 0.009375 0.0203125
4 0.759375 0.446875 0.00625 0.0140625
4 0.328125 0.3203125 0.0140625 0.03125
4 0.78828125 0.4671875 0.0078125 0.0171875
4 0.86328125 0.49375 0.009375 0.0203125
0 0.7625 0.53203125 0.025 0.053125
4 0.69296875 0.42265625 0.0078125 0.015625
4 0.3046875 0.2984375 0.009375 0.0171875
4 0.7171875 0.42734375 0.00625 0.0140625
0 0.74609375 0.4359375 0.00625 0.0140625
4 0.5984375 0.38359375 0.0078125 0.0171875
4 0.553125 0.37265625 0.00625 0.0140625
4 0.46328125 0.35 0.009375 0.0203125
0 0.7078125 0.4375 0.0109375 0.021875
0 0.3765625 0.315625 0.0078125 0.0171875
0 0.5921875 0.3875 0.009375 0.01875
4 0.253125 0.28125 0.009375 0.01875
4 0.6453125 0.403125 0.00625 0.0125
0 0.915625 0.5125 0.0078125 0.0171875
0 0.5484375 0.37578125 0.00625 0.015625
0 0.31953125 0.66640625 0.0953125 0.1953125
0 0.64765625 0.4078125 0.0078125 0.0171875
0 0.83515625 0.49453125 0.015625 0.03125
4 0.41328125 0.34453125 0.0171875 0.034375
4 0.36171875 0.31328125 0.009375 0.0203125
0 0.25703125 0.2796875 0.009375 0.0171875
4 0.175 0.27265625 0.0171875 0.0328125