0 0.7375 0.49765625 0.0640625 0.134375
0 0.725 0.2328125 0.0046875 0.0109375
4 0.70234375 0.22890625 0.0046875 0.0109375
4 0.7359375 0.22890625 0.003125 0.009375
0 0.73828125 0.234375 0.0046875 0.0109375
0 0.678125 0.2296875 0.0046875 0.0109375
4 0.72421875 0.2515625 0.00625 0.0140625
4 0.659375 0.24453125 0.00625 0.0171875
0 0.76171875 0.23515625 0.0046875 0.009375
4 0.76640625 0.23125 0.003125 0.0078125
0 0.74296875 0.24375 0.00625 0.0140625
4 0.6515625 0.2390625 0.00625 0.0140625
4 0.76484375 0.25 0.0046875 0.0140625
4 0.72109375 0.228125 0.0046875 0.0109375
0 0.64453125 0.225 0.0046875 0.009375
4 0.62578125 0.2203125 0.003125 0.009375
0 0.61171875 0.23203125 0.0046875 0.0125
4 0.69453125 0.2421875 0.00625 0.0125
4 0.78671875 0.259375 0.00625 0.0140625
0 0.70703125 0.2328125 0.003125 0.0109375
4 0.66953125 0.22734375 0.003125 0.009375
4 0.68984375 0.22890625 0.003125 0.0078125
0 0.77734375 0.23515625 0.0046875 0.0109375
4 0.68828125 0.22109375 0.003125 0.00625
4 0.65078125 0.22265625 0.003125 0.009375
4 0.6125 0.23671875 0.00625 0.015625
4 0.7859375 0.228125 0.003125 0.009375
0 0.6203125 0.22265625 0.0046875 0.0109375
4 0.65234375 0.21875 0.003125 0.0078125
0 0.653125 0.23359375 0.0046875 0.0109375
0 0.69609375 0.23828125 0.0046875 0.0109375
4 0.7546875 0.22421875 0.003125 0.0078125
0 0.0578125 0.640625 0.115625 0.24375
2 0.72734375 0.2390625 0.00625 0.0125