0 0.53984375 0.384375 0.009375 0.03125
0 0.21484375 0.52265625 0.028125 0.0875
4 0.928125 0.49140625 0.028125 0.0875
4 0.653125 0.3953125 0.0125 0.0390625
4 0.58828125 0.415625 0.0140625 0.0453125
4 0.72421875 0.3859375 0.0109375 0.0359375
4 0.5765625 0.45625 0.01875 0.065625
0 0.63203125 0.37265625 0.0078125 0.028125
0 0.81484375 0.36484375 0.009375 0.025
0 0.709375 0.36484375 0.0078125 0.028125
4 0.7859375 0.37734375 0.009375 0.03125
4 0.91015625 0.38203125 0.0109375 0.0359375
4 0.5640625 0.5328125 0.0296875 0.1
4 0.94296875 0.42109375 0.009375 0.0453125
4 0.9171875 0.7359375 0.046875 0.165625
0 0.32734375 0.4421875 0.015625 0.0546875
0 0.4375 0.4046875 0.0125 0.0390625
4 0.90234375 0.44921875 0.0234375 0.06875