4 0.88828125 0.575 0.0859375 0.1640625
4 0.83984375 0.4234375 0.04375 0.0859375
4 0.82734375 0.365625 0.028125 0.0578125
0 0.6203125 0.41171875 0.028125 0.059375
0 0.50625 0.49921875 0.0421875 0.084375
0 0.24609375 0.75859375 0.103125 0.1984375
0 0.696875 0.31640625 0.009375 0.01875
4 0.78515625 0.3390625 0.01875 0.040625
0 0.62890625 0.3796875 0.01875 0.040625
0 0.64921875 0.33046875 0.009375 0.0203125
4 0.753125 0.33125 0.015625 0.0328125
4 0.8328125 0.290625 0.0109375 0.021875
0 0.74453125 0.30234375 0.009375 0.01875
4 0.721875 0.32734375 0.0125 0.028125
0 0.62578125 0.36171875 0.0125 0.0328125
4 0.765625 0.3046875 0.0109375 0.0203125
4 0.7140625 0.3203125 0.0125 0.0234375
0 0.61015625 0.3453125 0.009375 0.0234375
0 0.61640625 0.35703125 0.0125 0.0234375
4 0.9 0.27734375 0.0109375 0.0234375
0 0.8703125 0.2734375 0.0109375 0.0203125