0 0.67890625 0.46953125 0.0453125 0.134375
0 0.56640625 0.2203125 0.0078125 0.03125
4 0.86015625 0.2640625 0.0140625 0.0421875
0 0.715625 0.278125 0.015625 0.0484375
0 0.1953125 0.2078125 0.0078125 0.0265625
0 0.4578125 0.21640625 0.0078125 0.028125
0 0.35 0.215625 0.0078125 0.028125
0 0.25859375 0.2125 0.0078125 0.028125
0 0.64609375 0.2421875 0.0109375 0.0359375
0 0.75859375 0.34453125 0.0234375 0.0765625
4 0.6421875 0.21484375 0.00625 0.025
0 0.13984375 0.19921875 0.00625 0.0234375
4 0.73671875 0.23203125 0.009375 0.03125
4 0.53671875 0.21171875 0.00625 0.021875
0 0.95859375 0.2140625 0.00625 0.01875
4 0.209375 0.19453125 0.0046875 0.0203125
4 0.36640625 0.1859375 0.003125 0.0140625
4 0.31015625 0.1875 0.003125 0.0140625
0 0.16953125 0.72578125 0.0703125 0.2109375
4 0.41796875 0.20546875 0.00625 0.021875
4 0.25546875 0.1984375 0.00625 0.021875
4 0.93671875 0.2171875 0.00625 0.021875
4 0.79921875 0.20234375 0.0046875 0.0171875
4 0.328125 0.20390625 0.00625 0.025
4 0.1078125 0.19375 0.00625 0.0203125
4 0.41171875 0.1859375 0.003125 0.0140625
0 0.33203125 0.1828125 0.003125 0.0140625
4 0.1453125 0.18984375 0.0046875 0.015625
0 0.87734375 0.20625 0.0046875 0.0171875
0 0.1515625 0.184375 0.003125 0.0140625
4 0.45703125 0.18671875 0.003125 0.0140625
4 0.66015625 0.19140625 0.003125 0.015625
0 0.75390625 0.19765625 0.003125 0.0140625
0 0.26640625 0.1828125 0.003125 0.0125
4 0.2484375 0.1875 0.003125 0.0140625
4 0.1984375 0.18828125 0.003125 0.015625
0 0.21328125 0.18203125 0.003125 0.0140625
4 0.5078125 0.1859375 0.003125 0.015625
0 0.3859375 0.1828125 0.003125 0.0140625
4 0.86171875 0.2109375 0.003125 0.0140625
4 0.55625 0.1890625 0.003125 0.0140625
4 0.73203125 0.19609375 0.0046875 0.0171875
4 0.06640625 0.1890625 0.0046875 0.0171875
4 0.61171875 0.190625 0.003125 0.015625
0 0.6828125 0.19453125 0.003125 0.015625