4 0.2546875 0.3484375 0.015625 0.0546875
4 0.27890625 0.3234375 0.0125 0.0421875
0 0.078125 0.31015625 0.0125 0.0421875
4 0.303125 0.41640625 0.0265625 0.084375
0 0.18359375 0.296875 0.0109375 0.0328125
0 0.290625 0.2734375 0.00625 0.0234375
4 0.5203125 0.68828125 0.065625 0.2078125
0 0.3296875 0.26953125 0.00625 0.0203125
4 0.3390625 0.3046875 0.0109375 0.0328125
4 0.38515625 0.2796875 0.00625 0.025
0 0.2546875 0.2828125 0.0078125 0.028125
0 0.3703125 0.2640625 0.0046875 0.0171875
4 0.3796875 0.2921875 0.0078125 0.028125
4 0.73515625 0.27265625 0.003125 0.0140625
0 0.4875 0.25 0.003125 0.0140625
4 0.40078125 0.2703125 0.0046875 0.0203125
0 0.4171875 0.25859375 0.0046875 0.0171875
4 0.434375 0.2703125 0.0046875 0.01875
0 0.4375 0.25390625 0.003125 0.0140625
0 0.4609375 0.25234375 0.003125 0.0125
4 0.4765625 0.265625 0.003125 0.0140625
0 0.740625 0.29140625 0.00625 0.021875
4 0.73984375 0.2703125 0.003125 0.0140625
4 0.75078125 0.26875 0.003125 0.0125
4 0.7515625 0.30390625 0.0078125 0.028125
0 0.76796875 0.28046875 0.003125 0.015625
0 0.79375 0.2796875 0.003125 0.015625
0 0.7984375 0.2984375 0.00625 0.025
0 0.80703125 0.278125 0.003125 0.0140625
0 0.8109375 0.27578125 0.003125 0.0125
0 0.8265625 0.2734375 0.003125 0.0125
4 0.9203125 0.3234375 0.0125 0.0359375
0 0.90859375 0.31015625 0.009375 0.028125
4 0.6515625 0.26953125 0.003125 0.015625
4 0.4921875 0.26171875 0.003125 0.015625
4 0.50390625 0.2578125 0.003125 0.0140625
0 0.7125 0.2859375 0.00625 0.0203125
0 0.70625 0.27734375 0.0046875 0.0171875
0 0.69375 0.28046875 0.0046875 0.01875
4 0.69765625 0.27109375 0.003125 0.0140625
4 0.659375 0.28671875 0.00625 0.025
4 0.62265625 0.27890625 0.0046875 0.0203125
4 0.625 0.27265625 0.003125 0.0171875