0 0.38984375 0.45234375 0.02109375 0.04921875
0 0.2453125 0.58203125 0.0515625 0.1046875
0 0.43515625 0.40859375 0.01328125 0.028125
0 0.45234375 0.3890625 0.0078125 0.01953125
0 0.4640625 0.38046875 0.0046875 0.015625
0 0.47109375 0.3734375 0.00390625 0.01171875
0 0.47578125 0.3703125 0.00390625 0.0109375
4 0.6484375 0.45234375 0.02265625 0.04921875
4 0.58828125 0.40703125 0.0125 0.028125
4 0.82265625 0.5859375 0.059375 0.11171875
4 0.5625 0.38828125 0.0078125 0.01953125
4 0.55 0.37890625 0.00625 0.015625
4 0.54140625 0.3734375 0.00390625 0.01171875
4 0.53515625 0.3703125 0.00390625 0.0109375
4 0.53046875 0.36640625 0.00390625 0.0109375
4 0.5265625 0.3640625 0.00234375 0.00859375
4 0.5234375 0.3625 0.00234375 0.00859375
4 0.52109375 0.3609375 0.0015625 0.00625