0 0.4640625 0.32578125 0.01328125 0.05625
0 0.428125 0.26015625 0.00703125 0.03125
0 0.27109375 0.228125 0.00546875 0.02421875
0 0.35625 0.2421875 0.00625 0.02578125
4 0.146875 0.32109375 0.02109375 0.06875
4 0.2921875 0.29765625 0.0171875 0.05078125
4 0.33515625 0.27421875 0.0109375 0.03984375
4 0.32109375 0.25703125 0.009375 0.03359375
4 0.21796875 0.2328125 0.009375 0.028125
0 0.47421875 0.2859375 0.00859375 0.0390625
0 0.17421875 0.21796875 0.00546875 0.02265625
0 0.31015625 0.38125 0.02578125 0.08828125
2 0.59375 0.39921875 0.02265625 0.08359375
4 0.27890625 0.24296875 0.0078125 0.0296875
2 0.84453125 0.41015625 0.02265625 0.071875
0 0.06171875 0.21015625 0.00625 0.025
4 0.140625 0.22421875 0.00859375 0.02734375
2 0.75 0.56328125 0.04375 0.14921875
3 0.84296875 0.3046875 0.0046875 0.02421875
4 0.22578125 0.5734375 0.05546875 0.18359375
4 0.0515625 0.21875 0.00546875 0.0296875
3 0.4328125 0.23828125 0.0046875 0.01953125
3 0.6390625 0.2578125 0.003125 0.01953125
3 0.52265625 0.2390625 0.00390625 0.0171875
3 0.52578125 0.246875 0.003125 0.01953125
3 0.6203125 0.26015625 0.00390625 0.0203125
3 0.62890625 0.25078125 0.003125 0.01640625
3 0.42265625 0.2296875 0.003125 0.01875
3 0.89453125 0.3078125 0.00625 0.02421875
3 0.79140625 0.28515625 0.0046875 0.0203125
3 0.78203125 0.27734375 0.003125 0.01875
3 0.775 0.27265625 0.003125 0.01484375
3 0.72421875 0.27890625 0.0046875 0.0203125
3 0.71796875 0.27265625 0.00390625 0.01640625
3 0.72578125 0.25703125 0.00234375 0.0140625
3 0.715625 0.265625 0.003125 0.01640625
3 0.71484375 0.25859375 0.003125 0.01484375