0 0.246875 0.3828125 0.0296875 0.0578125
0 0.35390625 0.32578125 0.01875 0.040625
0 0.859375 0.240625 0.0109375 0.021875
0 0.08671875 0.5046875 0.0546875 0.103125
0 0.57265625 0.271875 0.0125 0.0296875
4 0.50625 0.35859375 0.0234375 0.053125
0 0.68984375 0.25859375 0.0125 0.0265625
0 0.44296875 0.2890625 0.0125 0.0296875
0 0.746875 0.25234375 0.0109375 0.025
4 0.48125 0.43671875 0.0375 0.0828125
4 0.5859375 0.31015625 0.01875 0.0421875
4 0.678125 0.63125 0.0921875 0.184375
0 0.79921875 0.246875 0.0109375 0.0234375
4 0.8921875 0.25625 0.0140625 0.0296875
4 0.671875 0.28671875 0.015625 0.034375
4 0.78984375 0.26953125 0.0125 0.0296875