0 0.13046875 0.49609375 0.0296875 0.0390625
0 0.41484375 0.5234375 0.025 0.0328125
0 0.61796875 0.5390625 0.01875 0.025
0 0.81953125 0.57734375 0.01875 0.028125
0 0.828125 0.56796875 0.0140625 0.021875
4 0.159375 0.47421875 0.0203125 0.028125
4 0.20078125 0.59296875 0.05625 0.084375
4 0.4015625 0.50546875 0.0171875 0.025
4 0.6703125 0.55 0.021875 0.028125
4 0.68828125 0.54609375 0.0171875 0.025
4 0.896875 0.69609375 0.06875 0.0859375
4 0.92734375 0.5796875 0.0171875 0.021875
2 0.0875 0.46796875 0.021875 0.0296875
2 0.3828125 0.53671875 0.03125 0.0421875
2 0.46015625 0.51328125 0.01875 0.025
2 0.621875 0.56015625 0.0234375 0.034375
2 0.79375 0.590625 0.0265625 0.0359375
2 0.78125 0.553125 0.0140625 0.0203125
2 0.89921875 0.56484375 0.0125 0.0171875