0 0.365625 0.340625 0.01875 0.0484375
0 0.39609375 0.35546875 0.0234375 0.059375
0 0.41171875 0.37890625 0.0265625 0.0703125
4 0.5984375 0.28125 0.01875 0.0515625
0 0.31484375 0.3296875 0.0140625 0.0359375
0 0.87265625 0.140625 0.009375 0.0234375
4 0.88203125 0.14609375 0.009375 0.025
4 0.78359375 0.32421875 0.034375 0.090625
4 0.4921875 0.2796875 0.0140625 0.0359375
4 0.44921875 0.28046875 0.0125 0.03125
4 0.6734375 0.2921875 0.0234375 0.0640625
0 0.42265625 0.4328125 0.034375 0.096875
0 0.396875 0.52421875 0.0515625 0.1328125
0 0.2828125 0.32265625 0.0109375 0.028125
4 0.54765625 0.22109375 0.0078125 0.0171875
0 0.34140625 0.33515625 0.0171875 0.0453125
0 0.5625 0.2109375 0.0078125 0.01875
0 0.63203125 0.19609375 0.009375 0.01875
0 0.70546875 0.178125 0.0109375 0.0203125
0 0.28125 0.31015625 0.0078125 0.025
4 0.69453125 0.18671875 0.0078125 0.0203125
0 0.42421875 0.2515625 0.0078125 0.0171875
0 0.36484375 0.27109375 0.0078125 0.01875
4 0.3984375 0.28125 0.009375 0.0265625
4 0.6140625 0.20546875 0.0078125 0.01875
0 0.296875 0.765625 0.096875 0.23125
4 0.41953125 0.259375 0.00625 0.021875
1 0.78359375 0.1546875 0.009375 0.03125
4 0.53203125 0.28046875 0.015625 0.04375
4 0.45859375 0.246875 0.0078125 0.021875
4 0.38984375 0.27734375 0.009375 0.025
0 0.49140625 0.23125 0.0078125 0.01875
4 0.5046875 0.23359375 0.0078125 0.0203125
4 0.7734375 0.16953125 0.0078125 0.021875
0 0.3140625 0.29296875 0.0078125 0.021875
1 0.76953125 0.15859375 0.0109375 0.0328125
0 0.7765625 0.1609375 0.0078125 0.0265625
1 0.76328125 0.165625 0.0109375 0.0359375
4 0.3953125 0.26875 0.0078125 0.0203125
4 0.93203125 0.3984375 0.034375 0.134375
1 0.7796875 0.1625 0.0125 0.0375