0 0.8578125 0.28671875 0.0109375 0.03125
0 0.64140625 0.440625 0.040625 0.1046875
2 0.74140625 0.27265625 0.0109375 0.028125
0 0.8890625 0.2640625 0.0078125 0.021875
0 0.82890625 0.30859375 0.015625 0.040625
0 0.77265625 0.3484375 0.021875 0.059375
0 0.8984375 0.25703125 0.00625 0.01875
0 0.90546875 0.25234375 0.00625 0.015625
0 0.91953125 0.24296875 0.0046875 0.0140625
2 0.81484375 0.25703125 0.0078125 0.0203125
0 0.9109375 0.2484375 0.0046875 0.0140625
0 0.91640625 0.24609375 0.0046875 0.0140625
0 0.92265625 0.24140625 0.0046875 0.0140625
1 0.0359375 0.67109375 0.0515625 0.2375
0 0.9265625 0.2390625 0.0046875 0.0140625
0 0.928125 0.23671875 0.003125 0.0109375
0 0.8765625 0.27421875 0.009375 0.0265625