4 0.32265625 0.47421875 0.0484375 0.11875
0 0.0984375 0.18125 0.009375 0.025
0 0.81171875 0.43046875 0.009375 0.025
0 0.80390625 0.42265625 0.0078125 0.021875
4 0.81328125 0.45703125 0.0140625 0.0375
1 0.28515625 0.371875 0.0484375 0.1390625
4 0.23046875 0.31171875 0.0203125 0.05625
4 0.73515625 0.4125 0.0109375 0.028125
0 0.11875 0.178125 0.0078125 0.0234375
4 0.2046875 0.24609375 0.0125 0.0359375
4 0.20234375 0.2265625 0.009375 0.028125
0 0.86171875 0.4578125 0.0109375 0.0296875
0 0.76796875 0.4 0.00625 0.0203125
4 0.69921875 0.3765625 0.0078125 0.0203125
0 0.1390625 0.16796875 0.0046875 0.0171875
0 0.2109375 0.18203125 0.0046875 0.0140625
0 0.4453125 0.2625 0.0046875 0.0125
4 0.49140625 0.28671875 0.0046875 0.0140625
1 0.25859375 0.34296875 0.0328125 0.11875
4 0.5515625 0.31015625 0.0046875 0.015625
0 0.17265625 0.17265625 0.0046875 0.0140625
4 0.61015625 0.3328125 0.00625 0.0171875
0 0.13125 0.17421875 0.0078125 0.01875
4 0.21796875 0.19453125 0.0046875 0.015625
0 0.72109375 0.375 0.00625 0.0171875
4 0.4359375 0.26328125 0.0046875 0.0140625
0 0.36484375 0.2328125 0.0046875 0.0125
0 0.9125 0.4015625 0.003125 0.0109375
4 0.2140625 0.27265625 0.015625 0.0421875
0 0.62109375 0.33359375 0.0046875 0.0140625
0 0.9328125 0.4015625 0.003125 0.009375
4 0.50234375 0.73671875 0.0875 0.221875
4 0.26328125 0.37890625 0.03125 0.08125
4 0.26015625 0.20234375 0.0046875 0.0140625
4 0.31875 0.21953125 0.0046875 0.0140625
0 0.15703125 0.16796875 0.0046875 0.0140625
0 0.91015625 0.39296875 0.003125 0.009375
4 0.96640625 0.41484375 0.003125 0.0109375
4 0.19921875 0.2046875 0.00625 0.0203125
0 0.66484375 0.34921875 0.0046875 0.015625
0 0.95 0.41796875 0.0046875 0.0140625
0 0.40390625 0.24765625 0.003125 0.0109375
4 0.37890625 0.24140625 0.0046875 0.0140625
0 0.53125 0.29609375 0.0046875 0.0140625
0 0.575 0.31484375 0.0046875 0.0140625
0 0.484375 0.278125 0.0046875 0.0140625
0 0.896875 0.39375 0.003125 0.0109375
4 0.70859375 0.3890625 0.0078125 0.021875
0 0.26953125 0.20078125 0.0046875 0.0140625
0 0.3265625 0.2203125 0.0046875 0.0140625
4 0.2 0.21328125 0.0078125 0.021875
0 0.89609375 0.3890625 0.0015625 0.0078125
4 0.66484375 0.35859375 0.00625 0.01875
4 0.20234375 0.19921875 0.00625 0.0203125