4 0.290625 0.34453125 0.0140625 0.053125
0 0.35859375 0.29453125 0.009375 0.0359375
0 0.69140625 0.275 0.0140625 0.05
0 0.54296875 0.2953125 0.0125 0.05
0 0.37578125 0.2671875 0.0078125 0.0265625
0 0.81796875 0.24765625 0.0109375 0.04375
0 0.46875 0.2421875 0.0046875 0.021875
0 0.41953125 0.3 0.0109375 0.04375
0 0.42109375 0.253125 0.00625 0.025
0 0.35078125 0.28046875 0.0078125 0.03125
0 0.7421875 0.2109375 0.00625 0.025
4 0.79140625 0.309375 0.01875 0.0703125
4 0.703125 0.20546875 0.0046875 0.0203125
4 0.24609375 0.2984375 0.0078125 0.03125
4 0.87265625 0.19921875 0.0078125 0.025
4 0.49765625 0.34609375 0.01875 0.0703125
2 0.72890625 0.40625 0.034375 0.109375
4 0.52265625 0.2265625 0.0046875 0.0203125
0 0.83984375 0.2171875 0.0078125 0.03125
4 0.4328125 0.2421875 0.0046875 0.0203125
4 0.615625 0.21328125 0.003125 0.0203125
4 0.2984375 0.2765625 0.00625 0.0265625
0 0.61015625 0.2203125 0.0046875 0.0203125
4 0.22734375 0.32265625 0.0109375 0.040625
4 0.7921875 0.2 0.00625 0.0234375
0 0.6765625 0.2140625 0.00625 0.0234375
4 0.36640625 0.25703125 0.0046875 0.021875
0 0.7984375 0.21171875 0.0078125 0.028125
0 0.53671875 0.2296875 0.0046875 0.021875
2 0.88359375 0.18359375 0.0046875 0.0203125
2 0.46796875 0.7453125 0.0609375 0.2109375
2 0.89296875 0.16953125 0.003125 0.015625
2 0.9140625 0.1671875 0.003125 0.0171875
2 0.9375 0.16484375 0.003125 0.0171875
2 0.8890625 0.175 0.003125 0.0171875
2 0.87734375 0.19375 0.0046875 0.0234375
3 0.9078125 0.1671875 0.003125 0.0109375
1 0.8515625 0.21328125 0.009375 0.059375
1 0.84609375 0.2203125 0.0125 0.0625
0 0.85234375 0.22890625 0.00625 0.0375