0 0.27265625 0.28671875 0.028125 0.0640625
0 0.871875 0.4234375 0.0109375 0.028125
0 0.82421875 0.4140625 0.0125 0.03125
4 0.48828125 0.4953125 0.05 0.1203125
4 0.609375 0.39140625 0.0234375 0.05625
0 0.7671875 0.39375 0.0125 0.03125
4 0.66171875 0.39375 0.0203125 0.0484375
4 0.515625 0.40859375 0.03125 0.0796875
0 0.66015625 0.35546875 0.0125 0.0328125
4 0.75625 0.41796875 0.0171875 0.0421875
0 0.428125 0.3 0.01875 0.0453125
0 0.5453125 0.32265625 0.0140625 0.0359375
0 0.8578125 0.40859375 0.0078125 0.0203125
4 0.8578125 0.45078125 0.0171875 0.040625
0 0.85703125 0.4234375 0.0109375 0.028125
4 0.9328125 0.47578125 0.015625 0.0375
4 0.9125 0.40859375 0.00625 0.0140625
0 0.83203125 0.39609375 0.0078125 0.0203125
0 0.78046875 0.3671875 0.0078125 0.0171875
0 0.7734375 0.3515625 0.00625 0.0140625
4 0.89921875 0.41953125 0.0078125 0.0203125
0 0.80390625 0.3625 0.0046875 0.0125
0 0.89296875 0.39765625 0.00625 0.0140625
4 0.82734375 0.37734375 0.00625 0.0140625
4 0.81953125 0.37578125 0.0046875 0.0140625
4 0.8234375 0.3796875 0.00625 0.0171875
4 0.95234375 0.425 0.0046875 0.0140625
4 0.87734375 0.3953125 0.0046875 0.0140625
4 0.946875 0.4453125 0.009375 0.021875
0 0.7515625 0.34609375 0.00625 0.0140625
0 0.94921875 0.42109375 0.0046875 0.0125
4 0.84375 0.390625 0.00625 0.0171875
4 0.84921875 0.38359375 0.0046875 0.0140625
4 0.56171875 0.76015625 0.1 0.2140625
0 0.75234375 0.35078125 0.00625 0.0171875
0 0.84453125 0.378125 0.0046875 0.0125
0 0.87421875 0.4203125 0.0078125 0.025