0 0.1875 0.32109375 0.0109375 0.021875
0 0.20859375 0.45234375 0.0453125 0.075
0 0.309375 0.340625 0.0109375 0.0203125
0 0.38828125 0.43125 0.025 0.0484375
0 0.425 0.35625 0.009375 0.01875
0 0.4890625 0.4171875 0.01875 0.0359375
0 0.5203125 0.36953125 0.0078125 0.0171875
0 0.58984375 0.4140625 0.0140625 0.0265625
0 0.6125 0.3828125 0.0078125 0.0171875
0 0.6703125 0.4171875 0.0140625 0.025
0 0.68125 0.3953125 0.009375 0.01875
0 0.725 0.41875 0.0109375 0.021875
0 0.74609375 0.41171875 0.0109375 0.0203125
0 0.903125 0.4171875 0.009375 0.0109375
0 0.81015625 0.40234375 0.0078125 0.0109375
0 0.703125 0.38515625 0.0078125 0.0109375
0 0.51484375 0.3484375 0.00625 0.009375
4 0.91484375 0.4484375 0.0140625 0.025
4 0.70078125 0.5703125 0.053125 0.090625
4 0.6796875 0.490625 0.0296875 0.053125
4 0.88125 0.4578125 0.0171875 0.028125
4 0.8 0.4578125 0.01875 0.0359375
4 0.24375 0.31875 0.0125 0.0203125
4 0.865625 0.43203125 0.0140625 0.021875
4 0.8078125 0.415625 0.0125 0.021875
4 0.33828125 0.334375 0.0109375 0.0203125
4 0.58515625 0.3703125 0.009375 0.0171875
4 0.659375 0.38203125 0.009375 0.01875
4 0.1484375 0.30234375 0.009375 0.0203125
4 0.43671875 0.34921875 0.009375 0.01875
4 0.51953125 0.359375 0.0078125 0.015625
4 0.7015625 0.46171875 0.021875 0.0390625
4 0.7390625 0.39765625 0.009375 0.01875
2 0.14921875 0.29765625 0.01875 0.01875
1 0.11796875 0.3421875 0.0296875 0.028125
1 0.8546875 0.74765625 0.109375 0.278125