0 0.65234375 0.41171875 0.01171875 0.04453125
4 0.90859375 0.7125 0.0640625 0.196875
4 0.6734375 0.44921875 0.015625 0.0578125
4 0.3515625 0.58984375 0.0328125 0.1296875
4 0.41796875 0.40390625 0.01015625 0.03828125
0 0.76640625 0.42890625 0.0125 0.04921875
0 0.43125 0.38125 0.00859375 0.03359375
2 0.05625 0.4203125 0.0140625 0.05
4 0.33359375 0.38828125 0.0078125 0.03125
4 0.109375 0.38125 0.0078125 0.028125
4 0.9453125 0.50625 0.01015625 0.08359375
0 0.17734375 0.36953125 0.00625 0.02578125
4 0.2546875 0.38125 0.0078125 0.03046875
4 0.5203125 0.42578125 0.01328125 0.04921875
0 0.3125 0.37265625 0.0078125 0.0296875
0 0.54453125 0.39921875 0.009375 0.0421875