0 0.59609375 0.346875 0.0296875 0.0734375
0 0.78125 0.20078125 0.0140625 0.0359375
0 0.81484375 0.215625 0.0171875 0.046875
0 0.68125 0.28203125 0.0234375 0.059375
0 0.71796875 0.20390625 0.0125 0.034375
0 0.60546875 0.2140625 0.009375 0.025
0 0.66640625 0.20546875 0.0109375 0.028125
4 0.83125 0.16953125 0.0125 0.03125
0 0.4875 0.475 0.0453125 0.115625
4 0.8171875 0.14765625 0.0078125 0.01875
4 0.73046875 0.1796875 0.0109375 0.0265625
4 0.63828125 0.19609375 0.0078125 0.021875
0 0.44609375 0.2484375 0.0078125 0.0203125
4 0.49453125 0.2203125 0.0046875 0.0125
4 0.853125 0.14296875 0.0078125 0.0203125
4 0.40234375 0.25078125 0.00625 0.0171875
0 0.8265625 0.1359375 0.00625 0.0171875
4 0.740625 0.159375 0.00625 0.0171875
4 0.45078125 0.23125 0.0046875 0.0125
4 0.04453125 0.3375 0.0046875 0.0125
4 0.58359375 0.19296875 0.0046875 0.0125
4 0.47265625 0.23203125 0.00625 0.01875
0 0.7109375 0.16171875 0.0046875 0.0140625
4 0.5484375 0.2140625 0.00625 0.0203125
4 0.384375 0.246875 0.0046875 0.0140625
4 0.37109375 0.25 0.0046875 0.0171875
4 0.4140625 0.23984375 0.0046875 0.0140625
0 0.3671875 0.26953125 0.00625 0.01875
4 0.6875 0.17109375 0.0046875 0.0140625
4 0.034375 0.3359375 0.003125 0.0109375
0 0.75546875 0.15078125 0.0046875 0.0140625
0 0.528125 0.22890625 0.0078125 0.0234375
0 0.678125 0.16875 0.0046875 0.0109375
0 0.3375 0.25703125 0.0046875 0.0125
0 0.2921875 0.27734375 0.0046875 0.0140625
0 0.86328125 0.13125 0.00625 0.01875
0 0.30703125 0.2671875 0.0046875 0.0140625
0 0.646875 0.17421875 0.0046875 0.0125
0 0.3109375 0.28125 0.00625 0.01875
0 0.46015625 0.22578125 0.0046875 0.0125
0 0.03984375 0.33671875 0.003125 0.009375
4 0.77890625 0.153125 0.00625 0.015625
4 0.0875 0.31953125 0.003125 0.0109375
0 0.50390625 0.2125 0.0046875 0.0109375
4 0.540625 0.20625 0.0046875 0.0109375
4 0.63203125 0.18203125 0.0046875 0.0140625
4 0.053125 0.33125 0.003125 0.0109375
4 0.37421875 0.25390625 0.00625 0.0171875
0 0.553125 0.19609375 0.0046875 0.0125
0 0.290625 0.28203125 0.0046875 0.0140625
4 0.0203125 0.34375 0.003125 0.009375
4 0.07890625 0.321875 0.003125 0.0109375
0 0.596875 0.1875 0.0046875 0.0125
0 0.05 0.33125 0.0046875 0.0109375
4 0.090625 0.31875 0.0046875 0.0125
0 0.41484375 0.2375 0.0046875 0.0140625