2 0.746875 0.24140625 0.025 0.065625
2 0.79140625 0.15859375 0.0140625 0.034375
2 0.77578125 0.1875 0.01875 0.04375
2 0.7640625 0.2078125 0.0203125 0.0484375
2 0.6703125 0.3859375 0.0484375 0.115625
2 0.815625 0.1125 0.00625 0.0171875
2 0.88515625 0.103125 0.009375 0.0203125
2 0.8015625 0.140625 0.0109375 0.025
2 0.81171875 0.11875 0.0078125 0.01875
2 0.80703125 0.128125 0.009375 0.0234375
2 0.8796875 0.09765625 0.0078125 0.0171875
2 0.81953125 0.1078125 0.00625 0.015625
2 0.87421875 0.0921875 0.00625 0.0171875
2 0.821875 0.103125 0.00625 0.0140625
2 0.7515625 0.209375 0.0203125 0.0484375
2 0.82421875 0.0984375 0.0046875 0.0140625
2 0.87578125 0.09609375 0.00625 0.0171875