0 0.15234375 0.21953125 0.0109375 0.0390625
0 0.190625 0.26640625 0.015625 0.053125
0 0.85546875 0.38203125 0.00625 0.021875
0 0.14453125 0.31640625 0.028125 0.0765625
4 0.453125 0.44765625 0.0296875 0.0984375
4 0.4125 0.33203125 0.015625 0.0546875
0 0.078125 0.1765625 0.009375 0.034375
4 0.1671875 0.18515625 0.0078125 0.025
4 0.840625 0.3875 0.0078125 0.0265625
0 0.76484375 0.3546875 0.00625 0.0203125
0 0.6921875 0.33125 0.0046875 0.01875
4 0.94921875 0.42109375 0.009375 0.028125
4 0.35859375 0.275 0.0109375 0.0375
4 0.159375 0.15 0.003125 0.0140625
4 0.40625 0.2359375 0.0046875 0.0171875
1 0.609375 0.29765625 0.00625 0.03125
0 0.93515625 0.40625 0.0078125 0.025
4 0.5890625 0.3015625 0.0046875 0.0203125
4 0.540625 0.28359375 0.0046875 0.0203125
4 0.75546875 0.36171875 0.00625 0.025
0 0.346875 0.20703125 0.003125 0.015625
4 0.44609375 0.25 0.0046875 0.0171875
4 0.078125 0.128125 0.003125 0.0140625
0 0.53515625 0.27734375 0.0046875 0.0171875
4 0.66875 0.33203125 0.00625 0.0234375
4 0.26875 0.228125 0.009375 0.0296875
1 0.60234375 0.3015625 0.0078125 0.0328125
0 0.61875 0.30625 0.003125 0.01875
0 0.39765625 0.22734375 0.003125 0.0140625
4 0.33046875 0.2078125 0.003125 0.0140625
0 0.49453125 0.2640625 0.003125 0.015625
4 0.49140625 0.265625 0.0046875 0.01875
4 0.3703125 0.221875 0.003125 0.015625
0 0.10390625 0.13671875 0.003125 0.0125
0 0.4484375 0.246875 0.003125 0.0140625
1 0.63359375 0.30625 0.0078125 0.03125
4 0.54296875 0.79296875 0.0328125 0.115625
1 0.578125 0.290625 0.00625 0.0359375
0 0.18125 0.15703125 0.003125 0.0140625
4 0.225 0.1703125 0.003125 0.0140625
0 0.2390625 0.175 0.0046875 0.0140625
4 0.27734375 0.18984375 0.003125 0.0109375
0 0.290625 0.1875 0.003125 0.0140625
0 0.5734375 0.28984375 0.0046875 0.0171875