0 0.1171875 0.56640625 0.0203125 0.028125
0 0.2484375 0.625 0.0421875 0.0546875
0 0.41796875 0.55234375 0.0125 0.01875
0 0.42890625 0.53984375 0.009375 0.0140625
0 0.46171875 0.5328125 0.0078125 0.0109375
0 0.49609375 0.56328125 0.0171875 0.0234375
0 0.5046875 0.5296875 0.00625 0.0109375
0 0.58046875 0.5296875 0.00625 0.009375
0 0.6 0.5953125 0.025 0.0390625
0 0.64296875 0.5296875 0.00625 0.009375
0 0.69296875 0.53203125 0.0078125 0.0109375
0 0.6859375 0.55546875 0.0125 0.0203125
0 0.73671875 0.534375 0.0078125 0.0109375
0 0.784375 0.53828125 0.009375 0.0125
0 0.7875 0.6578125 0.0453125 0.0703125
4 0.18046875 0.55 0.015625 0.0203125
4 0.33515625 0.54140625 0.0109375 0.015625
4 0.528125 0.5671875 0.01875 0.0265625
4 0.51796875 0.5390625 0.0109375 0.015625
4 0.68515625 0.54765625 0.0125 0.01875
4 0.84140625 0.55625 0.0171875 0.0203125
4 0.94140625 0.56640625 0.0171875 0.025
2 0.23671875 0.56796875 0.01875 0.028125
2 0.32734375 0.54609375 0.0109375 0.0171875
2 0.48671875 0.5421875 0.009375 0.015625
2 0.59453125 0.5421875 0.0109375 0.015625
2 0.65859375 0.5671875 0.0171875 0.0265625
2 0.75390625 0.596875 0.0296875 0.040625