4 0.815625 0.38984375 0.01171875 0.0453125
4 0.5953125 0.38125 0.0140625 0.05859375
0 0.45234375 0.33046875 0.0109375 0.05
0 0.6015625 0.3359375 0.00703125 0.0390625
0 0.29140625 0.35 0.0171875 0.06953125
0 0.909375 0.35 0.0046875 0.021875
4 0.51484375 0.415625 0.01953125 0.08125
4 0.740625 0.32734375 0.00625 0.025
2 0.62734375 0.32265625 0.0078125 0.03515625
0 0.86796875 0.36328125 0.00703125 0.0296875
4 0.77265625 0.34765625 0.009375 0.03046875
2 0.671875 0.32109375 0.00703125 0.0296875
4 0.4734375 0.5265625 0.03203125 0.13359375
4 0.9453125 0.35078125 0.00625 0.01953125
4 0.75703125 0.321875 0.00625 0.02421875
0 0.73359375 0.35234375 0.0078125 0.0359375
4 0.69609375 0.37578125 0.0125 0.05
2 0.58203125 0.29765625 0.00625 0.02734375
4 0.80078125 0.32578125 0.0046875 0.0203125
0 0.05859375 0.45234375 0.01953125 0.13125
2 0.53125 0.29765625 0.00703125 0.0296875
0 0.83359375 0.340625 0.003125 0.025
4 0.94765625 0.41484375 0.00625 0.04375
0 0.86171875 0.3421875 0.00546875 0.021875
4 0.865625 0.3359375 0.00390625 0.01953125
0 0.83125 0.34765625 0.00625 0.02578125