0 0.678125 0.32734375 0.0359375 0.0875
0 0.46640625 0.234375 0.0125 0.03125
0 0.6078125 0.5109375 0.075 0.1703125
0 0.625 0.26171875 0.021875 0.0546875
4 0.76875 0.21015625 0.01875 0.046875
0 0.246875 0.28046875 0.0125 0.03125
0 0.0875 0.30859375 0.0125 0.0296875
0 0.15390625 0.29921875 0.0125 0.0296875
0 0.03125 0.31328125 0.0109375 0.025
4 0.22578125 0.27265625 0.009375 0.025
0 0.35703125 0.25625 0.0125 0.03125
4 0.63984375 0.20625 0.0140625 0.034375
4 0.10625 0.290625 0.0078125 0.021875
4 0.4390625 0.23125 0.009375 0.025
4 0.0421875 0.29921875 0.00625 0.0171875
0 0.853125 0.1359375 0.009375 0.0203125
0 0.1671875 0.2640625 0.00625 0.015625
4 0.14765625 0.271875 0.00625 0.015625
0 0.0484375 0.2921875 0.00625 0.015625
4 0.2109375 0.25859375 0.00625 0.0171875
4 0.54453125 0.2109375 0.0109375 0.0265625
4 0.096875 0.284375 0.00625 0.0171875
0 0.54921875 0.2390625 0.015625 0.0390625
0 0.2328125 0.24921875 0.00625 0.0140625
4 0.8328125 0.1453125 0.009375 0.021875
4 0.3171875 0.25390625 0.0078125 0.0234375
4 0.45625 0.20234375 0.00625 0.015625
0 0.11328125 0.27734375 0.0046875 0.0140625
4 0.3578125 0.22265625 0.00625 0.0140625
0 0.653125 0.1671875 0.00625 0.015625
4 0.56015625 0.1828125 0.00625 0.0140625
4 0.63046875 0.16953125 0.00625 0.0171875
4 0.3125 0.234375 0.0046875 0.0140625
4 0.69765625 0.159375 0.0078125 0.01875
4 0.2671875 0.24453125 0.00625 0.0171875
4 0.51171875 0.19140625 0.00625 0.0171875
4 0.15390625 0.2859375 0.00625 0.0203125
4 0.4078125 0.2125 0.00625 0.0171875
0 0.28671875 0.23671875 0.00625 0.0140625
0 0.58203125 0.17890625 0.00625 0.0140625
0 0.3984375 0.21171875 0.0046875 0.0125
0 0.34375 0.22265625 0.0046875 0.0140625
0 0.775 0.1453125 0.00625 0.0171875
0 0.71484375 0.15546875 0.00625 0.0171875
4 0.76015625 0.15390625 0.0078125 0.0171875
0 0.5203125 0.190625 0.00625 0.0140625
0 0.4625 0.2 0.00625 0.015625