0 0.40625 0.528125 0.0375 0.1015625
0 0.46875 0.43203125 0.01875 0.059375
0 0.4984375 0.38671875 0.0140625 0.0390625
0 0.51328125 0.3625 0.0109375 0.03125
0 0.52421875 0.346875 0.0078125 0.025
0 0.5265625 0.33828125 0.00625 0.021875
0 0.53125 0.33125 0.00625 0.01875
0 0.5390625 0.32578125 0.0046875 0.0171875
0 0.5546875 0.3203125 0.0046875 0.0140625
0 0.58984375 0.3140625 0.003125 0.0140625
0 0.63671875 0.30703125 0.0046875 0.0140625
4 0.73828125 0.4921875 0.0390625 0.1046875
4 0.6671875 0.40390625 0.0203125 0.059375
4 0.6421875 0.36796875 0.0140625 0.0421875
4 0.6265625 0.34921875 0.0109375 0.0328125
4 0.6171875 0.33671875 0.0078125 0.0265625
4 0.61015625 0.3296875 0.0078125 0.0203125
4 0.60546875 0.32265625 0.00625 0.01875
4 0.63203125 0.31171875 0.0046875 0.015625
4 0.790625 0.346875 0.0125 0.0375
4 0.77421875 0.33203125 0.0109375 0.03125
4 0.7890625 0.31796875 0.0078125 0.0265625
4 0.8140625 0.3078125 0.0078125 0.021875
4 0.828125 0.29921875 0.00625 0.0203125
4 0.90859375 0.3703125 0.0203125 0.0578125
0 0.91953125 0.3203125 0.0125 0.034375
0 0.90234375 0.30703125 0.0109375 0.028125
0 0.91015625 0.29609375 0.0078125 0.025
4 0.60703125 0.3171875 0.003125 0.0140625
0 0.91484375 0.290625 0.00625 0.0203125