0 0.57734375 0.41328125 0.0265625 0.0625
4 0.8796875 0.43671875 0.05 0.1
0 0.2421875 0.8015625 0.109375 0.221875
0 0.16796875 0.475 0.025 0.0546875
4 0.0984375 0.45859375 0.021875 0.0453125
4 0.7390625 0.3828125 0.025 0.0578125
4 0.6484375 0.36484375 0.01875 0.04375
0 0.271875 0.40703125 0.0140625 0.034375
4 0.17109375 0.42421875 0.0140625 0.0328125
4 0.5921875 0.3515625 0.015625 0.034375
0 0.51484375 0.38828125 0.0203125 0.0453125
0 0.55703125 0.5015625 0.04375 0.103125
4 0.4171875 0.36171875 0.009375 0.0234375
0 0.2265625 0.43671875 0.0203125 0.0421875
0 0.41484375 0.37265625 0.0125 0.028125
4 0.53359375 0.3515625 0.0125 0.028125
4 0.28671875 0.3859375 0.0109375 0.025
4 0.22421875 0.4046875 0.0109375 0.028125
0 0.33828125 0.38515625 0.0125 0.028125
4 0.359375 0.371875 0.0109375 0.025
4 0.48359375 0.35390625 0.0109375 0.025
0 0.46640625 0.37421875 0.015625 0.034375