4 0.628125 0.36875 0.0125 0.05
4 0.49375 0.42265625 0.021875 0.084375
0 0.49140625 0.31875 0.009375 0.0375
4 0.72421875 0.37109375 0.0109375 0.04375
0 0.36875 0.321875 0.0109375 0.046875
0 0.61171875 0.32734375 0.00625 0.034375
4 0.9015625 0.38984375 0.009375 0.0375
4 0.8984375 0.35390625 0.003125 0.021875
4 0.9421875 0.36875 0.00625 0.025
0 0.20625 0.346875 0.01875 0.0671875
0 0.72265625 0.3421875 0.00625 0.0296875
0 0.8140625 0.35234375 0.00625 0.0296875
0 0.8078125 0.3375 0.0046875 0.021875
4 0.503125 0.53359375 0.03125 0.1328125
4 0.846875 0.3390625 0.003125 0.01875
4 0.828125 0.38203125 0.009375 0.040625
0 0.8265625 0.34765625 0.00625 0.028125
0 0.78046875 0.32890625 0.0046875 0.0203125
4 0.89296875 0.3328125 0.003125 0.0125
0 0.78125 0.35078125 0.00625 0.0296875
0 0.7234375 0.31171875 0.003125 0.0171875
4 0.57890625 0.37890625 0.015625 0.059375
0 0.68828125 0.29609375 0.003125 0.0140625
4 0.7609375 0.31171875 0.003125 0.015625
4 0.81875 0.31875 0.003125 0.0125
4 0.7875 0.32265625 0.003125 0.01875
4 0.92578125 0.3390625 0.003125 0.0125
0 0.71015625 0.29765625 0.003125 0.0125
0 0.6921875 0.30078125 0.003125 0.015625
4 0.765625 0.31484375 0.003125 0.015625
4 0.703125 0.7921875 0.025 0.109375
0 0.7828125 0.3078125 0.003125 0.0125
4 0.9484375 0.3921875 0.0046875 0.028125
0 0.74140625 0.3015625 0.003125 0.0125
4 0.853125 0.32421875 0.003125 0.015625
0 0.83203125 0.31640625 0.003125 0.015625
0 0.8890625 0.32890625 0.003125 0.0140625