0 0.6546875 0.28515625 0.01875 0.0640625
0 0.62109375 0.26640625 0.015625 0.053125
0 0.57421875 0.2546875 0.0125 0.04375
0 0.6953125 0.31953125 0.021875 0.0796875
4 0.9 0.24765625 0.0203125 0.0609375
0 0.49296875 0.24375 0.009375 0.034375
0 0.53515625 0.24609375 0.0125 0.0390625
0 0.45859375 0.24296875 0.009375 0.03125
4 0.66015625 0.21796875 0.009375 0.034375
0 0.71171875 0.38359375 0.0328125 0.109375
0 0.675 0.46953125 0.0484375 0.15
4 0.55859375 0.190625 0.0046875 0.0171875
4 0.56015625 0.21796875 0.0078125 0.028125
0 0.34453125 0.2359375 0.00625 0.0203125
0 0.9 0.14609375 0.0046875 0.0171875
0 0.5015625 0.19453125 0.0046875 0.0140625
4 0.48203125 0.203125 0.0046875 0.0171875
4 0.83359375 0.15859375 0.00625 0.0203125
4 0.60078125 0.2171875 0.0078125 0.03125
0 0.56484375 0.184375 0.0046875 0.015625
0 0.62734375 0.17734375 0.0046875 0.015625
4 0.43828125 0.21875 0.00625 0.0203125
0 0.36640625 0.240625 0.0078125 0.0234375
4 0.5203125 0.1953125 0.0046875 0.0171875
1 0.753125 0.1578125 0.0046875 0.025
4 0.728125 0.221875 0.0125 0.0390625
4 0.61640625 0.18359375 0.0046875 0.0171875
0 0.6890625 0.16953125 0.0046875 0.015625
0 0.44375 0.20546875 0.0046875 0.015625
4 0.89453125 0.153125 0.00625 0.0203125
0 0.8625 0.1515625 0.0046875 0.01875
4 0.8109375 0.23046875 0.015625 0.0484375
0 0.3578125 0.22734375 0.0046875 0.0171875
4 0.51484375 0.21875 0.0078125 0.0265625
4 0.45234375 0.209375 0.0046875 0.01875
4 0.4578125 0.2203125 0.0078125 0.0234375
0 0.8234375 0.15546875 0.0046875 0.0171875
0 0.41953125 0.24140625 0.0078125 0.028125
0 0.38984375 0.71640625 0.0796875 0.246875
4 0.68515625 0.17421875 0.0046875 0.01875
1 0.74375 0.159375 0.0046875 0.025
0 0.39375 0.21640625 0.0046875 0.0171875
4 0.74921875 0.16875 0.00625 0.0171875
4 0.4359375 0.21484375 0.0046875 0.0203125
0 0.7484375 0.1640625 0.0046875 0.01875
1 0.75625 0.1625 0.00625 0.0296875
1 0.7421875 0.16796875 0.00625 0.028125