0 0.3234375 0.22265625 0.0140625 0.03125
0 0.33203125 0.29140625 0.0234375 0.05625
4 0.5015625 0.4515625 0.0421875 0.1
0 0.33984375 0.2375 0.0140625 0.034375
0 0.26875 0.1953125 0.0125 0.0265625
0 0.153125 0.30546875 0.0390625 0.0890625
0 0.35546875 0.24921875 0.015625 0.0359375
0 0.175 0.1453125 0.009375 0.0203125
0 0.36796875 0.265625 0.015625 0.0390625
4 0.42890625 0.25 0.0109375 0.025
4 0.54140625 0.3234375 0.015625 0.0375
4 0.3875 0.23203125 0.0109375 0.025
4 0.5703125 0.38515625 0.025 0.0625
0 0.2828125 0.171875 0.00625 0.015625
0 0.3578125 0.28203125 0.0203125 0.0484375
0 0.140625 0.13828125 0.0109375 0.0234375
4 0.33125 0.184375 0.00625 0.0140625
0 0.21875 0.15703125 0.009375 0.0171875
4 0.5703125 0.3546875 0.0171875 0.046875
0 0.2984375 0.209375 0.0125 0.0296875
4 0.778125 0.34453125 0.0046875 0.0109375
0 0.15625 0.15 0.0109375 0.025
4 0.29453125 0.19375 0.0109375 0.0234375
0 0.909375 0.40390625 0.00625 0.0140625
4 0.465625 0.26875 0.0125 0.0296875
4 0.45625 0.22265625 0.0046875 0.0109375
4 0.315625 0.190625 0.0078125 0.01875
4 0.35859375 0.18828125 0.0046875 0.0125
4 0.8421875 0.37265625 0.00625 0.0125
4 0.35078125 0.21640625 0.0109375 0.025
4 0.48203125 0.23203125 0.0046875 0.0125
0 0.56640625 0.265625 0.0046875 0.0125
4 0.3265625 0.1796875 0.0046875 0.0125
0 0.221875 0.17890625 0.0125 0.028125
4 0.5046875 0.2421875 0.0046875 0.0125
4 0.25625 0.17734375 0.0078125 0.021875
4 0.52265625 0.25 0.00625 0.0140625
0 0.265625 0.1609375 0.00625 0.0125
4 0.6921875 0.3125 0.0046875 0.0109375
4 0.5078125 0.29609375 0.015625 0.034375
4 0.859375 0.384375 0.00625 0.0140625
4 0.51015625 0.6109375 0.0734375 0.16875
4 0.91953125 0.41171875 0.0078125 0.015625
0 0.4015625 0.2015625 0.0046875 0.0109375
0 0.25703125 0.1671875 0.0078125 0.0171875
0 0.5515625 0.25859375 0.0046875 0.0109375
0 0.92890625 0.4125 0.0046875 0.0125
4 0.8875 0.39765625 0.0078125 0.0140625
4 0.72890625 0.32578125 0.0046875 0.0109375
4 0.4046875 0.20390625 0.0046875 0.0125
4 0.653125 0.29921875 0.0046875 0.0125
0 0.534375 0.253125 0.0046875 0.0125
4 0.625 0.290625 0.0046875 0.0125
4 0.3796875 0.19609375 0.00625 0.0140625
0 0.27265625 0.17109375 0.0078125 0.0171875
0 0.88203125 0.38828125 0.0046875 0.0109375
4 0.26484375 0.1765625 0.0078125 0.0203125
4 0.753125 0.33515625 0.0046875 0.0125
4 0.3484375 0.1953125 0.00625 0.015625
4 0.34609375 0.190625 0.00625 0.0140625
4 0.82578125 0.36484375 0.0046875 0.0109375
4 0.33515625 0.19453125 0.00625 0.0171875
4 0.33984375 0.1828125 0.0046875 0.0140625
4 0.3234375 0.18046875 0.00625 0.0140625
0 0.28046875 0.1640625 0.0046875 0.0125
0 0.29921875 0.1671875 0.0046875 0.0109375
4 0.95546875 0.42890625 0.0078125 0.0140625
4 0.84921875 0.378125 0.00625 0.0140625
0 0.95390625 0.4234375 0.0046875 0.0140625
4 0.803125 0.35546875 0.0046875 0.0109375
0 0.9015625 0.39921875 0.0046875 0.0125
0 0.5875 0.2734375 0.0046875 0.0109375
4 0.59140625 0.2765625 0.00625 0.0140625
0 0.27734375 0.16875 0.00625 0.0140625
0 0.89765625 0.396875 0.0046875 0.0125
0 0.284375 0.171875 0.00625 0.0171875