4 0.4609375 0.371875 0.01875 0.0609375
0 0.24140625 0.3140625 0.0140625 0.0421875
0 0.296875 0.29453125 0.0109375 0.0328125
0 0.34765625 0.2828125 0.009375 0.028125
0 0.4546875 0.278125 0.00625 0.021875
4 0.53203125 0.4953125 0.0390625 0.115625
0 0.4015625 0.278125 0.0078125 0.0234375
4 0.45390625 0.29921875 0.0109375 0.0296875
4 0.47734375 0.2890625 0.0078125 0.025
0 0.15390625 0.346875 0.01875 0.059375
0 0.58984375 0.28125 0.00625 0.01875
4 0.52734375 0.28828125 0.0078125 0.021875
0 0.63515625 0.28046875 0.00625 0.0171875
4 0.6046875 0.290625 0.00625 0.021875
4 0.45234375 0.3203125 0.0125 0.0390625
0 0.65859375 0.26640625 0.0046875 0.0140625
4 0.73046875 0.28046875 0.0046875 0.0140625
4 0.72734375 0.28984375 0.0046875 0.0171875
4 0.71015625 0.26953125 0.0046875 0.0140625
4 0.68125 0.29296875 0.00625 0.01875
0 0.66015625 0.27578125 0.0046875 0.0140625
4 0.68515625 0.26171875 0.0046875 0.0125
0 0.525 0.2796875 0.0046875 0.01875