0 0.09296875 0.17421875 0.009375 0.0234375
0 0.79609375 0.40625 0.0078125 0.0203125
0 0.86015625 0.44140625 0.0109375 0.028125
4 0.3390625 0.49921875 0.0515625 0.1296875
4 0.21953125 0.31640625 0.021875 0.059375
1 0.2546875 0.35078125 0.0328125 0.1265625
4 0.73203125 0.39921875 0.0109375 0.028125
4 0.70234375 0.375 0.0078125 0.0234375
4 0.19921875 0.2734375 0.0171875 0.0453125
4 0.26328125 0.390625 0.03125 0.084375
4 0.815625 0.44453125 0.0125 0.0375
0 0.80703125 0.4140625 0.009375 0.025
4 0.1828125 0.2234375 0.0109375 0.03125
4 0.1875 0.2453125 0.0140625 0.0375
4 0.69140625 0.36328125 0.0078125 0.0203125
4 0.47734375 0.27578125 0.0046875 0.015625
0 0.759375 0.38515625 0.0078125 0.0203125
0 0.4703125 0.2671875 0.0046875 0.0140625
4 0.5859375 0.77578125 0.0484375 0.16875
1 0.28671875 0.38359375 0.0484375 0.15
0 0.10625 0.16953125 0.0078125 0.0203125
0 0.7109375 0.36171875 0.00625 0.0171875
0 0.609375 0.3203125 0.0046875 0.015625
0 0.56171875 0.303125 0.0046875 0.0140625
0 0.18828125 0.17734375 0.0046875 0.0140625
0 0.11328125 0.16328125 0.00625 0.0171875
0 0.1484375 0.16796875 0.0046875 0.015625
0 0.34609375 0.225 0.0046875 0.0125
4 0.23984375 0.196875 0.0046875 0.015625
0 0.89609375 0.38203125 0.0046875 0.0125
4 0.19609375 0.1890625 0.0046875 0.015625
0 0.3875 0.2390625 0.003125 0.0109375
4 0.53984375 0.29765625 0.0046875 0.015625
0 0.51796875 0.2859375 0.0046875 0.0140625
4 0.36171875 0.2328125 0.0046875 0.0140625
4 0.65625 0.3453125 0.00625 0.0171875
4 0.59921875 0.32109375 0.00625 0.0171875
0 0.934375 0.39609375 0.00625 0.0140625
0 0.65390625 0.3359375 0.00625 0.0171875
4 0.18046875 0.209375 0.0078125 0.025
0 0.3078125 0.2125 0.00625 0.0140625
4 0.42109375 0.2546875 0.0046875 0.015625
4 0.3 0.2125 0.0046875 0.0140625
0 0.4296875 0.253125 0.0046875 0.0140625
0 0.24921875 0.1953125 0.0046875 0.0109375
0 0.13203125 0.1640625 0.0046875 0.0171875