0 0.37265625 0.565625 0.075 0.1203125
0 0.6 0.5140625 0.04375 0.0734375
0 0.70703125 0.49140625 0.03125 0.05
0 0.734375 0.46875 0.021875 0.0359375
0 0.7265625 0.45234375 0.01875 0.028125
0 0.6828125 0.43046875 0.0140625 0.025
0 0.6328125 0.4125 0.0125 0.021875
0 0.59921875 0.4015625 0.0125 0.0203125
0 0.55859375 0.390625 0.0109375 0.021875
0 0.4859375 0.375 0.0125 0.0203125
0 0.43125 0.36328125 0.0109375 0.0203125
0 0.196875 0.315625 0.0140625 0.0234375
4 0.7390625 0.43359375 0.0140625 0.0234375
4 0.696875 0.41953125 0.0140625 0.021875
4 0.88125 0.48671875 0.01875 0.03125
4 0.8 0.45546875 0.015625 0.0265625
4 0.625 0.4015625 0.0125 0.0203125
4 0.5359375 0.38046875 0.0125 0.0203125
4 0.42109375 0.3546875 0.0125 0.0203125
4 0.24609375 0.31875 0.0140625 0.021875
4 0.14765625 0.2953125 0.0140625 0.021875
1 0.36171875 0.34296875 0.01875 0.0359375
1 0.346875 0.334375 0.015625 0.0296875
1 0.33515625 0.33671875 0.01875 0.0359375
1 0.32265625 0.32890625 0.015625 0.0296875