0 0.065625 0.36953125 0.0125 0.04375
0 0.30234375 0.340625 0.015625 0.05
4 0.690625 0.33125 0.021875 0.06875
0 0.47109375 0.3859375 0.0203125 0.078125
0 0.19453125 0.34921875 0.0125 0.0453125
4 0.5375 0.303125 0.015625 0.046875
0 0.4953125 0.50078125 0.03125 0.13125
0 0.3953125 0.34921875 0.0171875 0.059375
4 0.1140625 0.34140625 0.0109375 0.034375
4 0.91171875 0.44375 0.0453125 0.13125
4 0.40234375 0.30234375 0.0125 0.040625
4 0.26484375 0.315625 0.0109375 0.0359375
2 0.12421875 0.31796875 0.009375 0.028125
0 0.325 0.78125 0.028125 0.13125
2 0.05078125 0.33046875 0.003125 0.021875