0 0.8984375 0.19609375 0.00703125 0.025
0 0.32734375 0.29453125 0.01171875 0.04140625
0 0.853125 0.19921875 0.00703125 0.02421875
0 0.5375 0.33828125 0.01953125 0.0703125
0 0.44140625 0.3015625 0.0125 0.04921875
0 0.490625 0.3125 0.0140625 0.0578125
0 0.76171875 0.20234375 0.00625 0.021875
0 0.3078125 0.26484375 0.00625 0.02734375
0 0.284375 0.28125 0.00859375 0.0328125
4 0.77421875 0.2890625 0.01640625 0.05859375
0 0.3640625 0.2484375 0.00546875 0.02265625
4 0.66875 0.26875 0.01328125 0.046875
4 0.92890625 0.33671875 0.02578125 0.08671875
4 0.45078125 0.26171875 0.00859375 0.0328125
4 0.5703125 0.26171875 0.0109375 0.03984375
4 0.73125 0.21171875 0.00625 0.025
4 0.5359375 0.228125 0.00546875 0.02421875
0 0.56953125 0.4796875 0.03359375 0.13515625
0 0.51796875 0.22265625 0.00625 0.01953125
4 0.83359375 0.209375 0.0078125 0.02734375
0 0.678125 0.20625 0.00625 0.0203125
4 0.6703125 0.21484375 0.00703125 0.02421875
4 0.9140625 0.20625 0.009375 0.0296875
0 0.571875 0.38125 0.02265625 0.08984375
0 0.4375 0.234375 0.00546875 0.0203125
4 0.48125 0.2359375 0.00703125 0.02421875
0 0.59609375 0.21328125 0.00625 0.0203125
0 0.45390625 0.70859375 0.0609375 0.2390625
4 0.44609375 0.24296875 0.00625 0.025
4 0.6046875 0.2203125 0.00625 0.02265625
4 0.4203125 0.26171875 0.0078125 0.02734375
4 0.41953125 0.25078125 0.00625 0.028125