4 0.59765625 0.38046875 0.025 0.05625
0 0.58359375 0.3359375 0.0171875 0.0390625
0 0.14296875 0.28125 0.040625 0.0875
4 0.77421875 0.43046875 0.0171875 0.0421875
4 0.77578125 0.38203125 0.0109375 0.021875
4 0.8125 0.41171875 0.0125 0.028125
4 0.52734375 0.38515625 0.03125 0.06875
0 0.65234375 0.35859375 0.0140625 0.0328125
0 0.32578125 0.2796875 0.025 0.0578125
0 0.6796875 0.365625 0.0125 0.03125
4 0.66484375 0.39765625 0.0203125 0.0453125
4 0.81796875 0.42421875 0.0125 0.03125
0 0.45859375 0.2984375 0.01875 0.04375
4 0.79765625 0.3984375 0.0109375 0.025
4 0.484375 0.4296875 0.04375 0.09375
0 0.9671875 0.44609375 0.00625 0.015625
0 0.67734375 0.33671875 0.0078125 0.0203125
0 0.64375 0.315625 0.0078125 0.01875
4 0.67734375 0.315625 0.00625 0.0140625
4 0.72578125 0.3515625 0.0078125 0.01875
0 0.61796875 0.28828125 0.00625 0.0140625
4 0.73203125 0.3390625 0.0046875 0.0125
0 0.68984375 0.34609375 0.009375 0.0234375
0 0.659375 0.32578125 0.009375 0.0203125
4 0.77265625 0.35859375 0.00625 0.0140625
0 0.9359375 0.43125 0.0078125 0.015625
0 0.59296875 0.28046875 0.00625 0.0140625
0 0.78671875 0.36171875 0.00625 0.0140625
0 0.83203125 0.38359375 0.00625 0.0125
4 0.47734375 0.57109375 0.0671875 0.1546875
4 0.64375 0.3046875 0.00625 0.015625
0 0.596875 0.28984375 0.00625 0.0171875
4 0.8203125 0.38046875 0.00625 0.0140625
0 0.6953125 0.3203125 0.0046875 0.0125
4 0.753125 0.36640625 0.009375 0.0203125
0 0.58359375 0.28046875 0.0078125 0.015625
4 0.92890625 0.43125 0.0078125 0.015625
4 0.68359375 0.32890625 0.00625 0.0171875
0 0.69921875 0.3671875 0.0125 0.028125
4 0.7078125 0.34140625 0.0078125 0.01875
0 0.62421875 0.30546875 0.00625 0.0171875
0 0.7421875 0.340625 0.00625 0.0125
4 0.81953125 0.4375 0.0171875 0.0375
4 0.65234375 0.3125 0.00625 0.015625
0 0.6984375 0.35390625 0.009375 0.0234375
4 0.8671875 0.403125 0.00625 0.0140625
4 0.7046875 0.32734375 0.00625 0.0140625
0 0.87734375 0.40390625 0.00625 0.0140625
0 0.653125 0.303125 0.0046875 0.0125
4 0.65546875 0.30703125 0.0046875 0.0140625
1 0.8625 0.39765625 0.0078125 0.01875
1 0.8734375 0.4015625 0.0078125 0.0203125
1 0.8828125 0.40234375 0.0078125 0.0203125
0 0.70234375 0.3625 0.009375 0.0265625