0 0.51484375 0.33984375 0.0125 0.0453125
0 0.6640625 0.346875 0.0109375 0.0421875
4 0.60625 0.425 0.025 0.0796875
0 0.359375 0.34921875 0.015625 0.0578125
0 0.81015625 0.36328125 0.0125 0.0390625
4 0.6796875 0.3984375 0.01875 0.0640625
4 0.5640625 0.4921875 0.0328125 0.1078125
4 0.9296875 0.4125 0.01875 0.053125
4 0.76953125 0.396875 0.015625 0.053125
0 0.1734375 0.4 0.025 0.090625
4 0.63359375 0.64296875 0.0484375 0.16875
3 0.4234375 0.25625 0.003125 0.0140625
3 0.6640625 0.290625 0.003125 0.0125
3 0.64453125 0.28203125 0.0015625 0.0109375
3 0.6578125 0.27890625 0.003125 0.0109375
3 0.61640625 0.2875 0.003125 0.0140625
3 0.52421875 0.275 0.003125 0.0140625
3 0.5296875 0.271875 0.003125 0.0125
3 0.390625 0.25546875 0.003125 0.015625
3 0.28828125 0.240625 0.003125 0.0140625
3 0.32265625 0.240625 0.003125 0.0125
3 0.25625 0.23515625 0.003125 0.0140625
3 0.215625 0.23203125 0.003125 0.0140625
3 0.196875 0.2265625 0.003125 0.0109375
3 0.134375 0.22578125 0.003125 0.0140625
3 0.1109375 0.23671875 0.0046875 0.0203125
3 0.1140625 0.22890625 0.003125 0.0140625
3 0.09375 0.221875 0.0046875 0.0171875
3 0.5734375 0.278125 0.003125 0.0125