4 0.91640625 0.3421875 0.0078125 0.02421875
4 0.93828125 0.35625 0.0078125 0.02734375
4 0.43203125 0.234375 0.003125 0.01171875
4 0.24453125 0.21015625 0.003125 0.01328125
4 0.8875 0.33359375 0.00625 0.021875
4 0.6578125 0.28515625 0.0046875 0.01875
0 0.896875 0.32734375 0.0046875 0.01875
0 0.73515625 0.29609375 0.00390625 0.01875
4 0.62265625 0.27578125 0.0046875 0.0171875
0 0.34921875 0.22265625 0.003125 0.01171875
4 0.59140625 0.26875 0.003125 0.01640625
4 0.7484375 0.3046875 0.00546875 0.0203125
4 0.53203125 0.24453125 0.003125 0.0109375
0 0.76875 0.303125 0.0046875 0.0171875
0 0.70625 0.28828125 0.003125 0.01640625
0 0.64296875 0.2734375 0.003125 0.0140625
4 0.34765625 0.5390625 0.04375 0.15234375
0 0.8109375 0.3109375 0.003125 0.0171875
0 0.3921875 0.2265625 0.003125 0.01171875
4 0.2765625 0.21484375 0.00390625 0.01328125
4 0.5515625 0.24765625 0.003125 0.0109375
4 0.09140625 0.18671875 0.003125 0.01171875
4 0.31484375 0.2203125 0.00390625 0.01328125
4 0.49296875 0.23828125 0.003125 0.0109375
4 0.36328125 0.2265625 0.003125 0.0140625
4 0.4734375 0.2359375 0.003125 0.0109375
0 0.3234375 0.21875 0.00234375 0.01171875
4 0.46328125 0.23515625 0.003125 0.0109375
4 0.515625 0.2421875 0.00234375 0.01015625
4 0.584375 0.25859375 0.003125 0.0109375
4 0.06171875 0.1828125 0.003125 0.0109375
0 0.29765625 0.215625 0.00234375 0.01171875
0 0.41953125 0.228125 0.00234375 0.0109375
0 0.37109375 0.22421875 0.003125 0.01171875
0 0.66171875 0.278125 0.00390625 0.01484375
0 0.63125 0.26875 0.003125 0.01328125
0 0.6328125 0.2703125 0.003125 0.01171875
0 0.63828125 0.2671875 0.003125 0.01171875
4 0.4515625 0.23515625 0.003125 0.01171875
4 0.56640625 0.259375 0.003125 0.0140625
0 0.6796875 0.2828125 0.003125 0.01484375
4 0.40234375 0.23125 0.003125 0.0140625
4 0.57421875 0.2625 0.003125 0.0140625
4 0.81328125 0.3171875 0.0046875 0.01953125
0 0.1234375 0.18828125 0.00234375 0.01015625
0 0.0734375 0.1828125 0.003125 0.0109375
4 0.12734375 0.1921875 0.003125 0.01171875
4 0.703125 0.2953125 0.00546875 0.0203125
4 0.68984375 0.77421875 0.0296875 0.14765625
0 0.61171875 0.2578125 0.00234375 0.01015625
1 0.196875 0.19921875 0.00390625 0.01953125
1 0.20390625 0.2 0.003125 0.01953125
4 0.5703125 0.2578125 0.003125 0.01171875
4 0.58203125 0.25625 0.003125 0.01171875
1 0.2375 0.20234375 0.00390625 0.01875
1 0.23125 0.20078125 0.003125 0.0171875
0 0.234375 0.20546875 0.00234375 0.0109375
4 0.20078125 0.20390625 0.003125 0.01171875
0 0.4421875 0.23046875 0.00234375 0.00859375
0 0.4765625 0.234375 0.00234375 0.01015625
0 0.4046875 0.228125 0.00234375 0.0109375