4 0.29375 0.2890625 0.0328125 0.06875
0 0.871875 0.42890625 0.015625 0.034375
4 0.809375 0.48125 0.0296875 0.065625
4 0.8515625 0.46640625 0.0234375 0.0515625
4 0.66484375 0.4546875 0.0359375 0.078125
0 0.7796875 0.37734375 0.0109375 0.0265625
4 0.4484375 0.371875 0.0375 0.0796875
4 0.365625 0.228125 0.0125 0.03125
1 0.2421875 0.21640625 0.025 0.0765625
4 0.83671875 0.4359375 0.0171875 0.040625
0 0.2203125 0.18046875 0.0140625 0.0328125
4 0.7265625 0.36484375 0.0125 0.0296875
4 0.30234375 0.215625 0.015625 0.034375
4 0.43515625 0.24609375 0.0125 0.028125
4 0.78828125 0.4 0.0140625 0.034375
0 0.5 0.25859375 0.0078125 0.021875
0 0.31015625 0.2 0.0109375 0.028125
0 0.34375 0.4734375 0.065625 0.14375
4 0.66015625 0.33203125 0.0109375 0.0265625
4 0.5109375 0.271875 0.0109375 0.0265625
0 0.82109375 0.63984375 0.065625 0.134375
4 0.5875 0.30078125 0.0109375 0.0265625
0 0.59609375 0.29609375 0.0078125 0.021875
2 0.21015625 0.15546875 0.0109375 0.025
0 0.403125 0.22734375 0.0109375 0.025
0 0.6890625 0.33515625 0.0109375 0.025
1 0.25390625 0.23125 0.034375 0.0875
2 0.21640625 0.1703125 0.0125 0.0296875
4 0.240625 0.2359375 0.0203125 0.0515625
2 0.20546875 0.14609375 0.0078125 0.01875
2 0.2015625 0.1359375 0.0078125 0.0171875
2 0.18203125 0.13046875 0.0078125 0.0171875
2 0.16015625 0.12265625 0.0078125 0.01875
2 0.1203125 0.128125 0.009375 0.025
2 0.12890625 0.1203125 0.009375 0.021875
2 0.1359375 0.11484375 0.0078125 0.01875