4 0.5703125 0.76640625 0.04375 0.153125
4 0.23359375 0.44375 0.0390625 0.1046875
4 0.19765625 0.33828125 0.021875 0.0609375
4 0.275 0.29296875 0.0140625 0.0421875
4 0.39140625 0.27734375 0.0109375 0.0328125
4 0.525 0.27734375 0.009375 0.03125
4 0.67578125 0.2875 0.0109375 0.03125
4 0.82578125 0.3 0.0109375 0.03125
0 0.1109375 0.28046875 0.0140625 0.0390625
0 0.25078125 0.26953125 0.0109375 0.03125
0 0.3625 0.2640625 0.009375 0.028125
0 0.43984375 0.26328125 0.0078125 0.0265625
0 0.5203125 0.265625 0.0078125 0.025
0 0.60390625 0.26875 0.0078125 0.025
0 0.6953125 0.275 0.0078125 0.025
0 0.80390625 0.284375 0.009375 0.025
0 0.91796875 0.29453125 0.009375 0.0265625