0 0.51328125 0.36328125 0.01640625 0.06875
0 0.3765625 0.3078125 0.00859375 0.03984375
4 0.76015625 0.31171875 0.01953125 0.06171875
0 0.51015625 0.45859375 0.03125 0.1109375
0 0.45703125 0.32734375 0.0125 0.05234375
0 0.2953125 0.30390625 0.00703125 0.03125
4 0.396875 0.27578125 0.00546875 0.028125
0 0.8828125 0.2125 0.0046875 0.0203125
4 0.4953125 0.27421875 0.00703125 0.0328125
4 0.615625 0.28203125 0.009375 0.0421875
4 0.3203125 0.2796875 0.00546875 0.025
0 0.44609375 0.7421875 0.06015625 0.21015625
4 0.92265625 0.221875 0.00625 0.02421875
0 0.215625 0.28671875 0.00390625 0.0203125
0 0.34609375 0.25390625 0.003125 0.0140625
0 0.19296875 0.3 0.00546875 0.02421875
4 0.74921875 0.22578125 0.00390625 0.01875
0 0.78515625 0.21484375 0.003125 0.0171875
0 0.53046875 0.23671875 0.003125 0.01328125
0 0.59140625 0.22890625 0.00234375 0.0140625
4 0.3421875 0.26015625 0.00390625 0.01953125
4 0.6828125 0.22734375 0.00390625 0.01640625
0 0.4046875 0.2484375 0.00234375 0.0140625
4 0.5 0.24453125 0.003125 0.01484375
4 0.83125 0.22421875 0.0046875 0.01953125
0 0.21875 0.30703125 0.00625 0.02734375
4 0.31484375 0.271875 0.00390625 0.021875
4 0.44140625 0.24921875 0.003125 0.01640625
0 0.28984375 0.26328125 0.003125 0.01484375
0 0.246875 0.27578125 0.00390625 0.0171875
4 0.38203125 0.25546875 0.003125 0.0171875
0 0.66015625 0.2203125 0.003125 0.01328125
4 0.625 0.23203125 0.003125 0.01640625
4 0.5625 0.2390625 0.003125 0.01484375
0 0.71484375 0.2171875 0.003125 0.01484375
0 0.46640625 0.24375 0.00234375 0.0140625