0 0.24140625 0.44375 0.015625 0.0359375
0 0.3171875 0.42265625 0.0125 0.028125
0 0.3875 0.403125 0.0109375 0.021875
0 0.46328125 0.3875 0.009375 0.01875
0 0.52421875 0.37578125 0.0078125 0.01875
0 0.54609375 0.36640625 0.00625 0.015625
0 0.5953125 0.359375 0.00625 0.0140625
0 0.6421875 0.3484375 0.00625 0.0140625
4 0.553125 0.5265625 0.0484375 0.0890625
4 0.5421875 0.4546875 0.028125 0.053125
4 0.56328125 0.42734375 0.0234375 0.04375
4 0.590625 0.41171875 0.01875 0.0359375
4 0.61875 0.39140625 0.015625 0.0296875
4 0.65 0.3734375 0.0125 0.025
4 0.84609375 0.66328125 0.1 0.16875
4 0.79609375 0.4359375 0.034375 0.059375
4 0.7578125 0.4 0.021875 0.0390625
4 0.815625 0.37890625 0.01875 0.034375
4 0.84765625 0.3625 0.015625 0.0296875
4 0.8796875 0.34921875 0.0125 0.025
4 0.69296875 0.35234375 0.0078125 0.0171875
4 0.75 0.34140625 0.00625 0.015625
4 0.6625 0.36015625 0.0078125 0.0171875
4 0.78359375 0.334375 0.0046875 0.0109375