4 0.440625 0.48828125 0.053125 0.1140625
4 0.3265625 0.42421875 0.0375 0.0796875
4 0.18828125 0.4 0.0328125 0.0640625
4 0.084375 0.38984375 0.0265625 0.0546875
4 0.01171875 0.3125 0.009375 0.0203125
4 0.0734375 0.30625 0.009375 0.0203125
4 0.12109375 0.3 0.0078125 0.0171875
4 0.16171875 0.29296875 0.0078125 0.0171875
4 0.18203125 0.28828125 0.0078125 0.0140625
4 0.18984375 0.28515625 0.00625 0.0140625
4 0.184375 0.28359375 0.00625 0.0140625
4 0.17109375 0.2796875 0.00625 0.0125
4 0.16328125 0.2828125 0.00625 0.0125
4 0.19140625 0.278125 0.00625 0.0109375
4 0.31171875 0.27109375 0.00625 0.0125
4 0.33046875 0.27109375 0.00625 0.0140625
4 0.3484375 0.27109375 0.00625 0.0140625
4 0.38046875 0.2703125 0.00625 0.0140625
4 0.4171875 0.26796875 0.00625 0.0140625
4 0.46015625 0.265625 0.00625 0.0140625
4 0.49609375 0.2640625 0.00625 0.0140625
4 0.52890625 0.2625 0.00625 0.0140625
4 0.5546875 0.26015625 0.00625 0.0140625
4 0.58125 0.25703125 0.00625 0.0140625
4 0.61484375 0.2546875 0.00625 0.0140625
4 0.6375 0.2546875 0.00625 0.0125
4 0.67890625 0.2546875 0.00625 0.0140625
4 0.71328125 0.2546875 0.00625 0.0140625
4 0.76953125 0.25390625 0.0078125 0.0140625
4 0.8140625 0.25234375 0.0078125 0.015625
4 0.8609375 0.2515625 0.0078125 0.0140625
4 0.9 0.2484375 0.0078125 0.0140625
0 0.00234375 0.30859375 0.0046875 0.0171875
0 0.0421875 0.3046875 0.0078125 0.0171875
0 0.0765625 0.30078125 0.00625 0.0171875
0 0.10234375 0.29609375 0.00625 0.015625
0 0.125 0.290625 0.00625 0.0140625
0 0.1171875 0.29375 0.00625 0.0140625
0 0.73203125 0.25234375 0.00625 0.0125
0 0.765625 0.25078125 0.00625 0.0140625
0 0.79609375 0.25078125 0.00625 0.0140625
0 0.821875 0.24921875 0.00625 0.0140625
0 0.87578125 0.246875 0.00625 0.0140625
4 0.73828125 0.74296875 0.05 0.1109375