4 0.88046875 0.57734375 0.028125 0.0640625
0 0.53515625 0.5828125 0.046875 0.1171875
0 0.625 0.4515625 0.0140625 0.034375
4 0.80859375 0.5234375 0.01875 0.046875
0 0.60546875 0.4328125 0.0125 0.0265625
0 0.6546875 0.48203125 0.01875 0.0453125
4 0.728125 0.4734375 0.0125 0.03125
0 0.646875 0.51875 0.028125 0.059375
4 0.85859375 0.50625 0.0109375 0.028125
4 0.85078125 0.4953125 0.0109375 0.028125
4 0.83046875 0.48125 0.0078125 0.0203125
4 0.74296875 0.4703125 0.009375 0.025
4 0.76796875 0.49921875 0.0140625 0.034375
4 0.89921875 0.528125 0.0140625 0.034375
0 0.63984375 0.4359375 0.009375 0.0234375