0 0.62265625 0.57734375 0.05625 0.1796875
0 0.7875 0.35234375 0.0234375 0.0765625
4 0.64765625 0.2671875 0.0109375 0.0390625
1 0.8359375 0.27421875 0.0203125 0.0796875
1 0.84375 0.26953125 0.0140625 0.0734375
2 0.86015625 0.25703125 0.0109375 0.0359375
2 0.871875 0.2390625 0.0078125 0.028125
2 0.88125 0.2265625 0.0078125 0.0234375
2 0.88359375 0.21484375 0.0046875 0.0171875
2 0.8859375 0.21875 0.00625 0.0203125
2 0.88984375 0.215625 0.0046875 0.0171875
2 0.8921875 0.21328125 0.0046875 0.0171875
2 0.89453125 0.20859375 0.003125 0.0140625
2 0.896875 0.2046875 0.003125 0.0125
2 0.965625 0.21953125 0.0046875 0.0203125
2 0.9625 0.215625 0.0046875 0.01875
2 0.959375 0.2125 0.0046875 0.0171875
2 0.95546875 0.20859375 0.0046875 0.015625
2 0.95234375 0.2046875 0.003125 0.0140625
2 0.9484375 0.2015625 0.003125 0.0109375