4 0.60078125 0.42421875 0.01953125 0.06953125
0 0.21171875 0.3765625 0.0234375 0.0796875
4 0.70546875 0.403125 0.0140625 0.05234375
0 0.64140625 0.346875 0.00703125 0.03515625
4 0.89453125 0.38515625 0.00859375 0.03046875
1 0.715625 0.33984375 0.0078125 0.04921875
4 0.91484375 0.37421875 0.00625 0.02421875
0 0.7484375 0.32734375 0.00390625 0.0171875
4 0.790625 0.39375 0.01015625 0.04375
4 0.54609375 0.46953125 0.02265625 0.0953125
0 0.76953125 0.35078125 0.00546875 0.02578125
0 0.5421875 0.3453125 0.009375 0.03984375
0 0.78984375 0.3421875 0.0046875 0.021875
4 0.9203125 0.38203125 0.00546875 0.02734375
0 0.4 0.34609375 0.01484375 0.053125
1 0.85234375 0.37890625 0.01015625 0.0578125
0 0.61171875 0.28828125 0.003125 0.0140625
4 0.58828125 0.62265625 0.04140625 0.16171875
1 0.84140625 0.37890625 0.0109375 0.0578125
0 0.7546875 0.31171875 0.003125 0.01171875
0 0.79453125 0.35234375 0.0046875 0.02421875
0 0.7734375 0.3359375 0.0046875 0.01953125
4 0.7640625 0.315625 0.00390625 0.0140625
4 0.89609375 0.34609375 0.00390625 0.0140625
4 0.809375 0.33671875 0.0046875 0.01875
4 0.671875 0.3 0.003125 0.01328125
4 0.83828125 0.33125 0.003125 0.01328125
0 0.79921875 0.34921875 0.00390625 0.02421875
0 0.85859375 0.334375 0.003125 0.0140625
4 0.8859375 0.36171875 0.00625 0.02265625
0 0.62734375 0.2890625 0.003125 0.01328125
0 0.66171875 0.30546875 0.003125 0.01484375
0 0.9140625 0.34765625 0.003125 0.0140625
0 0.7234375 0.3203125 0.003125 0.0171875
4 0.68046875 0.30390625 0.003125 0.01640625
0 0.62109375 0.29375 0.003125 0.0140625
4 0.76328125 0.325 0.0046875 0.01484375
0 0.70703125 0.3015625 0.003125 0.01171875
3 0.26875 0.22578125 0.00234375 0.01015625
4 0.7015625 0.31015625 0.00390625 0.01484375
1 0.703125 0.33984375 0.01015625 0.04921875
3 0.2625 0.2328125 0.003125 0.01328125
3 0.13046875 0.21328125 0.003125 0.01328125
4 0.8484375 0.34921875 0.00625 0.01953125
3 0.17890625 0.2140625 0.00234375 0.0109375
3 0.2421875 0.24375 0.00390625 0.0171875
3 0.21171875 0.23125 0.003125 0.01484375
3 0.2015625 0.22734375 0.003125 0.0140625
3 0.1828125 0.2296875 0.003125 0.01484375
3 0.12265625 0.23046875 0.00390625 0.01953125
0 0.71015625 0.34921875 0.0046875 0.0296875
4 0.846875 0.3890625 0.00390625 0.03515625
3 0.29140625 0.24375 0.00234375 0.01328125
4 0.6796875 0.3 0.003125 0.01328125
4 0.69609375 0.30234375 0.003125 0.0140625
4 0.803125 0.32421875 0.00390625 0.01328125
0 0.80625 0.32265625 0.00234375 0.01171875
0 0.94140625 0.35234375 0.003125 0.0140625
4 0.9390625 0.35546875 0.00390625 0.01484375
3 0.1234375 0.2203125 0.0046875 0.0171875
0 0.66171875 0.29375 0.003125 0.0140625