4 0.634375 0.4921875 0.02578125 0.0859375
0 0.48125 0.4265625 0.0171875 0.05546875
0 0.38984375 0.46953125 0.02265625 0.078125
0 0.109375 0.43125 0.0171875 0.06015625
4 0.71796875 0.37890625 0.01015625 0.0359375
0 0.59765625 0.3953125 0.0109375 0.04375
0 0.28125 0.40546875 0.00859375 0.05
0 0.44453125 0.38984375 0.01171875 0.03984375
4 0.72578125 0.6171875 0.03515625 0.14375
4 0.6890625 0.43515625 0.01484375 0.05859375
4 0.73828125 0.4015625 0.0109375 0.0421875
4 0.68203125 0.34609375 0.00546875 0.0203125
0 0.61796875 0.36171875 0.00625 0.02734375
4 0.69140625 0.35625 0.00625 0.02421875
4 0.375 0.36171875 0.00859375 0.03125
0 0.55234375 0.33515625 0.003125 0.0171875
0 0.5875 0.31875 0.003125 0.0109375
4 0.70390625 0.36796875 0.00703125 0.0296875
0 0.4640625 0.3375 0.0046875 0.01875
0 0.51328125 0.35546875 0.00625 0.02578125
0 0.46953125 0.34453125 0.00546875 0.021875
4 0.6734375 0.33984375 0.0046875 0.0171875
4 0.37734375 0.33359375 0.00546875 0.021875
0 0.5703125 0.33125 0.003125 0.01484375
4 0.4765625 0.32734375 0.00390625 0.01640625
4 0.3734375 0.32734375 0.00390625 0.01953125
4 0.56796875 0.31640625 0.003125 0.0109375
0 0.5015625 0.33515625 0.00546875 0.0171875
0 0.62109375 0.3453125 0.00546875 0.0171875
0 0.5015625 0.37109375 0.0078125 0.03125
0 0.609375 0.3203125 0.003125 0.0109375
0 0.61875 0.35234375 0.0046875 0.021875
0 0.6140625 0.37734375 0.0078125 0.0328125
0 0.56640625 0.32578125 0.00234375 0.01328125
4 0.38671875 0.34453125 0.00625 0.02578125
4 0.53203125 0.31484375 0.003125 0.0109375
4 0.66484375 0.3296875 0.003125 0.01328125
0 0.553125 0.32265625 0.003125 0.01328125
0 0.61875 0.33671875 0.003125 0.01484375
4 0.66875 0.33515625 0.003125 0.01484375
0 0.2890625 0.58828125 0.03984375 0.12734375
4 0.284375 0.37265625 0.01015625 0.03671875
4 0.1234375 0.38203125 0.0125 0.0421875
4 0.43046875 0.32734375 0.0046875 0.0171875
4 0.50546875 0.32578125 0.00234375 0.01484375
0 0.6203125 0.325 0.003125 0.01484375
0 0.54921875 0.3203125 0.00234375 0.01171875
0 0.56171875 0.31875 0.00234375 0.01171875
4 0.60703125 0.3171875 0.00234375 0.0109375
4 0.64765625 0.32109375 0.00234375 0.01171875
4 0.66015625 0.32421875 0.00234375 0.01171875
4 0.6625 0.32734375 0.00234375 0.01328125