4 0.6796875 0.34609375 0.0171875 0.040625
4 0.6015625 0.384375 0.021875 0.0515625
4 0.64609375 0.55234375 0.059375 0.1296875
4 0.53828125 0.44296875 0.0328125 0.071875
0 0.24453125 0.43203125 0.01875 0.040625
4 0.70703125 0.32265625 0.0140625 0.034375
0 0.16484375 0.58046875 0.0515625 0.1015625
0 0.3921875 0.41484375 0.0203125 0.0453125
0 0.509375 0.3765625 0.015625 0.0375
0 0.55703125 0.35 0.0125 0.03125
0 0.52109375 0.3453125 0.0109375 0.0265625
4 0.5828125 0.32578125 0.0109375 0.0234375
0 0.31875 0.396875 0.0140625 0.0328125
4 0.384375 0.35078125 0.0078125 0.0171875
4 0.234375 0.40859375 0.0125 0.03125
4 0.1421875 0.4453125 0.01875 0.0375
4 0.33359375 0.371875 0.0109375 0.021875
4 0.29609375 0.38515625 0.0109375 0.025
0 0.47734375 0.33984375 0.0078125 0.0171875
0 0.36953125 0.3734375 0.0109375 0.025
0 0.3984375 0.35859375 0.009375 0.0203125
0 0.50234375 0.33125 0.0078125 0.0171875
0 0.48203125 0.34375 0.009375 0.021875
4 0.64765625 0.3234375 0.0109375 0.0265625
4 0.56328125 0.32265625 0.009375 0.0203125
0 0.1265625 0.49140625 0.0265625 0.0578125
0 0.28125 0.47109375 0.0265625 0.0625
0 0.41953125 0.3484375 0.0078125 0.01875
0 0.43515625 0.34296875 0.0078125 0.0171875
0 0.4484375 0.33671875 0.00625 0.015625
0 0.459375 0.33125 0.00625 0.0140625
0 0.46796875 0.32734375 0.00625 0.0140625
0 0.4765625 0.3234375 0.0046875 0.0109375
0 0.54609375 0.31875 0.00625 0.0171875
0 0.56640625 0.31171875 0.00625 0.015625
4 0.3640625 0.3578125 0.0078125 0.01875
4 0.4015625 0.34453125 0.00625 0.0171875
4 0.41484375 0.33984375 0.00625 0.0140625
4 0.4265625 0.3359375 0.00625 0.0140625
4 0.43828125 0.33125 0.00625 0.0140625
4 0.453125 0.32734375 0.0046875 0.0125
4 0.58125 0.31484375 0.009375 0.0171875
4 0.58203125 0.303125 0.0046875 0.0109375
4 0.5984375 0.30078125 0.00625 0.0125
4 0.60703125 0.3078125 0.0078125 0.0171875
4 0.6109375 0.30390625 0.00625 0.0140625
4 0.60390625 0.30234375 0.0046875 0.0109375
4 0.534375 0.309375 0.0046875 0.0109375
4 0.56328125 0.30546875 0.0046875 0.0109375
0 0.53203125 0.31171875 0.0046875 0.0109375
0 0.55 0.309375 0.0046875 0.0140625
0 0.559375 0.309375 0.00625 0.0140625
0 0.50078125 0.31796875 0.0046875 0.0109375
4 0.50859375 0.31484375 0.0046875 0.0109375
0 0.1375 0.871875 0.0546875 0.121875