0 0.65625 0.51171875 0.025 0.0765625
0 0.52734375 0.5890625 0.0453125 0.1265625
0 0.41875 0.37578125 0.0109375 0.0328125
0 0.09609375 0.35703125 0.0234375 0.059375
0 0.80234375 0.45 0.0125 0.0328125
0 0.31796875 0.37734375 0.015625 0.040625
4 0.74921875 0.3984375 0.0078125 0.0203125
4 0.8609375 0.4359375 0.0109375 0.0296875
4 0.87578125 0.43203125 0.0078125 0.021875
0 0.46796875 0.37265625 0.0109375 0.03125
0 0.7046875 0.40546875 0.0078125 0.025
4 0.7890625 0.4171875 0.0078125 0.0203125
0 0.840625 0.4453125 0.0125 0.03125
0 0.6015625 0.37578125 0.0078125 0.01875
0 0.4875 0.35390625 0.00625 0.015625
0 0.85234375 0.4203125 0.0078125 0.0203125
0 0.76953125 0.46171875 0.0125 0.04375
4 0.93515625 0.4546875 0.0109375 0.03125
4 0.3828125 0.3421875 0.00625 0.0171875
4 0.64453125 0.3734375 0.0046875 0.0171875
0 0.725 0.48203125 0.015625 0.0578125
4 0.32890625 0.33359375 0.0046875 0.0171875
4 0.72421875 0.40078125 0.00625 0.021875
0 0.4625 0.36328125 0.0078125 0.0234375
0 0.77578125 0.42109375 0.0078125 0.021875
4 0.215625 0.34375 0.0125 0.0328125
4 0.69140625 0.38515625 0.00625 0.01875
4 0.43359375 0.34609375 0.0046875 0.015625
4 0.621875 0.3734375 0.0046875 0.0140625
0 0.63984375 0.3890625 0.0078125 0.0203125
0 0.57265625 0.36640625 0.00625 0.0171875
4 0.40078125 0.34296875 0.00625 0.015625
4 0.371875 0.34453125 0.0078125 0.0234375
4 0.51875 0.3515625 0.00625 0.0140625
4 0.25859375 0.32734375 0.00625 0.015625
4 0.3515625 0.35 0.00625 0.025
4 0.3640625 0.33671875 0.0046875 0.0109375
4 0.55703125 0.3578125 0.0046875 0.015625
4 0.31484375 0.35 0.0078125 0.025
4 0.665625 0.3828125 0.0078125 0.0203125
0 0.946875 0.44140625 0.0078125 0.0234375
4 0.94765625 0.5265625 0.009375 0.0453125
4 0.6140625 0.365625 0.0046875 0.0171875
0 0.1390625 0.3078125 0.0078125 0.025
4 0.1328125 0.3109375 0.00625 0.0265625
4 0.8015625 0.41328125 0.0078125 0.0203125
0 0.77578125 0.4 0.0078125 0.0203125