0 0.18046875 0.2234375 0.009375 0.028125
4 0.2125 0.30703125 0.0171875 0.05625
0 0.103125 0.21953125 0.009375 0.0328125
0 0.9578125 0.38046875 0.0078125 0.0234375
4 0.5078125 0.28046875 0.0078125 0.025
0 0.76015625 0.33046875 0.00625 0.0203125
0 0.4515625 0.2609375 0.0046875 0.01875
0 0.66953125 0.30703125 0.0046875 0.0203125
4 0.42578125 0.63984375 0.065625 0.1953125
0 0.5203125 0.2734375 0.0046875 0.0203125
0 0.3859375 0.24921875 0.00625 0.0203125
4 0.26015625 0.39453125 0.0296875 0.0890625
4 0.62890625 0.309375 0.0078125 0.025
0 0.29140625 0.2359375 0.0078125 0.0234375
4 0.396875 0.26015625 0.0078125 0.025
4 0.8921875 0.3734375 0.009375 0.028125
0 0.85234375 0.35390625 0.00625 0.021875
4 0.75 0.3390625 0.0078125 0.0265625
0 0.5921875 0.2890625 0.0046875 0.0203125
4 0.2234375 0.265625 0.0125 0.0390625
4 0.29453125 0.25234375 0.0078125 0.028125