4 0.67421875 0.45078125 0.0484375 0.09375
0 0.12109375 0.55625 0.04375 0.0859375
0 0.04609375 0.46328125 0.01875 0.0359375
4 0.184375 0.45234375 0.021875 0.0453125
0 0.0890625 0.415625 0.0078125 0.0203125
4 0.215625 0.4234375 0.0171875 0.034375
4 0.259375 0.46640625 0.0265625 0.0578125
4 0.28515625 0.38515625 0.0125 0.025
0 0.1375 0.42890625 0.0140625 0.03125
4 0.2671875 0.3984375 0.0140625 0.03125
0 0.078125 0.41328125 0.0078125 0.0171875
4 0.240625 0.38828125 0.009375 0.0203125
4 0.17890625 0.3875 0.00625 0.015625
0 0.14296875 0.39296875 0.00625 0.0140625
0 0.1328125 0.41171875 0.009375 0.021875
0 0.05390625 0.4078125 0.00625 0.0140625
0 0.0375 0.415625 0.00625 0.015625
4 0.2015625 0.38125 0.00625 0.0140625
4 0.20390625 0.37890625 0.00625 0.0140625
4 0.1640625 0.3953125 0.00625 0.0171875
4 0.184375 0.39453125 0.009375 0.01875
0 0.0265625 0.421875 0.0078125 0.0171875
0 0.16953125 0.41171875 0.0125 0.025
0 0.10234375 0.40546875 0.00625 0.0171875
4 0.03125 0.41015625 0.00625 0.0140625
0 0.046875 0.41171875 0.00625 0.0140625
4 0.17265625 0.38046875 0.0046875 0.0109375
4 0.015625 0.41484375 0.00625 0.0140625
4 0.4390625 0.4609375 0.0359375 0.071875
4 0.0578125 0.40234375 0.0046875 0.0125
0 0.0625 0.40390625 0.0046875 0.0125
4 0.9703125 0.62890625 0.059375 0.2015625
0 0.25390625 0.6453125 0.0671875 0.1375
4 0.1890625 0.3765625 0.0046875 0.0125
4 0.19609375 0.378125 0.0046875 0.0109375