0 0.6546875 0.30703125 0.00625 0.0296875
0 0.5828125 0.29375 0.00625 0.0265625
0 0.10625 0.25 0.00625 0.025
4 0.14765625 0.34609375 0.01875 0.0640625
0 0.8515625 0.33046875 0.009375 0.034375
4 0.22109375 0.25234375 0.00625 0.0203125
4 0.72421875 0.3328125 0.0109375 0.04375
4 0.16015625 0.3125 0.0125 0.0453125
0 0.74453125 0.3203125 0.0078125 0.0328125
4 0.51171875 0.62890625 0.0546875 0.184375
4 0.55390625 0.30546875 0.0078125 0.0359375
4 0.86171875 0.29453125 0.003125 0.0140625
0 0.16484375 0.23671875 0.0046875 0.01875
0 0.07578125 0.2578125 0.0078125 0.03125
4 0.45625 0.271875 0.0046875 0.0234375
4 0.47265625 0.2859375 0.00625 0.028125
0 0.940625 0.30859375 0.003125 0.0140625
4 0.80546875 0.28671875 0.003125 0.0140625
4 0.68203125 0.26953125 0.003125 0.0125
0 0.58359375 0.26953125 0.003125 0.0171875
0 0.0546875 0.2765625 0.009375 0.0359375
4 0.2828125 0.23359375 0.003125 0.0140625
4 0.2609375 0.44765625 0.034375 0.109375
4 0.203125 0.26015625 0.00625 0.0265625
4 0.2359375 0.2453125 0.0046875 0.01875
0 0.2125 0.22890625 0.003125 0.0140625
4 0.8921875 0.26796875 0.003125 0.009375
4 0.30859375 0.2328125 0.003125 0.0140625
4 0.48203125 0.25625 0.003125 0.0140625
0 0.8828125 0.3046875 0.003125 0.0140625
4 0.25859375 0.2359375 0.003125 0.0171875
4 0.7421875 0.278125 0.003125 0.0125
0 0.76796875 0.28671875 0.003125 0.0140625
4 0.69296875 0.2578125 0.0015625 0.009375
4 0.20234375 0.28671875 0.0078125 0.03125
4 0.7484375 0.25859375 0.003125 0.0109375
0 0.13671875 0.2421875 0.0046875 0.021875
4 0.91015625 0.2984375 0.003125 0.0140625
0 0.6609375 0.27109375 0.003125 0.0140625
4 0.57265625 0.25625 0.003125 0.0125
4 0.85234375 0.26640625 0.003125 0.009375
0 0.5890625 0.2796875 0.0046875 0.01875
4 0.246875 0.24140625 0.0046875 0.0171875
0 0.55 0.28203125 0.0046875 0.0234375
4 0.33359375 0.23203125 0.003125 0.0125
0 0.18671875 0.2328125 0.003125 0.015625
4 0.51875 0.253125 0.003125 0.0140625
4 0.51484375 0.2671875 0.0046875 0.01875
4 0.815625 0.2640625 0.0015625 0.009375
4 0.496875 0.26015625 0.003125 0.0171875
0 0.5625 0.26015625 0.0015625 0.0140625
0 0.81640625 0.29765625 0.003125 0.0140625
0 0.609375 0.26484375 0.003125 0.0140625
0 0.59375 0.27578125 0.003125 0.01875
0 0.71796875 0.27890625 0.003125 0.0140625
0 0.67734375 0.253125 0.0015625 0.0078125
4 0.9390625 0.27265625 0.0015625 0.009375
4 0.60390625 0.25 0.003125 0.0109375
4 0.62578125 0.2625 0.0015625 0.0125
4 0.94609375 0.29765625 0.003125 0.0140625
0 0.27890625 0.2296875 0.003125 0.0109375
4 0.35 0.2296875 0.003125 0.0125
4 0.49453125 0.2703125 0.0046875 0.0203125
0 0.56484375 0.26484375 0.003125 0.0140625
4 0.5515625 0.2453125 0.0015625 0.0109375
0 0.83671875 0.2625 0.0015625 0.0078125
4 0.71953125 0.25859375 0.003125 0.0109375
0 0.896875 0.26484375 0.003125 0.009375
4 0.578125 0.246875 0.0015625 0.0109375
4 0.378125 0.23046875 0.003125 0.0109375
4 0.6609375 0.25546875 0.0015625 0.009375
4 0.5 0.240625 0.003125 0.0109375
0 0.59296875 0.2484375 0.0015625 0.009375
4 0.52578125 0.2421875 0.0015625 0.0109375
4 0.7828125 0.26171875 0.0015625 0.009375
0 0.91328125 0.2671875 0.003125 0.009375
4 0.20390625 0.2703125 0.00625 0.028125
4 0.4375 0.23359375 0.0015625 0.0109375
0 0.8703125 0.2640625 0.0015625 0.0078125
0 0.346875 0.228125 0.003125 0.0109375
0 0.76875 0.2578125 0.0015625 0.0078125
0 0.25 0.2296875 0.003125 0.0140625
0 0.409375 0.2296875 0.0015625 0.009375
0 0.44609375 0.2328125 0.003125 0.0109375
0 0.48203125 0.23671875 0.0015625 0.009375
0 0.51640625 0.24140625 0.0015625 0.009375
0 0.61484375 0.24921875 0.0015625 0.0078125
0 0.64765625 0.25234375 0.0015625 0.009375
0 0.7078125 0.25390625 0.0015625 0.0078125
0 0.73125 0.25625 0.0015625 0.0078125
0 0.80234375 0.26015625 0.0015625 0.0078125
0 0.57109375 0.246875 0.0015625 0.0078125
0 0.31015625 0.22890625 0.0015625 0.0109375
4 0.41171875 0.23203125 0.0015625 0.0109375
4 0.4703125 0.2375 0.0015625 0.009375
4 0.6265625 0.25234375 0.0015625 0.009375
1 0.61015625 0.2453125 0.003125 0.015625
1 0.62109375 0.2484375 0.003125 0.0171875
1 0.6328125 0.24921875 0.003125 0.0171875
0 0.5453125 0.24453125 0.0015625 0.0078125