0 0.784375 0.415625 0.0140625 0.0359375
0 0.3828125 0.32265625 0.021875 0.059375
4 0.48984375 0.48671875 0.04375 0.115625
0 0.515625 0.3375 0.015625 0.0453125
4 0.54609375 0.4125 0.0265625 0.071875
4 0.6296875 0.40390625 0.021875 0.0546875
4 0.72734375 0.42109375 0.0171875 0.046875
2 0.35703125 0.25390625 0.0125 0.034375
4 0.17578125 0.2640625 0.0265625 0.065625
4 0.84140625 0.4578125 0.015625 0.0453125
2 0.25625 0.2015625 0.0109375 0.028125
2 0.20234375 0.24296875 0.021875 0.053125
2 0.2375 0.2171875 0.0140625 0.0359375
2 0.37109375 0.2921875 0.01875 0.0484375
2 0.3484375 0.23125 0.0109375 0.0265625
0 0.94140625 0.478125 0.015625 0.0375
2 0.26875 0.19296875 0.0078125 0.0234375
2 0.34296875 0.21796875 0.0078125 0.0203125
0 0.64609375 0.36875 0.0140625 0.0375
2 0.3203125 0.209375 0.0078125 0.021875
2 0.29453125 0.2015625 0.0078125 0.0234375
1 0.5234375 0.6421875 0.11875 0.321875
1 0.65859375 0.7640625 0.0734375 0.225
4 0.54921875 0.76875 0.06875 0.184375
3 0.290625 0.19375 0.0046875 0.015625
3 0.3515625 0.215625 0.00625 0.0171875
3 0.35 0.20703125 0.0046875 0.0140625
3 0.38984375 0.225 0.0046875 0.0140625
3 0.42734375 0.2296875 0.0046875 0.0140625
3 0.4484375 0.24140625 0.003125 0.0140625
3 0.5140625 0.26015625 0.003125 0.0109375
3 0.51796875 0.2640625 0.0046875 0.0140625
3 0.58828125 0.290625 0.003125 0.0140625
3 0.60234375 0.2921875 0.0046875 0.0140625
3 0.65546875 0.31953125 0.0046875 0.0140625
3 0.68984375 0.3296875 0.0046875 0.0140625
3 0.71015625 0.34609375 0.0046875 0.0171875
3 0.7546875 0.36015625 0.0046875 0.015625
3 0.77421875 0.37734375 0.00625 0.0203125
3 0.8171875 0.38984375 0.0046875 0.0171875