0 0.66171875 0.18671875 0.0109375 0.025
0 0.4140625 0.303125 0.015625 0.0375
4 0.7234375 0.24140625 0.025 0.0546875
0 0.46484375 0.53125 0.0671875 0.146875
0 0.63125 0.19921875 0.0109375 0.0265625
0 0.50234375 0.24765625 0.0125 0.028125
0 0.5265625 0.35 0.0265625 0.0734375
0 0.528125 0.4 0.040625 0.0953125
0 0.49921875 0.32734375 0.0265625 0.0625
0 0.45078125 0.31953125 0.0203125 0.0484375
4 0.7671875 0.13671875 0.009375 0.0203125
4 0.809375 0.2484375 0.0375 0.0734375
4 0.62265625 0.2484375 0.0234375 0.046875
4 0.77578125 0.13671875 0.009375 0.0203125
4 0.75859375 0.16328125 0.0140625 0.0296875
4 0.58203125 0.240625 0.015625 0.0375
4 0.79375 0.14375 0.0125 0.0265625
4 0.8 0.11953125 0.009375 0.0171875
4 0.715625 0.18359375 0.0140625 0.0328125
4 0.83515625 0.1078125 0.0078125 0.0171875
0 0.44375 0.27421875 0.0125 0.03125
4 0.609375 0.225 0.0140625 0.034375
0 0.74140625 0.1359375 0.0078125 0.0171875
0 0.56875 0.2234375 0.0109375 0.0265625
0 0.36171875 0.746875 0.1078125 0.23125
0 0.70859375 0.14921875 0.0078125 0.0171875
0 0.68046875 0.16171875 0.00625 0.01875
0 0.68515625 0.175 0.009375 0.021875
0 0.6890625 0.16484375 0.009375 0.0203125
0 0.69375 0.1671875 0.009375 0.0234375
4 0.796875 0.1375 0.009375 0.0234375
4 0.77734375 0.12890625 0.0078125 0.0171875
0 0.78984375 0.11875 0.00625 0.0171875
0 0.84921875 0.0984375 0.00625 0.0171875