0 0.47265625 0.38671875 0.01875 0.034375
0 0.16796875 0.28359375 0.0125 0.021875
0 0.12421875 0.33203125 0.0296875 0.0453125
0 0.81484375 0.42109375 0.0125 0.0203125
0 0.69375 0.47109375 0.0296875 0.05
0 0.62890625 0.3921875 0.009375 0.015625
0 0.415625 0.3421875 0.0125 0.0203125
0 0.31640625 0.36640625 0.0265625 0.040625
0 0.9375 0.44609375 0.0140625 0.021875
0 0.71171875 0.4046875 0.0109375 0.0171875
0 0.4765625 0.3609375 0.0125 0.0203125
0 0.33046875 0.3203125 0.0109375 0.01875
0 0.51875 0.38671875 0.0125 0.0234375
4 0.67890625 0.43046875 0.0203125 0.0328125
4 0.846875 0.4328125 0.0140625 0.021875
4 0.8078125 0.475 0.0265625 0.0421875
4 0.43046875 0.4125 0.03125 0.053125
4 0.76328125 0.41875 0.0140625 0.0234375
4 0.15546875 0.27421875 0.0109375 0.0203125
4 0.69921875 0.409375 0.0125 0.025
4 0.459375 0.34765625 0.0109375 0.01875
4 0.35703125 0.32109375 0.0109375 0.01875
4 0.5296875 0.36953125 0.0109375 0.0171875
4 0.94453125 0.4546875 0.009375 0.021875
4 0.6359375 0.41328125 0.0140625 0.0296875
2 0.76796875 0.55703125 0.053125 0.0859375
2 0.346875 0.45 0.0515625 0.084375
2 0.57109375 0.35546875 0.00625 0.0109375
2 0.61640625 0.38515625 0.0078125 0.015625
2 0.61328125 0.37890625 0.009375 0.015625
2 0.609375 0.3703125 0.00625 0.0140625
2 0.6046875 0.3640625 0.0078125 0.0140625
2 0.6 0.36015625 0.00625 0.0125
2 0.5859375 0.3578125 0.009375 0.0125
2 0.55625 0.35078125 0.00625 0.0109375
2 0.53828125 0.36875 0.009375 0.0171875
1 0.5125 0.3796875 0.021875 0.0421875
1 0.52109375 0.3765625 0.01875 0.040625
1 0.64609375 0.409375 0.0203125 0.0453125
1 0.63984375 0.4 0.0171875 0.034375