0 0.0984375 0.2984375 0.0109375 0.025
0 0.7171875 0.10625 0.0109375 0.025
0 0.81640625 0.08125 0.0109375 0.0234375
0 0.671875 0.41171875 0.0625 0.13125
4 0.040625 0.3078125 0.0109375 0.0234375
0 0.36328125 0.19453125 0.0078125 0.0171875
0 0.18125 0.2609375 0.0109375 0.0234375
0 0.6375 0.125 0.009375 0.0234375
0 0.31484375 0.21015625 0.0078125 0.01875
4 0.00859375 0.3109375 0.00625 0.0140625
0 0.41484375 0.1796875 0.0078125 0.0171875
4 0.3046875 0.20625 0.0046875 0.0109375
0 0.52890625 0.14609375 0.009375 0.01875
4 0.41875 0.1734375 0.0078125 0.015625
4 0.2265625 0.23203125 0.00625 0.0125
4 0.4484375 0.1609375 0.00625 0.0125
0 0.40703125 0.17265625 0.00625 0.0109375
4 0.1921875 0.2484375 0.0078125 0.0171875
4 0.26796875 0.221875 0.00625 0.0140625
0 0.2515625 0.8515625 0.0578125 0.1234375
0 0.58203125 0.13671875 0.009375 0.0203125
4 0.49453125 0.1515625 0.00625 0.0140625
4 0.12265625 0.275 0.009375 0.01875
0 0.0640625 0.2859375 0.0046875 0.0140625
0 0.25390625 0.23125 0.009375 0.01875
4 0.3953125 0.175 0.00625 0.0109375
4 0.5703125 0.1328125 0.00625 0.0109375
4 0.68046875 0.109375 0.0078125 0.015625
0 0.46640625 0.16328125 0.0078125 0.0171875
4 0.6140625 0.12421875 0.0078125 0.0140625
4 0.078125 0.28515625 0.00625 0.0140625
0 0.1734375 0.24609375 0.00625 0.0140625
4 0.34296875 0.1953125 0.00625 0.0140625
0 0.13359375 0.26171875 0.0046875 0.0109375
0 0.3546875 0.18671875 0.0046875 0.0109375
4 0.13984375 0.26328125 0.00625 0.0140625
0 0.309375 0.2015625 0.0046875 0.0109375
0 0.09921875 0.271875 0.00625 0.0140625
4 0.503125 0.14609375 0.0046875 0.009375
4 0.54296875 0.1359375 0.0046875 0.00625
4 0.26953125 0.21796875 0.0046875 0.0125
4 0.76171875 0.0890625 0.0078125 0.0140625