0 0.20703125 0.41484375 0.0421875 0.0671875
0 0.79296875 0.45703125 0.0171875 0.0265625
0 0.19453125 0.3609375 0.028125 0.046875
0 0.15625 0.3390625 0.025 0.0375
0 0.36171875 0.33671875 0.0109375 0.0171875
0 0.11875 0.3203125 0.0203125 0.034375
0 0.13671875 0.2984375 0.0125 0.0234375
0 0.66640625 0.42109375 0.015625 0.025
0 0.18828125 0.303125 0.0125 0.0203125
0 0.51953125 0.375 0.0109375 0.0171875
0 0.59765625 0.39921875 0.0109375 0.0203125
0 0.440625 0.3546875 0.009375 0.015625
4 0.38359375 0.3875 0.025 0.040625
4 0.72421875 0.4484375 0.01875 0.03125
4 0.90390625 0.51796875 0.028125 0.0453125
4 0.65703125 0.55546875 0.059375 0.0890625
4 0.496875 0.3796875 0.015625 0.0265625
4 0.33359375 0.36328125 0.0203125 0.0328125
4 0.4953125 0.44921875 0.0390625 0.0609375
4 0.253125 0.3234375 0.0140625 0.0234375
4 0.378125 0.3421875 0.0109375 0.01875
4 0.43125 0.35703125 0.0109375 0.0171875
4 0.26796875 0.33984375 0.015625 0.0265625
4 0.58671875 0.40625 0.0140625 0.025
4 0.32421875 0.3296875 0.0140625 0.0234375
4 0.27734375 0.325 0.0125 0.0203125