0 0.184375 0.2953125 0.01875 0.04375
4 0.6796875 0.36015625 0.0296875 0.0671875
4 0.11640625 0.2765625 0.015625 0.0375
1 0.1421875 0.265625 0.0234375 0.05625
0 0.4 0.27265625 0.0125 0.03125
0 0.40390625 0.328125 0.0234375 0.0578125
2 0.60859375 0.271875 0.0125 0.0296875
0 0.47109375 0.46953125 0.05 0.1203125
4 0.15390625 0.2390625 0.009375 0.0203125
0 0.3109375 0.30546875 0.021875 0.0484375
2 0.50546875 0.27265625 0.0140625 0.0328125
4 0.5421875 0.3109375 0.021875 0.0484375
0 0.46875 0.37265625 0.03125 0.0765625
2 0.6578125 0.284375 0.0140625 0.034375
0 0.45 0.26171875 0.0109375 0.0265625
1 0.0921875 0.2671875 0.021875 0.059375
4 0.846875 0.48671875 0.053125 0.1203125
0 0.4171875 0.24453125 0.0078125 0.0203125
4 0.35390625 0.2453125 0.009375 0.021875
4 0.271875 0.23984375 0.009375 0.0203125
0 0.3 0.2359375 0.0078125 0.01875
4 0.22734375 0.2734375 0.015625 0.0359375
0 0.22578125 0.2359375 0.0078125 0.01875
4 0.31953125 0.2421875 0.009375 0.0203125
4 0.3140625 0.26640625 0.0140625 0.03125
4 0.371875 0.25234375 0.0109375 0.0234375
2 0.5390625 0.28671875 0.015625 0.0375
0 0.2109375 0.7171875 0.0609375 0.1609375
4 0.3625 0.259375 0.0125 0.028125
1 0.1 0.28203125 0.03125 0.071875
0 0.36328125 0.23984375 0.00625 0.01875
4 0.21484375 0.2390625 0.009375 0.01875
0 0.4484375 0.25234375 0.0078125 0.021875
4 0.4125 0.2875 0.0171875 0.0390625
3 0.409375 0.234375 0.00625 0.0140625
3 0.3984375 0.23125 0.0046875 0.0140625
0 0.14375 0.23515625 0.00625 0.01875
3 0.740625 0.265625 0.0078125 0.0203125
3 0.55625 0.2359375 0.00625 0.0140625
3 0.69765625 0.271875 0.009375 0.025
3 0.7703125 0.28359375 0.009375 0.0265625
3 0.81640625 0.27265625 0.0078125 0.021875
3 0.7796875 0.259375 0.00625 0.0171875
3 0.72421875 0.25703125 0.00625 0.0171875
3 0.7140625 0.24765625 0.0046875 0.015625
3 0.67578125 0.24921875 0.00625 0.0140625
3 0.65546875 0.24296875 0.0046875 0.0140625
3 0.609375 0.2421875 0.00625 0.0171875
3 0.54140625 0.23828125 0.0046875 0.015625
3 0.475 0.2359375 0.0046875 0.0140625
3 0.55234375 0.23203125 0.003125 0.0125