0 0.20625 0.85625 0.18125 0.2828125
0 0.696875 0.2203125 0.0328125 0.046875
0 0.45859375 0.2890625 0.0265625 0.040625
0 0.32734375 0.31875 0.0234375 0.0375
0 0.203125 0.34375 0.0234375 0.034375
4 0.084375 0.453125 0.0453125 0.06875
4 0.3265625 0.40234375 0.046875 0.0734375
4 0.3671875 0.375 0.0421875 0.065625
4 0.7359375 0.34140625 0.06875 0.1078125
4 0.16171875 0.40859375 0.0375 0.0578125
4 0.725 0.29375 0.053125 0.0828125
4 0.02421875 0.4234375 0.0265625 0.0484375
2 0.1890625 0.346875 0.021875 0.034375