0 0.8546875 0.4109375 0.0640625 0.1015625
0 0.65546875 0.44296875 0.071875 0.1203125
0 0.5953125 0.33359375 0.0421875 0.071875
0 0.4296875 0.275 0.0359375 0.05625
0 0.078125 0.45078125 0.0890625 0.165625
0 0.3046875 0.21328125 0.0265625 0.0359375
0 0.36171875 0.2390625 0.0296875 0.0453125
0 0.25234375 0.19140625 0.025 0.0328125
0 0.85703125 0.27734375 0.0234375 0.0359375
0 0.72890625 0.2546875 0.015625 0.0296875
4 0.9234375 0.3421875 0.040625 0.0625
4 0.95234375 0.3359375 0.0375 0.0578125
4 0.7453125 0.29140625 0.0296875 0.0453125
4 0.703125 0.3 0.0296875 0.04375
4 0.4125 0.20625 0.015625 0.0265625
4 0.50859375 0.24296875 0.0234375 0.034375
4 0.5765625 0.26484375 0.025 0.040625
4 0.61484375 0.25859375 0.0203125 0.0359375
2 0.240625 0.18515625 0.01875 0.03125
2 0.40703125 0.20390625 0.0125 0.025
2 0.60234375 0.2546875 0.021875 0.0359375
2 0.71484375 0.2515625 0.0171875 0.028125