0 0.4125 0.334375 0.0171875 0.059375
0 0.471875 0.36875 0.021875 0.0765625
0 0.09765625 0.32578125 0.0140625 0.0453125
0 0.48671875 0.4875 0.0375 0.128125
0 0.32421875 0.31796875 0.015625 0.0484375
0 0.21875 0.31640625 0.0140625 0.0453125
4 0.68203125 0.33359375 0.021875 0.065625
4 0.55625 0.30234375 0.015625 0.0484375
4 0.29140625 0.29140625 0.0109375 0.034375
4 0.4234375 0.290625 0.0125 0.040625
4 0.1484375 0.30078125 0.0125 0.0359375
4 0.90703125 0.46953125 0.05 0.13125
0 0.93359375 0.18828125 0.003125 0.009375