4 0.25859375 0.3828125 0.025 0.059375
4 0.39609375 0.565625 0.065625 0.1484375
4 0.25 0.43125 0.0359375 0.08125
0 0.8 0.27109375 0.0125 0.03125
4 0.3609375 0.2953125 0.0109375 0.028125
0 0.23984375 0.31328125 0.0125 0.03125
0 0.73203125 0.27109375 0.009375 0.0265625
0 0.1234375 0.3625 0.0203125 0.0453125
4 0.76796875 0.284375 0.015625 0.034375
0 0.69375 0.27109375 0.0078125 0.0203125
0 0.31953125 0.29140625 0.009375 0.0234375
0 0.27890625 0.30390625 0.0109375 0.025
4 0.3171875 0.34765625 0.01875 0.0453125
4 0.3921875 0.28984375 0.009375 0.0234375
0 0.76640625 0.24921875 0.0078125 0.021875
0 0.734375 0.25625 0.00625 0.0171875
0 0.83671875 0.24140625 0.00625 0.0171875
4 0.5234375 0.25 0.00625 0.0140625
4 0.4453125 0.271875 0.00625 0.01875
4 0.66015625 0.25703125 0.00625 0.0171875
4 0.6 0.27265625 0.009375 0.0234375
4 0.6140625 0.2609375 0.0078125 0.0171875
0 0.43359375 0.2609375 0.00625 0.015625
4 0.809375 0.2375 0.00625 0.0171875
4 0.6953125 0.25234375 0.00625 0.01875
4 0.74921875 0.240625 0.00625 0.0171875
0 0.36640625 0.2796875 0.009375 0.021875
4 0.353125 0.32421875 0.015625 0.0375
4 0.6515625 0.278125 0.0125 0.0296875
0 0.20390625 0.33203125 0.015625 0.0375
0 0.4078125 0.2671875 0.00625 0.0171875
0 0.675 0.2609375 0.0078125 0.01875
4 0.49609375 0.25703125 0.00625 0.0171875
4 0.4328125 0.2796875 0.0078125 0.01875
4 0.703125 0.246875 0.00625 0.015625
0 0.6671875 0.26484375 0.0078125 0.021875
4 0.35078125 0.3078125 0.0125 0.0328125
4 0.5921875 0.2671875 0.0078125 0.021875
0 0.7796875 0.2421875 0.00625 0.015625
4 0.509375 0.25390625 0.00625 0.0140625
0 0.7578125 0.253125 0.0078125 0.01875
4 0.7375 0.23203125 0.0046875 0.0109375
0 0.38515625 0.271875 0.00625 0.0171875
0 0.8828125 0.225 0.0046875 0.0140625
4 0.87421875 0.2375 0.00625 0.0171875
4 0.88828125 0.225 0.00625 0.015625
0 0.53125 0.24609375 0.0046875 0.0140625
4 0.546875 0.246875 0.0046875 0.0140625
0 0.9015625 0.24140625 0.00625 0.0171875
4 0.76875 0.23125 0.0046875 0.0125
4 0.82421875 0.228125 0.00625 0.015625
4 0.478125 0.26171875 0.00625 0.015625
4 0.6140625 0.23671875 0.0046875 0.0125
4 0.67578125 0.23203125 0.0046875 0.0140625
0 0.4765625 0.25078125 0.0046875 0.0140625
0 0.49921875 0.24921875 0.0046875 0.0140625
0 0.75625 0.22890625 0.0046875 0.0125
4 0.7953125 0.22890625 0.00625 0.0171875
4 0.57109375 0.24375 0.0046875 0.0125
4 0.703125 0.2328125 0.0046875 0.0140625
4 0.4546875 0.2671875 0.00625 0.01875
1 0.90625 0.22109375 0.0078125 0.01875
4 0.85546875 0.2265625 0.0046875 0.0140625
4 0.5953125 0.23984375 0.0046875 0.0125
4 0.64296875 0.23359375 0.00625 0.0140625
0 0.45625 0.25625 0.0046875 0.0140625
0 0.71953125 0.2296875 0.00625 0.0140625