0 0.12265625 0.26796875 0.01875 0.053125
0 0.42109375 0.28046875 0.0078125 0.028125
0 0.221875 0.2625 0.0140625 0.0390625
4 0.315625 0.32109375 0.0203125 0.0625
0 0.33046875 0.27109375 0.009375 0.03125
4 0.55390625 0.65625 0.0625 0.1921875
4 0.37421875 0.30546875 0.0140625 0.0453125
4 0.5484375 0.31171875 0.009375 0.0265625
4 0.575 0.30234375 0.0078125 0.021875
0 0.4671875 0.27890625 0.0078125 0.0265625
0 0.478125 0.26875 0.00625 0.0234375
4 0.33515625 0.39375 0.03125 0.090625
4 0.23828125 0.1734375 0.0046875 0.0140625
4 0.78984375 0.34921875 0.00625 0.015625
0 0.93359375 0.40078125 0.00625 0.021875
1 0.86640625 0.37109375 0.0109375 0.03125
4 0.28828125 0.18984375 0.0046875 0.0140625
4 0.72890625 0.3234375 0.0046875 0.015625
0 0.75078125 0.32734375 0.0046875 0.0140625
0 0.46171875 0.253125 0.00625 0.0203125
0 0.10234375 0.134375 0.00625 0.0140625
0 0.30859375 0.20078125 0.00625 0.0171875
4 0.475 0.2453125 0.0046875 0.015625
4 0.20234375 0.1609375 0.0046875 0.0140625
4 0.70546875 0.3125 0.0046875 0.0140625
0 0.16484375 0.153125 0.00625 0.0171875
0 0.2109375 0.1703125 0.0046875 0.0140625
4 0.21328125 0.15625 0.0046875 0.0109375
1 0.88515625 0.378125 0.0109375 0.034375
4 0.87734375 0.38984375 0.0078125 0.0203125
4 0.82109375 0.3640625 0.00625 0.0203125
4 0.515625 0.26328125 0.0046875 0.0171875
4 0.41640625 0.228125 0.0046875 0.0140625
0 0.83828125 0.365625 0.0046875 0.015625
4 0.9484375 0.41796875 0.009375 0.0265625
0 0.428125 0.23515625 0.0046875 0.015625
4 0.75703125 0.3359375 0.0046875 0.015625
4 0.34296875 0.2046875 0.0046875 0.0140625
4 0.17578125 0.14765625 0.0046875 0.0109375
4 0.47578125 0.3109375 0.0109375 0.0359375
4 0.13515625 0.1375 0.0046875 0.0109375
4 0.55390625 0.2828125 0.00625 0.021875
4 0.68359375 0.3046875 0.0046875 0.0125
0 0.78359375 0.34296875 0.0046875 0.015625
4 0.3328125 0.190625 0.003125 0.009375
0 0.25390625 0.184375 0.0046875 0.0171875
1 0.8140625 0.35390625 0.009375 0.028125
0 0.36875 0.215625 0.0046875 0.015625
4 0.1296875 0.1390625 0.0046875 0.0109375
4 0.30078125 0.18203125 0.003125 0.0109375
0 0.71640625 0.31171875 0.0046875 0.0109375
0 0.27265625 0.17109375 0.003125 0.0109375
0 0.2234375 0.1578125 0.0046875 0.0109375
1 0.83046875 0.36171875 0.009375 0.03125
0 0.87265625 0.378125 0.00625 0.0203125
4 0.259375 0.1703125 0.0046875 0.0109375
0 0.8109375 0.35390625 0.0046875 0.0171875
0 0.68203125 0.29609375 0.0046875 0.0109375
0 0.18203125 0.1453125 0.003125 0.009375
4 0.43515625 0.2171875 0.0046875 0.009375
4 0.659375 0.29375 0.003125 0.0109375
4 0.55 0.253125 0.003125 0.0109375
4 0.365625 0.1984375 0.003125 0.0109375
4 0.590625 0.265625 0.0046875 0.0125
0 0.57109375 0.259375 0.0046875 0.0140625
0 0.6078125 0.271875 0.0046875 0.0140625