0 0.5375 0.40234375 0.0359375 0.0921875
4 0.659375 0.328125 0.021875 0.05625
0 0.41171875 0.32421875 0.01875 0.0515625
1 0.47890625 0.3265625 0.0359375 0.0984375
0 0.49765625 0.2796875 0.0125 0.0328125
0 0.315625 0.3125 0.0171875 0.0453125
4 0.85 0.2609375 0.009375 0.025
0 0.2078125 0.31171875 0.0171875 0.04375
0 0.55859375 0.26640625 0.009375 0.028125
0 0.9515625 0.25546875 0.009375 0.0265625
4 0.26328125 0.290625 0.0140625 0.034375
0 0.4921875 0.35078125 0.0234375 0.065625
1 0.64296875 0.3078125 0.03125 0.0828125
1 0.5078125 0.340625 0.040625 0.1140625
1 0.68515625 0.31796875 0.034375 0.0921875
4 0.109375 0.3 0.015625 0.0375
4 0.6015625 0.30234375 0.015625 0.046875
2 0.34765625 0.2671875 0.009375 0.025
4 0.76640625 0.2609375 0.009375 0.028125
2 0.4296875 0.2609375 0.009375 0.025
0 0.8375 0.25234375 0.009375 0.025
2 0.47109375 0.27265625 0.0109375 0.0296875
0 0.07421875 0.31875 0.015625 0.04375
0 0.7328125 0.253125 0.0078125 0.0234375
4 0.69453125 0.26484375 0.009375 0.028125
0 0.45625 0.6015625 0.075 0.1859375
2 0.3703125 0.28046875 0.0125 0.03125
2 0.33125 0.25703125 0.0078125 0.0203125
4 0.63828125 0.27265625 0.0109375 0.03125
4 0.80390625 0.35703125 0.028125 0.06875
4 0.93984375 0.2640625 0.0109375 0.0296875
4 0.3859375 0.28984375 0.0125 0.0375
2 0.40078125 0.25234375 0.0078125 0.0203125
3 0.32421875 0.24609375 0.0046875 0.015625
2 0.3796875 0.246875 0.00625 0.015625
2 0.34140625 0.25 0.00625 0.0171875
0 0.63828125 0.25703125 0.0078125 0.025
4 0.603125 0.284375 0.0140625 0.0375
2 0.36171875 0.24765625 0.00625 0.0171875
2 0.31953125 0.25078125 0.00625 0.0171875
3 0.36484375 0.2390625 0.0046875 0.0140625