0 0.86875 0.36015625 0.025 0.0515625
0 0.92734375 0.31875 0.0140625 0.0296875
0 0.784375 0.41875 0.04375 0.0859375
0 0.90625 0.334375 0.01875 0.0375
0 0.4703125 0.64609375 0.1140625 0.221875
0 0.94140625 0.309375 0.0109375 0.0234375
1 0.96015625 0.29140625 0.0140625 0.028125
2 0.96484375 0.29296875 0.0078125 0.0171875
2 0.96953125 0.28984375 0.00625 0.015625
0 0.95078125 0.30234375 0.009375 0.0203125
2 0.97265625 0.2875 0.00625 0.0140625
2 0.97578125 0.2859375 0.00625 0.0140625
2 0.978125 0.28359375 0.00625 0.0140625
2 0.98046875 0.28203125 0.0046875 0.0125
1 0.9625 0.290625 0.0109375 0.028125