2 0.48046875 0.459375 0.046875 0.1140625
2 0.1765625 0.29921875 0.015625 0.04375
2 0.2640625 0.346875 0.025 0.0640625
2 0.040625 0.22421875 0.0046875 0.0140625
2 0.08203125 0.24765625 0.0078125 0.0234375
2 0.13046875 0.275 0.0125 0.034375
2 0.0671875 0.2390625 0.00625 0.0203125
2 0.05625 0.23359375 0.00625 0.01875
2 0.10078125 0.2578125 0.009375 0.028125
2 0.0296875 0.21953125 0.0046875 0.0109375
2 0.04765625 0.22890625 0.0046875 0.015625
2 0.02578125 0.21953125 0.0046875 0.0078125
2 0.03515625 0.221875 0.0046875 0.0125