4 0.24765625 0.3703125 0.03125 0.08125
4 0.40625 0.6421875 0.075 0.19375
4 0.15546875 0.2359375 0.0109375 0.0296875
4 0.19296875 0.2921875 0.01875 0.0484375
4 0.1359375 0.20390625 0.00625 0.01875
4 0.12890625 0.1921875 0.00625 0.0140625
4 0.16875 0.25703125 0.0140625 0.0375
4 0.1328125 0.1984375 0.0046875 0.0171875
4 0.14609375 0.221875 0.009375 0.0234375
4 0.1421875 0.21171875 0.0078125 0.021875
4 0.35078125 0.25 0.0078125 0.0203125
4 0.12734375 0.1875 0.0046875 0.0109375
4 0.35546875 0.2484375 0.0078125 0.0234375
4 0.125 0.18359375 0.0046875 0.0125