0 0.86171875 0.19765625 0.00625 0.02578125
0 0.8171875 0.42578125 0.03828125 0.12265625
4 0.87890625 0.18828125 0.00703125 0.0203125
0 0.77578125 0.190625 0.00703125 0.0203125
4 0.86953125 0.1828125 0.0046875 0.01875
4 0.93203125 0.17890625 0.00625 0.01875
0 0.8375 0.18046875 0.0046875 0.0171875
0 0.35625 0.72578125 0.06640625 0.24375
0 0.7953125 0.19375 0.0046875 0.0203125
4 0.9140625 0.18984375 0.00703125 0.02265625
0 0.8984375 0.17578125 0.00546875 0.0171875
0 0.7921875 0.18515625 0.00390625 0.01640625
4 0.890625 0.18125 0.00546875 0.01875
3 0.28359375 0.259375 0.00625 0.025
3 0.2609375 0.2484375 0.00390625 0.0203125
3 0.2546875 0.2453125 0.00390625 0.01953125
3 0.22109375 0.25703125 0.00625 0.0203125
3 0.1828125 0.24921875 0.00390625 0.0171875
3 0.1453125 0.26953125 0.00625 0.02421875
3 0.1203125 0.28671875 0.00859375 0.0296875
4 0.8609375 0.1859375 0.00390625 0.021875
3 0.26328125 0.23515625 0.0015625 0.01640625
3 0.25078125 0.23125 0.003125 0.01328125
3 0.36015625 0.2375 0.003125 0.0203125
3 0.3328125 0.23125 0.0046875 0.0171875
3 0.35234375 0.2171875 0.003125 0.01328125