2 0.8140625 0.396875 0.0375 0.0890625
2 0.9375 0.3390625 0.025 0.05625
2 0.87109375 0.32734375 0.0234375 0.053125
4 0.63984375 0.20234375 0.003125 0.0109375
3 0.9265625 0.30625 0.0125 0.0359375
4 0.7203125 0.21015625 0.003125 0.0109375
4 0.60234375 0.19765625 0.003125 0.009375
2 0.7640625 0.2140625 0.003125 0.0125
4 0.67890625 0.20625 0.003125 0.009375
2 0.584375 0.67734375 0.1046875 0.234375
4 0.81171875 0.21953125 0.003125 0.0109375
0 0.48203125 0.1890625 0.003125 0.0078125
4 0.47890625 0.1859375 0.003125 0.0078125
4 0.50625 0.1890625 0.003125 0.0078125
0 0.51484375 0.19140625 0.003125 0.009375
0 0.546875 0.19453125 0.003125 0.009375
4 0.53671875 0.1921875 0.003125 0.0078125
4 0.56875 0.19453125 0.003125 0.009375
0 0.58359375 0.19765625 0.003125 0.0109375
0 0.62109375 0.203125 0.003125 0.009375
0 0.66328125 0.20625 0.003125 0.009375
0 0.7078125 0.21015625 0.0046875 0.0109375
2 0.7546875 0.21484375 0.0046875 0.0109375
0 0.80546875 0.2203125 0.0046875 0.0109375
2 0.86015625 0.22734375 0.003125 0.009375
0 0.9171875 0.23203125 0.0046875 0.0109375
4 0.91484375 0.23203125 0.003125 0.009375
2 0.425 0.18203125 0.0046875 0.0140625
2 0.4296875 0.18203125 0.0046875 0.0125
2 0.403125 0.18203125 0.003125 0.009375
2 0.40546875 0.18046875 0.003125 0.0078125
2 0.45 0.18359375 0.003125 0.0078125
4 0.45234375 0.184375 0.003125 0.00625