4 0.84375 0.61796875 0.02890625 0.12265625
0 0.33359375 0.5578125 0.03046875 0.128125
0 0.5671875 0.471875 0.015625 0.06953125
0 0.6875 0.44375 0.01171875 0.05078125
4 0.87265625 0.51640625 0.01875 0.07421875
0 0.70703125 0.425 0.00859375 0.03046875
4 0.88984375 0.47265625 0.0125 0.0546875
4 0.9375 0.41171875 0.00546875 0.01953125
0 0.79453125 0.38984375 0.0046875 0.0171875
0 0.90546875 0.40078125 0.00546875 0.01875
4 0.8390625 0.4203125 0.00703125 0.03125
0 0.7453125 0.3859375 0.00546875 0.01953125
4 0.86484375 0.43984375 0.009375 0.03828125
0 0.8453125 0.3921875 0.00546875 0.0171875
0 0.70859375 0.40546875 0.00625 0.028125
4 0.8140625 0.40859375 0.00546875 0.02421875
4 0.865625 0.40390625 0.0046875 0.0203125
4 0.80859375 0.3984375 0.00546875 0.02265625
2 0.73984375 0.36875 0.003125 0.01328125
2 0.71796875 0.36640625 0.00234375 0.01328125
2 0.75859375 0.3703125 0.003125 0.01328125
2 0.78203125 0.3703125 0.003125 0.01328125
2 0.690625 0.36328125 0.003125 0.01640625
2 0.69609375 0.3609375 0.00234375 0.00859375
2 0.62578125 0.35546875 0.00234375 0.00859375
2 0.65546875 0.35625 0.003125 0.01015625