0 0.3203125 0.26640625 0.00625 0.0265625
0 0.353125 0.30859375 0.0109375 0.0421875
0 0.18125 0.35078125 0.021875 0.071875
0 0.296875 0.259375 0.00625 0.025
0 0.22421875 0.2453125 0.00625 0.0234375
0 0.3296875 0.3203125 0.0125 0.0484375
4 0.4765625 0.415625 0.0203125 0.08125
0 0.36171875 0.2953125 0.0078125 0.0359375
0 0.1640625 0.2328125 0.0046875 0.0203125
0 0.2671875 0.253125 0.00625 0.0234375
4 0.55078125 0.36171875 0.0140625 0.053125
4 0.4234375 0.27421875 0.0046875 0.025
4 0.55625 0.3390625 0.0109375 0.04375
0 0.35 0.28359375 0.00625 0.03125
4 0.53125 0.3171875 0.009375 0.0359375
0 0.33671875 0.27578125 0.00625 0.028125
4 0.38203125 0.2640625 0.0046875 0.021875
0 0.2796875 0.23125 0.003125 0.0140625
0 0.2546875 0.23046875 0.003125 0.0140625
0 0.14921875 0.225 0.0046875 0.01875
4 0.471875 0.5078125 0.0296875 0.125
0 0.27109375 0.23125 0.003125 0.0140625
4 0.3125 0.23984375 0.0046875 0.015625
4 0.35390625 0.23125 0.003125 0.0109375
4 0.5 0.3 0.0078125 0.03125
4 0.346875 0.25703125 0.0046875 0.0203125
4 0.453125 0.24453125 0.003125 0.0109375
4 0.32734375 0.2328125 0.003125 0.0125
4 0.4578125 0.284375 0.00625 0.0265625
4 0.2640625 0.2390625 0.0046875 0.015625
4 0.47890625 0.24921875 0.003125 0.0109375
4 0.34140625 0.2359375 0.003125 0.0140625
4 0.34375 0.2390625 0.003125 0.0140625
4 0.33515625 0.23046875 0.003125 0.0109375
0 0.2203125 0.22890625 0.0046875 0.0171875
4 0.37578125 0.234375 0.003125 0.0109375
0 0.1796875 0.22578125 0.0046875 0.0171875
4 0.32265625 0.22890625 0.003125 0.0109375
4 0.33125 0.240625 0.003125 0.0140625
0 0.471875 0.246875 0.0015625 0.0078125
0 0.26328125 0.2234375 0.003125 0.0109375
4 0.2921875 0.24765625 0.0046875 0.0203125
4 0.31953125 0.23046875 0.003125 0.0125
0 0.36015625 0.2296875 0.003125 0.0109375
0 0.275 0.22734375 0.003125 0.0125
4 0.66640625 0.78203125 0.028125 0.1265625
0 0.27734375 0.2234375 0.0015625 0.0109375
4 0.25625 0.2390625 0.0046875 0.01875
0 0.28203125 0.2296875 0.003125 0.0140625
4 0.52109375 0.25703125 0.003125 0.0125
4 0.54453125 0.2625 0.003125 0.0109375