0 0.04453125 0.76640625 0.0671875 0.1046875
0 0.33984375 0.66640625 0.0578125 0.0796875
0 0.36640625 0.63125 0.0390625 0.0578125
0 0.30859375 0.57265625 0.025 0.034375
0 0.28828125 0.5484375 0.01875 0.025
0 0.28046875 0.534375 0.0140625 0.0203125
0 0.27109375 0.52734375 0.0125 0.0171875
0 0.22890625 0.5140625 0.0109375 0.0140625
0 0.15703125 0.49765625 0.0109375 0.0140625
0 0.17265625 0.48984375 0.00625 0.009375
0 0.17109375 0.4890625 0.00625 0.009375
0 0.16953125 0.48828125 0.0046875 0.0078125
0 0.16796875 0.4859375 0.0046875 0.0078125
4 0.734375 0.709375 0.0546875 0.0625
4 0.6578125 0.6640625 0.0390625 0.046875
4 0.540625 0.60859375 0.0234375 0.03125
4 0.47265625 0.5828125 0.0171875 0.025
4 0.40703125 0.5578125 0.0140625 0.01875
4 0.38203125 0.546875 0.0109375 0.015625
4 0.28125 0.51953125 0.009375 0.0140625
4 0.32578125 0.53046875 0.009375 0.0140625
4 0.215625 0.50625 0.009375 0.0125
4 0.13203125 0.4890625 0.0109375 0.0140625
4 0.0984375 0.4671875 0.0078125 0.009375
4 0.10546875 0.475 0.0046875 0.0078125
4 0.109375 0.47734375 0.00625 0.009375
4 0.1125 0.4765625 0.0046875 0.0078125
4 0.1140625 0.47734375 0.0046875 0.0078125