0 0.0921875 0.61796875 0.053125 0.125
4 0.28828125 0.43671875 0.01875 0.0484375
4 0.33515625 0.46484375 0.0265625 0.065625
4 0.24296875 0.40859375 0.0125 0.0328125
4 0.41328125 0.5171875 0.0390625 0.0953125
0 0.0890625 0.4015625 0.0046875 0.0125
4 0.26328125 0.41875 0.015625 0.0375
0 0.0484375 0.40234375 0.0046875 0.0125
0 0.13359375 0.44453125 0.0140625 0.0390625
0 0.0828125 0.3984375 0.0046875 0.0140625
0 0.12578125 0.4703125 0.0203125 0.0515625
0 0.0390625 0.403125 0.003125 0.0109375
4 0.209375 0.38671875 0.0078125 0.0203125
4 0.2171875 0.3921875 0.0078125 0.0234375
0 0.06640625 0.4078125 0.00625 0.01875
0 0.11640625 0.39140625 0.003125 0.009375
4 0.228125 0.3984375 0.009375 0.0265625
0 0.11484375 0.52109375 0.0296875 0.075
4 0.1875 0.37890625 0.0046875 0.0140625
0 0.13046875 0.38984375 0.0046875 0.0109375
0 0.13671875 0.42734375 0.0109375 0.03125
0 0.1390625 0.4140625 0.0078125 0.0265625
4 0.19765625 0.37890625 0.0046875 0.015625
4 0.73828125 0.67734375 0.0453125 0.146875
0 0.12109375 0.3859375 0.003125 0.0109375
0 0.1 0.3875 0.003125 0.0109375
4 0.2015625 0.3828125 0.0078125 0.0171875
4 0.16484375 0.38046875 0.00625 0.0140625
4 0.16796875 0.3765625 0.0046875 0.0125
0 0.1125 0.38984375 0.0046875 0.0125
0 0.14140625 0.4078125 0.00625 0.021875