4 0.7875 0.32421875 0.01640625 0.0640625
0 0.4453125 0.2796875 0.00625 0.028125
0 0.47109375 0.321875 0.0109375 0.04765625
0 0.496875 0.26328125 0.0046875 0.02421875
4 0.5953125 0.259375 0.00703125 0.0296875
0 0.45703125 0.54765625 0.0390625 0.15
4 0.71015625 0.24140625 0.00546875 0.02421875
0 0.49609375 0.37734375 0.01796875 0.075
4 0.57734375 0.275 0.00859375 0.03515625
0 0.8484375 0.23125 0.00390625 0.01953125
4 0.6546875 0.29140625 0.009375 0.0453125
4 0.80078125 0.23984375 0.00546875 0.02265625
4 0.89609375 0.23984375 0.00625 0.02265625
0 0.75859375 0.23125 0.0046875 0.01953125
0 0.0546875 0.30859375 0.0046875 0.01953125
4 0.6484375 0.2453125 0.00625 0.02734375
0 0.54453125 0.25078125 0.0046875 0.021875
0 0.0703125 0.30078125 0.00390625 0.01640625
0 0.603125 0.2390625 0.0046875 0.01953125
0 0.07890625 0.2859375 0.003125 0.01328125
0 0.67734375 0.23203125 0.0046875 0.0203125
0 0.43203125 0.29921875 0.0078125 0.0359375
0 0.0796875 0.29296875 0.003125 0.0140625
0 0.0546875 0.27890625 0.003125 0.01171875
0 0.075 0.28046875 0.00234375 0.01328125
1 0.878125 0.18828125 0.003125 0.021875
1 0.8703125 0.18828125 0.003125 0.0203125