0 0.70859375 0.2796875 0.0109375 0.028125
0 0.6078125 0.2890625 0.0109375 0.0265625
0 0.78828125 0.271875 0.0125 0.0296875
4 0.725 0.29140625 0.015625 0.034375
4 0.41328125 0.61875 0.0765625 0.178125
1 0.43828125 0.29296875 0.015625 0.040625
0 0.30390625 0.3078125 0.009375 0.025
0 0.09609375 0.3125 0.009375 0.021875
0 0.2453125 0.31171875 0.009375 0.025
0 0.01015625 0.3140625 0.0109375 0.0234375
0 0.35859375 0.30546875 0.0109375 0.025
4 0.8390625 0.28203125 0.0140625 0.034375
4 0.1171875 0.453125 0.040625 0.0890625
4 0.18203125 0.31796875 0.0125 0.0296875
4 0.0578125 0.32265625 0.0109375 0.0265625
1 0.38046875 0.30234375 0.01875 0.0484375
0 0.5171875 0.29453125 0.0109375 0.028125
1 0.4078125 0.2953125 0.015625 0.040625
0 0.175 0.3109375 0.009375 0.021875
4 0.11796875 0.31953125 0.0109375 0.0265625
4 0.253125 0.315625 0.0125 0.0296875
4 0.51171875 0.3078125 0.0125 0.03125
4 0.6265625 0.30234375 0.0140625 0.0328125
4 0.4 0.31015625 0.0125 0.03125
4 0.32890625 0.31171875 0.0125 0.03125
1 0.4171875 0.30234375 0.0171875 0.046875
0 0.42265625 0.30078125 0.009375 0.0265625