4 0.3703125 0.56796875 0.04296875 0.15546875
4 0.25703125 0.4421875 0.0265625 0.10078125
1 0.28515625 0.43203125 0.0375 0.17265625
1 0.24296875 0.39609375 0.021875 0.14453125
4 0.1953125 0.35859375 0.0171875 0.06484375
4 0.165625 0.3140625 0.0125 0.04765625
4 0.14921875 0.28359375 0.0109375 0.0390625
4 0.14140625 0.26171875 0.00859375 0.03359375
4 0.1359375 0.246875 0.00703125 0.028125
4 0.14921875 0.2234375 0.00390625 0.01875
0 0.1390625 0.21171875 0.0046875 0.01640625
0 0.09765625 0.20625 0.0046875 0.01953125
0 0.0796875 0.20546875 0.0046875 0.01953125
0 0.06015625 0.20625 0.00546875 0.021875
0 0.053125 0.2140625 0.00625 0.02578125
0 0.7453125 0.35390625 0.00625 0.02265625
0 0.78671875 0.37265625 0.00625 0.02421875
0 0.8015625 0.37890625 0.00703125 0.0296875
4 0.8234375 0.41171875 0.0125 0.04140625
0 0.86171875 0.40078125 0.009375 0.0328125
0 0.91640625 0.34375 0.003125 0.01328125
0 0.87578125 0.3328125 0.003125 0.0140625
4 0.5125 0.2921875 0.0046875 0.01875
4 0.57578125 0.30859375 0.00390625 0.01953125
4 0.6359375 0.32578125 0.00390625 0.0203125
4 0.675 0.33984375 0.00625 0.021875
4 0.68984375 0.35234375 0.00625 0.02421875
4 0.7265625 0.37421875 0.00859375 0.03046875
0 0.53359375 0.29375 0.00390625 0.0171875
0 0.584375 0.30625 0.0046875 0.01875
4 0.1328125 0.2375 0.00546875 0.025
4 0.19453125 0.225 0.003125 0.0171875
0 0.20390625 0.22265625 0.00390625 0.01640625
0 0.265625 0.2328125 0.003125 0.0140625
0 0.30703125 0.24140625 0.003125 0.01328125
0 0.39375 0.259375 0.003125 0.0140625
0 0.43671875 0.2703125 0.003125 0.0140625
0 0.48671875 0.28203125 0.003125 0.01640625
0 0.63125 0.3171875 0.00390625 0.0171875
0 0.69296875 0.3359375 0.0046875 0.01953125
4 0.44609375 0.27734375 0.00390625 0.0171875
4 0.3859375 0.2625 0.003125 0.01640625
4 0.32265625 0.24765625 0.00390625 0.01640625
4 0.2578125 0.23515625 0.003125 0.01484375