0 0.3609375 0.33125 0.01875 0.05625
0 0.44140625 0.359375 0.0234375 0.0703125
0 0.26015625 0.321875 0.0171875 0.05
0 0.4921875 0.43046875 0.0328125 0.1046875
0 0.140625 0.328125 0.0125 0.0421875
4 0.34609375 0.29453125 0.0125 0.0390625
2 0.16640625 0.28046875 0.009375 0.028125
2 0.0765625 0.29765625 0.0125 0.0328125
4 0.203125 0.30078125 0.0109375 0.0390625
2 0.146875 0.2953125 0.009375 0.03125
0 0.4125 0.65546875 0.071875 0.2125
4 0.48203125 0.3 0.015625 0.0484375
4 0.62109375 0.32421875 0.01875 0.0625
4 0.79140625 0.396875 0.034375 0.096875
2 0.23125 0.27421875 0.009375 0.034375