4 0.209375 0.41328125 0.03125 0.0796875
0 0.87421875 0.2828125 0.009375 0.025
0 0.1125 0.2875 0.0109375 0.028125
4 0.35859375 0.5484375 0.0609375 0.1484375
0 0.0390625 0.2984375 0.0125 0.03125
0 0.3140625 0.271875 0.0078125 0.0203125
0 0.77421875 0.27890625 0.009375 0.0234375
4 0.15703125 0.35234375 0.0203125 0.0515625
4 0.8078125 0.28828125 0.0109375 0.0265625
4 0.159375 0.3140625 0.0140625 0.0375
4 0.55234375 0.2796875 0.009375 0.025
0 0.59453125 0.27109375 0.00625 0.01875
4 0.43359375 0.2765625 0.0078125 0.0234375
4 0.32421875 0.2796875 0.009375 0.025
0 0.37890625 0.26953125 0.0078125 0.0203125
0 0.51796875 0.26875 0.0078125 0.0203125
0 0.2203125 0.2765625 0.009375 0.0234375
0 0.684375 0.275 0.0078125 0.0203125
0 0.446875 0.26875 0.00625 0.0203125
4 0.671875 0.284375 0.009375 0.0265625
4 0.22578125 0.29140625 0.0109375 0.028125