0 0.21796875 0.42265625 0.0375 0.071875
0 0.3578125 0.35390625 0.021875 0.046875
0 0.45703125 0.3234375 0.01875 0.0390625
0 0.553125 0.29921875 0.0171875 0.0359375
0 0.64140625 0.2796875 0.015625 0.03125
0 0.746875 0.26328125 0.0140625 0.03125
0 0.86015625 0.2453125 0.0140625 0.03125
4 0.48671875 0.5015625 0.0609375 0.125
4 0.51796875 0.36640625 0.0328125 0.065625
4 0.65703125 0.3125 0.0234375 0.0484375
4 0.83125 0.27734375 0.0203125 0.0421875
4 0.01171875 0.3453125 0.00625 0.0140625
0 0.0078125 0.3421875 0.0078125 0.0140625
4 0.07109375 0.33515625 0.0078125 0.015625
4 0.0578125 0.3328125 0.00625 0.0140625
4 0.10390625 0.321875 0.00625 0.0140625
4 0.1359375 0.31953125 0.00625 0.0140625
4 0.17265625 0.3078125 0.00625 0.0125
0 0.15 0.30859375 0.00625 0.0140625