0 0.63125 0.4515625 0.0140625 0.021875
0 0.78125 0.60859375 0.05 0.0796875
0 0.21796875 0.43046875 0.0328125 0.053125
0 0.83984375 0.48203125 0.015625 0.021875
0 0.4421875 0.45390625 0.0234375 0.0421875
0 0.38359375 0.39453125 0.0125 0.0234375
0 0.72421875 0.4640625 0.0125 0.021875
0 0.45390625 0.41640625 0.0140625 0.0234375
0 0.50234375 0.45 0.0171875 0.0359375
4 0.8828125 0.5 0.015625 0.0234375
4 0.7125 0.5140625 0.028125 0.04375
4 0.321875 0.36796875 0.0109375 0.01875
4 0.7140625 0.47578125 0.0140625 0.025
4 0.36171875 0.5078125 0.05 0.08125
4 0.909375 0.584375 0.0265625 0.05625
4 0.4375 0.4 0.0140625 0.021875
4 0.203125 0.33828125 0.009375 0.01875
4 0.5171875 0.425 0.0125 0.025
4 0.64921875 0.48203125 0.01875 0.0328125
4 0.78671875 0.484375 0.0171875 0.0296875
2 0.08671875 0.675 0.1359375 0.20625
2 0.6140625 0.44296875 0.0109375 0.0203125
2 0.609375 0.43359375 0.009375 0.01875
2 0.6046875 0.425 0.009375 0.0171875
2 0.59765625 0.415625 0.0078125 0.0140625
2 0.59140625 0.4125 0.00625 0.0140625
2 0.57734375 0.409375 0.0078125 0.015625
2 0.56015625 0.40546875 0.0078125 0.0140625
2 0.54453125 0.40234375 0.0078125 0.0140625
1 0.49375 0.44140625 0.0296875 0.0578125
1 0.50703125 0.43828125 0.028125 0.0546875
1 0.65078125 0.471875 0.025 0.0578125
1 0.6640625 0.48203125 0.0296875 0.05625