0 0.4453125 0.3625 0.03125 0.075
0 0.55859375 0.265625 0.0109375 0.0296875
0 0.63515625 0.26015625 0.0109375 0.028125
4 0.85 0.41640625 0.0390625 0.0921875
0 0.40703125 0.5125 0.0578125 0.146875
0 0.4296875 0.30546875 0.0203125 0.05
4 0.78203125 0.271875 0.0125 0.03125
0 0.71796875 0.25703125 0.009375 0.025
0 0.459375 0.4109375 0.0375 0.096875
4 0.653125 0.31484375 0.0234375 0.053125
4 0.70859375 0.3453125 0.025 0.0640625
4 0.72734375 0.27421875 0.0125 0.03125
4 0.6796875 0.27890625 0.0140625 0.0359375
0 0.49765625 0.28046875 0.015625 0.0375
4 0.65 0.29140625 0.015625 0.040625
0 0.1265625 0.7328125 0.0875 0.1265625
0 0.80859375 0.26015625 0.009375 0.025
0 0.91171875 0.26640625 0.0109375 0.0265625
4 0.84765625 0.2734375 0.0140625 0.0296875
4 0.9484375 0.2796875 0.015625 0.0328125