0 0.45234375 0.3453125 0.025 0.059375
1 0.51171875 0.33359375 0.0484375 0.11875
1 0.75703125 0.24140625 0.0546875 0.1203125
0 0.15703125 0.43125 0.0171875 0.040625
0 0.5859375 0.428125 0.0515625 0.115625
0 0.60859375 0.215625 0.0125 0.03125
1 0.70234375 0.2421875 0.05 0.1078125
4 0.846875 0.12421875 0.015625 0.034375
4 0.65546875 0.246875 0.0234375 0.0515625
4 0.759375 0.16015625 0.015625 0.03125
0 0.8015625 0.12890625 0.0125 0.03125
4 0.72890625 0.2625 0.0328125 0.06875
0 0.54375 0.2546875 0.015625 0.0390625
0 0.69375 0.1734375 0.0125 0.0296875
4 0.6578125 0.2203125 0.0171875 0.040625
0 0.36171875 0.3578125 0.021875 0.0484375
0 0.26484375 0.38828125 0.01875 0.0421875
4 0.31875 0.34453125 0.015625 0.034375
2 0.4 0.290625 0.009375 0.0203125
4 0.0453125 0.465625 0.0171875 0.0359375
2 0.5171875 0.2546875 0.0140625 0.03125
4 0.43125 0.30390625 0.01875 0.0375
2 0.4765625 0.25390625 0.0125 0.0265625
2 0.41796875 0.2984375 0.0140625 0.0328125
4 0.696875 0.19296875 0.0125 0.0296875
0 0.43671875 0.81015625 0.05 0.1171875
2 0.3859375 0.28203125 0.009375 0.021875
0 0.53125 0.35859375 0.0328125 0.084375
2 0.37734375 0.27734375 0.0078125 0.0171875
4 0.18984375 0.396875 0.015625 0.034375
2 0.4515625 0.25390625 0.0078125 0.0203125
1 0.54453125 0.34453125 0.05625 0.13125
2 0.415625 0.26015625 0.0078125 0.0203125
2 0.39609375 0.26953125 0.009375 0.0203125
2 0.43203125 0.253125 0.0078125 0.01875
0 0.0375 0.49375 0.0109375 0.03125