0 0.2703125 0.48125 0.01875 0.0484375
0 0.35 0.44296875 0.0140625 0.0390625
0 0.18515625 0.53125 0.025 0.0625
4 0.45078125 0.48046875 0.0265625 0.065625
4 0.8328125 0.725 0.053125 0.1453125
0 0.159375 0.47578125 0.0109375 0.028125
4 0.728125 0.35078125 0.0109375 0.028125
4 0.55703125 0.5625 0.05 0.1171875
0 0.071875 0.50703125 0.0140625 0.0328125
0 0.14765625 0.61484375 0.040625 0.103125
0 0.75078125 0.3328125 0.009375 0.0234375
0 0.29375 0.421875 0.0078125 0.01875
4 0.60234375 0.38046875 0.0125 0.034375
0 0.2265625 0.44921875 0.0125 0.03125
4 0.18984375 0.45078125 0.0078125 0.025
0 0.67109375 0.3484375 0.009375 0.025
0 0.26796875 0.434375 0.009375 0.0234375
0 0.44140625 0.4078125 0.0125 0.03125
0 0.51796875 0.38515625 0.0125 0.0296875
4 0.4296875 0.44765625 0.0203125 0.0484375
4 0.85546875 0.3265625 0.0109375 0.0296875
0 0.8296875 0.31875 0.009375 0.025
4 0.49375 0.41484375 0.015625 0.040625
4 0.1140625 0.4796875 0.0109375 0.0265625
4 0.209375 0.44453125 0.0078125 0.0203125
4 0.140625 0.453125 0.0078125 0.0203125
0 0.18359375 0.43828125 0.00625 0.0171875