4 0.615625 0.7609375 0.0921875 0.2125
4 0.56796875 0.52421875 0.04375 0.1171875
4 0.6046875 0.44921875 0.0296875 0.0796875
4 0.67890625 0.4421875 0.025 0.0625
4 0.80078125 0.46328125 0.021875 0.0515625
4 0.909375 0.4859375 0.01875 0.0453125
4 0.94609375 0.43515625 0.00625 0.0171875
4 0.95625 0.4296875 0.00625 0.0140625
4 0.8796875 0.40390625 0.0078125 0.0171875
4 0.8578125 0.39453125 0.00625 0.015625
4 0.8515625 0.38828125 0.00625 0.0140625
4 0.85859375 0.39375 0.00625 0.0140625
4 0.8609375 0.39140625 0.00625 0.015625
4 0.87890625 0.39765625 0.0046875 0.0140625
4 0.91171875 0.41015625 0.0046875 0.0140625
0 0.1609375 0.3359375 0.0453125 0.1
0 0.37734375 0.32265625 0.0265625 0.0625
0 0.53828125 0.34609375 0.01875 0.0484375
0 0.671875 0.38203125 0.015625 0.0390625
0 0.775 0.409375 0.0140625 0.034375
0 0.85234375 0.4328125 0.0109375 0.03125
0 0.9265625 0.45390625 0.0109375 0.028125
0 0.959375 0.46328125 0.0109375 0.028125
0 0.9640625 0.45703125 0.0078125 0.025
0 0.94765625 0.4453125 0.009375 0.0234375
0 0.92265625 0.4328125 0.0078125 0.0203125
0 0.896875 0.41875 0.0078125 0.0203125
0 0.83359375 0.3890625 0.00625 0.0171875
0 0.79609375 0.36953125 0.00625 0.0171875
0 0.78828125 0.3625 0.00625 0.0140625
1 0.86015625 0.42578125 0.015625 0.05
1 0.8453125 0.4203125 0.0171875 0.0515625
3 0.1890625 0.15546875 0.00625 0.0171875
3 0.22734375 0.16171875 0.00625 0.015625
3 0.3484375 0.21328125 0.00625 0.0171875
3 0.44375 0.24375 0.00625 0.015625