4 0.3234375 0.31953125 0.0390625 0.078125
0 0.92265625 0.4703125 0.0171875 0.0359375
4 0.896875 0.484375 0.021875 0.046875
0 0.81796875 0.409375 0.015625 0.0296875
0 0.72265625 0.35703125 0.0125 0.028125
0 0.42578125 0.23203125 0.0125 0.028125
4 0.5109375 0.43359375 0.0484375 0.096875
4 0.93125 0.52890625 0.0296875 0.0578125
4 0.4609375 0.25625 0.015625 0.03125
4 0.7609375 0.53515625 0.0453125 0.0921875
2 0.2234375 0.15 0.0125 0.0265625
0 0.4203125 0.63515625 0.0984375 0.2046875
4 0.903125 0.55703125 0.0375 0.075
4 0.32265625 0.22421875 0.01875 0.0375
4 0.38828125 0.23515625 0.0171875 0.034375
4 0.69609375 0.35625 0.0140625 0.03125
4 0.8375 0.43828125 0.01875 0.0375
0 0.52578125 0.27109375 0.0125 0.0265625
4 0.5390625 0.2859375 0.0140625 0.03125
1 0.27421875 0.24453125 0.046875 0.103125
0 0.23515625 0.1796875 0.0171875 0.0359375
1 0.2640625 0.2265625 0.0390625 0.090625
2 0.13828125 0.109375 0.0125 0.025
4 0.26015625 0.2515625 0.028125 0.0625
2 0.21796875 0.13828125 0.0109375 0.0234375
2 0.14609375 0.10390625 0.009375 0.0203125
0 0.32890625 0.20234375 0.015625 0.0328125
0 0.62578125 0.31328125 0.0109375 0.025
4 0.61875 0.3203125 0.0125 0.028125
2 0.19453125 0.12109375 0.009375 0.0203125
4 0.7671875 0.3953125 0.015625 0.034375
4 0.275 0.22421875 0.021875 0.053125
2 0.1703125 0.1125 0.009375 0.0203125
2 0.2296875 0.16875 0.015625 0.0328125
2 0.2140625 0.1296875 0.009375 0.0203125