4 0.753125 0.4484375 0.0390625 0.0890625
4 0.88671875 0.615625 0.084375 0.1921875
0 0.24453125 0.79296875 0.0921875 0.2015625
4 0.8140625 0.32421875 0.0140625 0.0359375
0 0.45234375 0.5109375 0.0359375 0.090625
4 0.590625 0.33125 0.009375 0.021875
4 0.7203125 0.38671875 0.025 0.05625
4 0.71171875 0.328125 0.0109375 0.0296875
4 0.478125 0.35859375 0.009375 0.0234375
0 0.51640625 0.425 0.021875 0.0578125
4 0.55 0.353125 0.0109375 0.028125
0 0.5203125 0.3859375 0.015625 0.0390625
4 0.67890625 0.3609375 0.015625 0.040625
4 0.6265625 0.3515625 0.0140625 0.034375
0 0.4734375 0.3765625 0.0109375 0.03125
4 0.3265625 0.37109375 0.0078125 0.01875
4 0.41328125 0.3640625 0.0078125 0.0203125
4 0.3546875 0.3703125 0.00625 0.0203125
0 0.7828125 0.31015625 0.009375 0.025
4 0.39140625 0.34765625 0.0046875 0.0125
4 0.43046875 0.34453125 0.0046875 0.0140625
4 0.55078125 0.33203125 0.0078125 0.01875
4 0.64296875 0.33046875 0.009375 0.025
4 0.35390625 0.35234375 0.0046875 0.0125
0 0.25625 0.378125 0.0046875 0.015625
4 0.4703125 0.3390625 0.00625 0.0140625
0 0.33828125 0.38203125 0.009375 0.025
0 0.896875 0.303125 0.0140625 0.0328125
0 0.28515625 0.38671875 0.009375 0.021875
4 0.515625 0.33359375 0.00625 0.0171875
4 0.3640625 0.35234375 0.0046875 0.0140625
0 0.25703125 0.3875 0.0078125 0.01875
0 0.42109375 0.375 0.0109375 0.0265625
0 0.259375 0.3734375 0.0046875 0.0140625
0 0.70234375 0.31640625 0.009375 0.021875
4 0.3609375 0.346875 0.003125 0.0109375
0 0.56484375 0.32265625 0.0046875 0.015625
0 0.64765625 0.31875 0.0078125 0.01875
0 0.60078125 0.32109375 0.00625 0.0171875
0 0.42578125 0.340625 0.0046875 0.0125
0 0.51640625 0.328125 0.00625 0.015625
0 0.253125 0.3828125 0.00625 0.0171875
4 0.35078125 0.3515625 0.0046875 0.0109375
0 0.46640625 0.334375 0.0046875 0.015625