4 0.8984375 0.33828125 0.0109375 0.0296875
4 0.0609375 0.35625 0.028125 0.06875
4 0.83828125 0.31171875 0.0078125 0.021875
4 0.26484375 0.42265625 0.0328125 0.09375
4 0.59140625 0.2765625 0.00625 0.01875
0 0.85390625 0.30859375 0.0078125 0.01875
4 0.40625 0.51875 0.046875 0.1328125
4 0.70703125 0.29453125 0.0078125 0.0203125
4 0.8625 0.31875 0.0078125 0.0234375
0 0.61640625 0.27109375 0.00625 0.01875
4 0.66484375 0.28828125 0.0078125 0.021875
0 0.73125 0.2921875 0.0078125 0.01875
0 0.63359375 0.2765625 0.0046875 0.015625
0 0.6734375 0.28359375 0.00625 0.01875
4 0.87109375 0.328125 0.009375 0.0265625
0 0.64921875 0.2796875 0.0046875 0.0171875
4 0.5640625 0.27109375 0.00625 0.0171875
0 0.7 0.28828125 0.00625 0.0171875
4 0.66328125 0.74609375 0.05625 0.1796875
4 0.76796875 0.3015625 0.0078125 0.0203125
0 0.7734375 0.29765625 0.00625 0.0171875
4 0.62265625 0.28203125 0.00625 0.01875
1 0.19453125 0.23046875 0.00625 0.01875
1 0.20078125 0.2296875 0.00625 0.0203125
4 0.1984375 0.23359375 0.0046875 0.0109375
1 0.22734375 0.23046875 0.0046875 0.0171875
1 0.23359375 0.2296875 0.0046875 0.01875
0 0.23046875 0.234375 0.003125 0.0125
4 0.23984375 0.23828125 0.0046875 0.0140625
4 0.0375 0.2203125 0.0046875 0.0140625
4 0.07109375 0.22265625 0.0046875 0.0140625
4 0.09765625 0.225 0.0046875 0.0125
4 0.165625 0.23046875 0.0046875 0.0125
4 0.26875 0.240625 0.0046875 0.0140625
4 0.3046875 0.24375 0.0046875 0.0140625
4 0.35078125 0.2453125 0.0046875 0.0140625
0 0.3796875 0.24609375 0.0046875 0.0125
4 0.38828125 0.24765625 0.0046875 0.015625
4 0.4171875 0.24921875 0.0046875 0.0140625
4 0.4375 0.25 0.0046875 0.0125
4 0.45 0.2484375 0.0046875 0.0140625
4 0.459375 0.24921875 0.0046875 0.0109375
4 0.47890625 0.25 0.003125 0.0140625
4 0.5359375 0.25625 0.003125 0.0125
4 0.54375 0.26484375 0.0046875 0.015625
4 0.55 0.2671875 0.0046875 0.0140625
4 0.55234375 0.25859375 0.003125 0.0140625
0 0.60859375 0.27109375 0.0046875 0.0140625
0 0.56796875 0.2578125 0.0046875 0.0125
0 0.59375 0.26171875 0.003125 0.0125
0 0.61171875 0.26484375 0.0046875 0.0125
4 0.56328125 0.2609375 0.0046875 0.0140625
0 0.53828125 0.25546875 0.0046875 0.0109375
4 0.5171875 0.25390625 0.0046875 0.0125
4 0.50078125 0.2515625 0.003125 0.0125
0 0.4640625 0.24765625 0.003125 0.0109375
0 0.43046875 0.24453125 0.003125 0.0109375
0 0.4078125 0.2453125 0.0046875 0.0109375
0 0.3921875 0.24609375 0.003125 0.0125
0 0.36015625 0.24453125 0.003125 0.0109375
0 0.33984375 0.24375 0.003125 0.0140625
0 0.3140625 0.24140625 0.003125 0.0125
0 0.28984375 0.23984375 0.0046875 0.0125
0 0.1640625 0.228125 0.003125 0.0109375
0 0.12734375 0.225 0.003125 0.0109375
4 0.13046875 0.22890625 0.0046875 0.0125
0 0.08203125 0.221875 0.0046875 0.0109375
0 0.03046875 0.21953125 0.0046875 0.0109375