0 0.5515625 0.42890625 0.0328125 0.06875
4 0.89453125 0.42578125 0.059375 0.109375
0 0.42578125 0.38515625 0.0171875 0.0359375
0 0.56796875 0.38515625 0.0234375 0.05
4 0.75 0.3375 0.0234375 0.0484375
0 0.4890625 0.38359375 0.01875 0.040625
4 0.83359375 0.359375 0.0359375 0.0703125
0 0.39453125 0.35859375 0.009375 0.0203125
4 0.49609375 0.325 0.0078125 0.015625
0 0.6984375 0.2828125 0.009375 0.0171875
4 0.65234375 0.340625 0.01875 0.0375
0 0.65234375 0.30546875 0.0109375 0.0234375
0 0.51796875 0.31484375 0.0078125 0.0140625
0 0.3921875 0.36796875 0.009375 0.025
0 0.71953125 0.296875 0.0140625 0.0265625
0 0.63828125 0.2875 0.00625 0.015625
0 0.6828125 0.28046875 0.0078125 0.0171875
0 0.815625 0.28203125 0.0125 0.0296875
4 0.60625 0.3265625 0.0140625 0.028125
4 0.509375 0.353125 0.0140625 0.0296875
4 0.58203125 0.30234375 0.00625 0.015625
4 0.47890625 0.3390625 0.009375 0.0203125
4 0.59140625 0.3140625 0.0109375 0.021875
4 0.70625 0.3125 0.015625 0.034375
4 0.4828125 0.33203125 0.0078125 0.0171875
4 0.56796875 0.32578125 0.0125 0.025
4 0.49296875 0.34453125 0.0109375 0.0234375
4 0.57421875 0.3484375 0.015625 0.0328125
4 0.61875 0.30078125 0.009375 0.0203125
0 0.41484375 0.34765625 0.0078125 0.0171875
0 0.6828125 0.29375 0.0109375 0.0203125
4 0.53203125 0.31484375 0.0078125 0.0171875
0 0.39140625 0.38046875 0.0140625 0.03125
0 0.4296875 0.33984375 0.00625 0.015625
0 0.46328125 0.32890625 0.00625 0.015625
4 0.8140625 0.29453125 0.01875 0.0375
4 0.621875 0.296875 0.0078125 0.0171875
0 0.41796875 0.55 0.0546875 0.109375