0 0.91171875 0.6453125 0.078125 0.0953125
0 0.4703125 0.521875 0.0140625 0.021875
0 0.53515625 0.50546875 0.009375 0.0171875
0 0.77421875 0.5 0.015625 0.0234375
0 0.78515625 0.47109375 0.0046875 0.0109375
0 0.825 0.46328125 0.00625 0.0109375
0 0.81640625 0.46171875 0.00625 0.0078125
4 0.8921875 0.57109375 0.053125 0.0421875
4 0.8125 0.51484375 0.0265625 0.0328125
4 0.3515625 0.5703125 0.0234375 0.0328125
4 0.74609375 0.48515625 0.009375 0.015625
4 0.83828125 0.47109375 0.0078125 0.0125
4 0.78671875 0.47890625 0.009375 0.0140625
2 0.5125 0.54140625 0.0203125 0.025
2 0.7609375 0.49140625 0.0125 0.01875
2 0.86796875 0.49609375 0.01875 0.0234375
2 0.85078125 0.4765625 0.009375 0.0140625
2 0.85390625 0.46484375 0.00625 0.0125