0 0.1671875 0.4046875 0.0328125 0.08125
0 0.34453125 0.35390625 0.01875 0.05625
0 0.421875 0.3015625 0.009375 0.028125
0 0.446875 0.3296875 0.0140625 0.040625
0 0.4375 0.30859375 0.0109375 0.0328125
4 0.49296875 0.29296875 0.0078125 0.025
4 0.5484375 0.40078125 0.025 0.071875
4 0.53203125 0.3015625 0.009375 0.028125
0 0.371875 0.28828125 0.0078125 0.025
4 0.628125 0.365625 0.0171875 0.0515625
4 0.59921875 0.325 0.0125 0.0359375
0 0.2203125 0.259375 0.0046875 0.015625
0 0.425 0.3390625 0.0140625 0.0453125
4 0.56484375 0.31171875 0.009375 0.03125
0 0.34140625 0.28359375 0.0078125 0.0234375
0 0.64375 0.27578125 0.0046875 0.0140625
4 0.75859375 0.27890625 0.003125 0.0109375
4 0.6734375 0.28203125 0.0046875 0.015625
4 0.9140625 0.296875 0.00625 0.0140625
4 0.38671875 0.2765625 0.0078125 0.025
4 0.41484375 0.28125 0.00625 0.021875
0 0.21328125 0.2625 0.0046875 0.0171875
4 0.4859375 0.26875 0.0046875 0.015625
4 0.5 0.4421875 0.03125 0.0921875
4 0.3078125 0.2671875 0.00625 0.0171875
4 0.3234375 0.26015625 0.0046875 0.0140625
4 0.3546875 0.2609375 0.0046875 0.0140625
4 0.63515625 0.2796875 0.0046875 0.0140625
0 0.23828125 0.26875 0.0046875 0.01875
0 0.28515625 0.275 0.00625 0.0203125
4 0.8796875 0.290625 0.003125 0.0125
4 0.83515625 0.2859375 0.003125 0.0109375
0 0.31640625 0.2796875 0.0078125 0.021875
4 0.29921875 0.2609375 0.0046875 0.015625
4 0.353125 0.27421875 0.00625 0.0203125
4 0.45390625 0.28671875 0.0078125 0.025
0 0.4515625 0.31796875 0.0109375 0.0359375
4 0.71015625 0.2828125 0.0046875 0.0140625
4 0.6375 0.3453125 0.0140625 0.0453125
4 0.52578125 0.56953125 0.05625 0.1484375
0 0.61875 0.275 0.0046875 0.0140625
4 0.3859375 0.259375 0.003125 0.009375
0 0.70546875 0.2734375 0.003125 0.009375
0 0.39609375 0.29375 0.009375 0.028125
0 0.4421875 0.26328125 0.0046875 0.0140625
4 0.8046875 0.28125 0.003125 0.0109375
4 0.89609375 0.29453125 0.0046875 0.0140625
0 0.67890625 0.27734375 0.003125 0.0109375
4 0.4328125 0.265625 0.0046875 0.0140625
0 0.90234375 0.290625 0.003125 0.0109375
0 0.2484375 0.25703125 0.0046875 0.0140625
4 0.728125 0.27734375 0.003125 0.0125
4 0.77734375 0.28046875 0.003125 0.0109375
0 0.3390625 0.2578125 0.003125 0.0125
4 0.73203125 0.28359375 0.0046875 0.0140625
0 0.49140625 0.26640625 0.003125 0.0125
0 0.68984375 0.2765625 0.003125 0.0125
0 0.3921875 0.26015625 0.003125 0.0125
0 0.6875 0.27734375 0.003125 0.0125
0 0.665625 0.27734375 0.003125 0.0125
1 0.5390625 0.26796875 0.00625 0.0234375
4 0.59453125 0.2765625 0.0046875 0.0140625
0 0.68046875 0.27421875 0.003125 0.0109375
1 0.52890625 0.2671875 0.00625 0.021875
0 0.684375 0.27265625 0.003125 0.009375
4 0.28984375 0.26484375 0.0046875 0.015625
0 0.8203125 0.28203125 0.003125 0.0109375