0 0.321875 0.3390625 0.01875 0.0640625
0 0.75546875 0.359375 0.0078125 0.0375
4 0.81953125 0.3921875 0.0140625 0.0453125
4 0.45078125 0.4828125 0.0296875 0.1109375
4 0.5140625 0.39921875 0.0203125 0.0734375
0 0.91953125 0.39296875 0.0078125 0.0375
4 0.60390625 0.37578125 0.0171875 0.05625
0 0.61640625 0.3375 0.009375 0.0390625
0 0.47578125 0.32890625 0.0109375 0.0484375
4 0.70625 0.37734375 0.0140625 0.05
0 0.103125 0.40546875 0.0375 0.10625
2 0.91484375 0.3703125 0.0078125 0.028125
3 0.84609375 0.3484375 0.0046875 0.0203125
3 0.221875 0.240625 0.00625 0.0203125
3 0.9015625 0.35703125 0.00625 0.0203125
4 0.50859375 0.7578125 0.040625 0.178125
3 0.14609375 0.2484375 0.00625 0.03125
3 0.35234375 0.25 0.00625 0.01875
3 0.57734375 0.28671875 0.003125 0.0171875
3 0.3703125 0.246875 0.0046875 0.0171875
3 0.3328125 0.26328125 0.00625 0.0265625
3 0.40234375 0.265625 0.003125 0.0234375
3 0.5578125 0.278125 0.0046875 0.0171875
3 0.7609375 0.325 0.0046875 0.0171875
3 0.484375 0.27265625 0.0046875 0.0203125
3 0.2796875 0.271875 0.0078125 0.03125
3 0.41953125 0.25859375 0.003125 0.0203125
3 0.3078125 0.2328125 0.003125 0.015625
3 0.38125 0.24296875 0.003125 0.015625
3 0.4328125 0.2546875 0.003125 0.0171875
3 0.47890625 0.26484375 0.003125 0.0171875