0 0.29296875 0.3015625 0.01875 0.05625
0 0.12265625 0.32890625 0.034375 0.0875
4 0.52265625 0.37890625 0.0203125 0.0625
0 0.33515625 0.25703125 0.0109375 0.0328125
4 0.4859375 0.440625 0.0328125 0.09375
0 0.36796875 0.2859375 0.0125 0.0390625
0 0.14765625 0.19609375 0.009375 0.028125
0 0.296875 0.2421875 0.009375 0.0296875
0 0.34921875 0.29453125 0.015625 0.0484375
4 0.43828125 0.27421875 0.009375 0.028125
4 0.54375 0.3546875 0.015625 0.05
4 0.53828125 0.33203125 0.0109375 0.0390625
4 0.37734375 0.25234375 0.0078125 0.0265625
0 0.3578125 0.2703125 0.009375 0.0359375
0 0.2484375 0.2265625 0.009375 0.028125
4 0.4890625 0.296875 0.009375 0.03125
4 0.309375 0.23125 0.0078125 0.025
4 0.47421875 0.2484375 0.0046875 0.0140625
0 0.83984375 0.34921875 0.003125 0.0109375
4 0.18515625 0.1921875 0.00625 0.0203125
0 0.3390625 0.2109375 0.003125 0.0140625
4 0.25625 0.19375 0.0046875 0.0171875
4 0.78828125 0.33671875 0.003125 0.0109375
4 0.51640625 0.6296875 0.0625 0.1734375
0 0.4328125 0.234375 0.003125 0.0125
0 0.73984375 0.31953125 0.003125 0.0109375
0 0.28203125 0.19609375 0.0046875 0.0140625
0 0.39140625 0.22578125 0.003125 0.0140625
4 0.190625 0.18125 0.0046875 0.0171875
4 0.746875 0.32421875 0.003125 0.0109375
4 0.378125 0.22578125 0.0046875 0.0140625
0 0.7828125 0.33359375 0.003125 0.0109375
4 0.2953125 0.20390625 0.0046875 0.0140625
4 0.8265625 0.3484375 0.003125 0.0109375
4 0.9421875 0.38125 0.003125 0.0109375
4 0.490625 0.2515625 0.003125 0.0125
4 0.503125 0.253125 0.003125 0.0109375
0 0.371875 0.2203125 0.003125 0.0140625
4 0.16875 0.18203125 0.00625 0.025
0 0.88828125 0.36328125 0.003125 0.0109375
4 0.41640625 0.23515625 0.003125 0.0140625
0 0.11953125 0.16171875 0.0046875 0.0171875
4 0.32578125 0.21171875 0.0046875 0.0140625
4 0.9171875 0.3734375 0.0046875 0.0109375
4 0.225 0.2046875 0.00625 0.0234375
0 0.4640625 0.23984375 0.003125 0.0125
0 0.76015625 0.3265625 0.003125 0.0109375
4 0.7171875 0.3140625 0.003125 0.0109375
4 0.221875 0.1875 0.0046875 0.0171875
0 0.825 0.34453125 0.003125 0.0109375
4 0.88359375 0.36484375 0.003125 0.0109375
0 0.22578125 0.1828125 0.003125 0.0140625
0 0.80390625 0.3390625 0.003125 0.0109375
4 0.4484375 0.2421875 0.0046875 0.0140625
0 0.92890625 0.375 0.003125 0.009375
0 0.44609375 0.23671875 0.003125 0.0125
4 0.903125 0.3703125 0.0046875 0.0109375
0 0.45703125 0.2390625 0.003125 0.0125
4 0.6953125 0.30625 0.003125 0.009375
4 0.8578125 0.35859375 0.003125 0.0109375
0 0.4140625 0.23046875 0.003125 0.0125
0 0.72421875 0.31328125 0.003125 0.0109375