0 0.1390625 0.60703125 0.05546875 0.07109375
0 0.0578125 0.559375 0.0171875 0.0359375
0 0.084375 0.4765625 0.009375 0.01328125
0 0.1109375 0.49140625 0.0109375 0.0203125
0 0.11015625 0.46875 0.00625 0.01015625
0 0.14375 0.45234375 0.00625 0.00859375
0 0.19375 0.4765625 0.0078125 0.01171875
0 0.196875 0.47109375 0.00625 0.009375
0 0.22578125 0.52890625 0.02265625 0.03359375
0 0.2453125 0.4953125 0.01171875 0.01796875
0 0.246875 0.48359375 0.0078125 0.01171875
0 0.27890625 0.48671875 0.00859375 0.0140625
0 0.3140625 0.4359375 0.00703125 0.01328125
4 0.0546875 0.4859375 0.0109375 0.01875
4 0.1078125 0.4796875 0.00859375 0.01484375
4 0.13125 0.47265625 0.00703125 0.0109375
4 0.1890625 0.4875 0.01171875 0.0171875
4 0.23125 0.46875 0.00546875 0.009375
4 0.23984375 0.50390625 0.0140625 0.02265625
4 0.2625 0.4546875 0.00546875 0.01015625
4 0.28828125 0.4375 0.00546875 0.0109375
4 0.28125 0.5546875 0.034375 0.04609375
4 0.3140625 0.50390625 0.0125 0.02109375
4 0.3328125 0.496875 0.0109375 0.01875
4 0.34765625 0.51640625 0.015625 0.0265625
4 0.42890625 0.53984375 0.025 0.0359375
2 0.11484375 0.5 0.01484375 0.0234375
2 0.25625 0.4796875 0.00703125 0.01171875
2 0.328125 0.51171875 0.0203125 0.01640625
2 0.64609375 0.54453125 0.025 0.03515625
2 0.7328125 0.52265625 0.01953125 0.0265625