0 0.71171875 0.4203125 0.0265625 0.0546875
0 0.27421875 0.43671875 0.0234375 0.0421875
0 0.11171875 0.3984375 0.009375 0.0203125
0 0.79453125 0.32734375 0.009375 0.0171875
0 0.60234375 0.35703125 0.009375 0.01875
0 0.44296875 0.40546875 0.01875 0.0328125
0 0.440625 0.3765625 0.009375 0.01875
0 0.37265625 0.37890625 0.009375 0.0203125
0 0.28203125 0.3828125 0.0078125 0.0203125
0 0.19296875 0.3875 0.0046875 0.01875
0 0.48984375 0.3875 0.0109375 0.025
0 0.68671875 0.3421875 0.009375 0.01875
4 0.83203125 0.328125 0.0125 0.021875
4 0.825 0.38203125 0.021875 0.04375
4 0.6703125 0.3828125 0.01875 0.0359375
4 0.67734375 0.3546875 0.0109375 0.021875
4 0.4046875 0.4484375 0.0265625 0.0546875
4 0.096875 0.39375 0.009375 0.021875
4 0.41953125 0.3671875 0.0109375 0.01875
4 0.31015625 0.375 0.0109375 0.021875
4 0.19921875 0.38515625 0.00625 0.01875
4 0.49609375 0.36640625 0.0078125 0.0203125
4 0.61953125 0.375 0.0125 0.03125
4 0.74375 0.34140625 0.0109375 0.021875
2 0.8546875 0.4984375 0.0546875 0.1078125
2 0.31796875 0.5359375 0.053125 0.1
2 0.51484375 0.34140625 0.0046875 0.0140625
2 0.503125 0.36328125 0.00625 0.015625
2 0.5296875 0.33984375 0.00625 0.0140625
2 0.54609375 0.33828125 0.00625 0.0140625
2 0.56015625 0.33515625 0.0046875 0.0109375
2 0.5859375 0.35625 0.0078125 0.01875
2 0.58046875 0.3484375 0.00625 0.015625
2 0.57421875 0.34375 0.00625 0.0140625
2 0.56640625 0.33828125 0.0046875 0.0125
1 0.48125 0.384375 0.015625 0.0453125
1 0.48984375 0.37890625 0.0140625 0.0421875
1 0.628125 0.36953125 0.015625 0.0453125
1 0.61796875 0.365625 0.015625 0.0421875