4 0.29296875 0.46484375 0.03125 0.11171875
4 0.1328125 0.2546875 0.00546875 0.025
4 0.16796875 0.29609375 0.01015625 0.03984375
4 0.1984375 0.3453125 0.015625 0.06015625
4 0.14609375 0.2703125 0.0078125 0.03125
4 0.125 0.24375 0.00546875 0.0203125
0 0.0515625 0.221875 0.0046875 0.0171875
4 0.115625 0.2296875 0.003125 0.01640625
4 0.11875 0.23671875 0.00390625 0.01875
0 0.05546875 0.2171875 0.003125 0.01640625
1 0.6390625 0.71171875 0.04140625 0.27265625
4 0.28359375 0.240625 0.003125 0.01640625
4 0.28671875 0.23828125 0.003125 0.01875
4 0.1109375 0.22421875 0.003125 0.01171875
4 0.1078125 0.22109375 0.00234375 0.01171875