4 0.253125 0.334375 0.0421875 0.0984375
0 0.19453125 0.15625 0.0171875 0.0375
0 0.328125 0.19140625 0.0140625 0.0296875
0 0.940625 0.428125 0.0109375 0.0265625
0 0.434375 0.22265625 0.0109375 0.0265625
0 0.65859375 0.30390625 0.0109375 0.025
4 0.25625 0.2359375 0.0265625 0.059375
4 0.34140625 0.21875 0.0171875 0.040625
0 0.50703125 0.246875 0.0109375 0.025
4 0.45625 0.24296875 0.0140625 0.03125
0 0.7421875 0.3390625 0.0109375 0.025
4 0.7171875 0.34296875 0.0140625 0.03125
4 0.41484375 0.71484375 0.1125 0.2390625
4 0.8515625 0.40234375 0.0140625 0.03125
4 0.5796875 0.2875 0.0140625 0.028125
0 0.83984375 0.38125 0.0109375 0.025
4 0.41328125 0.18046875 0.0046875 0.0109375
4 0.57734375 0.23984375 0.0046875 0.0109375
0 0.58125 0.2734375 0.0109375 0.0234375
4 0.31328125 0.153125 0.0046875 0.0109375
4 0.36328125 0.1609375 0.0046875 0.0109375
4 0.334375 0.15390625 0.0046875 0.0125
4 0.3515625 0.146875 0.003125 0.0109375
4 0.396875 0.1703125 0.0046875 0.0125
4 0.30703125 0.1453125 0.0046875 0.0109375
4 0.41328125 0.16875 0.0046875 0.0078125
4 0.5984375 0.23515625 0.003125 0.0078125
0 0.61015625 0.234375 0.003125 0.0078125
4 0.37734375 0.15390625 0.003125 0.0078125
0 0.3453125 0.14765625 0.003125 0.0078125
4 0.37109375 0.15390625 0.003125 0.009375
4 0.38671875 0.159375 0.003125 0.0078125
4 0.79921875 0.29765625 0.003125 0.0078125
4 0.571875 0.22890625 0.003125 0.009375
4 0.621875 0.25078125 0.0046875 0.0109375
4 0.653125 0.27109375 0.00625 0.015625
4 0.615625 0.2328125 0.003125 0.009375
4 0.31640625 0.1421875 0.003125 0.0109375
4 0.34921875 0.146875 0.003125 0.00625
4 0.80390625 0.2984375 0.0046875 0.009375
0 0.36796875 0.16015625 0.0046875 0.0109375
0 0.3203125 0.14296875 0.003125 0.009375
0 0.62734375 0.24140625 0.0046875 0.009375
2 0.31171875 0.13828125 0.0046875 0.0078125
0 0.36640625 0.153125 0.0046875 0.0078125
0 0.39140625 0.1640625 0.003125 0.0078125
4 0.403125 0.165625 0.003125 0.0078125
4 0.78203125 0.28984375 0.0015625 0.00625
4 0.75703125 0.28125 0.003125 0.0078125
4 0.3671875 0.16484375 0.00625 0.0140625
0 0.4 0.17109375 0.0046875 0.0109375
0 0.56484375 0.225 0.003125 0.00625
0 0.6484375 0.26953125 0.00625 0.015625
2 0.57265625 0.2390625 0.0046875 0.009375