0 0.4453125 0.7640625 0.08125 0.2
0 0.6875 0.44921875 0.0296875 0.071875
0 0.1578125 0.45625 0.0234375 0.0515625
0 0.77890625 0.38203125 0.0171875 0.0390625
4 0.8625 0.3359375 0.0125 0.0265625
0 0.4375 0.396875 0.015625 0.034375
0 0.80703125 0.36171875 0.015625 0.0359375
0 0.60078125 0.5328125 0.0390625 0.103125
4 0.63984375 0.33515625 0.0078125 0.015625
0 0.84453125 0.34921875 0.0125 0.03125
0 0.6 0.34921875 0.0078125 0.0171875
4 0.7453125 0.33203125 0.0078125 0.0203125
4 0.43515625 0.3671875 0.0078125 0.0171875
0 0.7046875 0.3484375 0.0109375 0.025
4 0.26953125 0.39453125 0.0078125 0.01875
4 0.6625 0.340625 0.009375 0.01875
0 0.478125 0.38203125 0.0125 0.0296875
4 0.72265625 0.33984375 0.0078125 0.0203125
0 0.74296875 0.4109375 0.021875 0.053125
4 0.2453125 0.41875 0.0125 0.028125
4 0.68671875 0.33515625 0.0078125 0.0171875
0 0.34921875 0.41796875 0.0171875 0.040625
0 0.4890625 0.36171875 0.009375 0.0203125
4 0.78828125 0.3375 0.009375 0.021875
0 0.8515625 0.3234375 0.00625 0.0171875
4 0.21015625 0.40546875 0.00625 0.0171875
0 0.221875 0.3984375 0.00625 0.0140625
0 0.57109375 0.34921875 0.0078125 0.015625
4 0.878125 0.32890625 0.0078125 0.0203125
0 0.63984375 0.35078125 0.0078125 0.0203125
4 0.55234375 0.34453125 0.0046875 0.0125
4 0.515625 0.35390625 0.0046875 0.0140625
4 0.15390625 0.41484375 0.0078125 0.01875
0 0.77734375 0.3453125 0.0109375 0.025
4 0.38125 0.38203125 0.0078125 0.0171875
0 0.28359375 0.38984375 0.00625 0.0140625
4 0.07890625 0.446875 0.0109375 0.0265625
4 0.33359375 0.38203125 0.00625 0.0171875
4 0.38984375 0.37734375 0.0078125 0.01875
4 0.36484375 0.390625 0.009375 0.01875
4 0.61796875 0.3421875 0.0046875 0.0140625
0 0.05078125 0.43046875 0.00625 0.0171875
0 0.46875 0.37109375 0.00625 0.0171875
0 0.33515625 0.4 0.0140625 0.0328125
0 0.51171875 0.35625 0.0078125 0.0171875
0 0.66875 0.3296875 0.0078125 0.015625
4 0.80078125 0.33203125 0.0109375 0.025