0 0.89609375 0.35625 0.0203125 0.046875
4 0.67734375 0.41328125 0.021875 0.0515625
4 0.5296875 0.43203125 0.0203125 0.0484375
0 0.71875 0.37890625 0.015625 0.0375
0 0.24296875 0.4640625 0.0140625 0.0375
0 0.0703125 0.503125 0.0171875 0.040625
0 0.3953125 0.43203125 0.0140625 0.0359375
2 0.3140625 0.40390625 0.0078125 0.0203125
4 0.8265625 0.40234375 0.0265625 0.0640625
4 0.25078125 0.55078125 0.0359375 0.0796875
2 0.67578125 0.3390625 0.00625 0.0171875
2 0.52578125 0.36796875 0.0078125 0.01875
2 0.23671875 0.4203125 0.0078125 0.0203125
0 0.55234375 0.40390625 0.015625 0.0359375
2 0.3671875 0.3953125 0.0078125 0.01875
4 0.37265625 0.4625 0.01875 0.0453125
2 0.27890625 0.4109375 0.0078125 0.01875
2 0.59375 0.3515625 0.0078125 0.0203125
4 0.21171875 0.49453125 0.021875 0.053125
2 0.178125 0.43046875 0.0078125 0.0203125
4 0.4609375 0.54296875 0.0421875 0.0984375
2 0.45234375 0.38125 0.009375 0.021875
4 0.74453125 0.609375 0.0734375 0.1625