0 0.9203125 0.18828125 0.0125 0.0359375
0 0.7953125 0.190625 0.0109375 0.03125
4 0.88046875 0.171875 0.009375 0.028125
4 0.8125 0.16875 0.0078125 0.0265625
0 0.72734375 0.1734375 0.0046875 0.0203125
4 0.915625 0.14453125 0.00625 0.01875
0 0.403125 0.70703125 0.0875 0.240625
0 0.725 0.1890625 0.0078125 0.025
0 0.8734375 0.14609375 0.0046875 0.0171875
4 0.8703125 0.15234375 0.00625 0.0203125
0 0.80390625 0.38671875 0.0453125 0.121875
0 0.7078125 0.1828125 0.0078125 0.021875
4 0.83203125 0.171875 0.0078125 0.025
0 0.76171875 0.1640625 0.00625 0.01875
4 0.83515625 0.1578125 0.0078125 0.0203125
0 0.8109375 0.15703125 0.0078125 0.021875