0 0.89609375 0.24375 0.009375 0.0265625
0 0.82421875 0.46484375 0.053125 0.1265625
4 0.9140625 0.23671875 0.009375 0.0203125
0 0.81171875 0.2265625 0.009375 0.0203125
4 0.90546875 0.23046875 0.00625 0.01875
4 0.96796875 0.23359375 0.0078125 0.01875
0 0.87421875 0.22421875 0.00625 0.0171875
0 0.3296875 0.70625 0.0953125 0.25
0 0.83046875 0.23203125 0.0078125 0.0203125
4 0.9484375 0.24296875 0.009375 0.0234375
0 0.93515625 0.2265625 0.0078125 0.0171875
0 0.828125 0.2234375 0.00625 0.0171875
4 0.9265625 0.23125 0.0078125 0.01875
3 0.31484375 0.23515625 0.009375 0.025
3 0.29375 0.22109375 0.00625 0.0203125
3 0.2875 0.2171875 0.00625 0.0203125
3 0.253125 0.225 0.009375 0.0203125
3 0.215625 0.2125 0.00625 0.0171875
3 0.17578125 0.228125 0.009375 0.025
3 0.14921875 0.2421875 0.0125 0.03125
4 0.896875 0.23203125 0.00625 0.021875
3 0.29765625 0.20859375 0.003125 0.0171875
3 0.28515625 0.203125 0.0046875 0.0140625
3 0.39296875 0.22265625 0.00625 0.0203125
3 0.3671875 0.2125 0.00625 0.0171875
3 0.38828125 0.2015625 0.0046875 0.0140625