4 0.11484375 0.36484375 0.025 0.0734375
0 0.31796875 0.3203125 0.01875 0.0578125
0 0.65078125 0.33671875 0.025 0.06875
0 0.453125 0.3375 0.025 0.065625
0 0.28828125 0.278125 0.0125 0.0375
0 0.27265625 0.2984375 0.0140625 0.0453125
0 0.39296875 0.25234375 0.0109375 0.028125
0 0.76015625 0.24765625 0.009375 0.028125
0 0.61328125 0.2390625 0.0078125 0.025
0 0.68828125 0.2421875 0.0078125 0.025
0 0.4515625 0.2453125 0.0078125 0.025
0 0.33203125 0.2640625 0.0109375 0.03125
4 0.721875 0.23515625 0.0078125 0.0234375
4 0.33984375 0.24765625 0.0078125 0.025
0 0.828125 0.31484375 0.0203125 0.059375
0 0.82265625 0.2578125 0.0109375 0.0328125
4 0.10234375 0.3171875 0.0171875 0.0484375
4 0.62578125 0.23203125 0.0078125 0.021875
4 0.91015625 0.25390625 0.0109375 0.03125
4 0.41875 0.23984375 0.0078125 0.021875
4 0.521875 0.2328125 0.0078125 0.0234375
4 0.75390625 0.4296875 0.0390625 0.1078125
2 0.92734375 0.23515625 0.0078125 0.0234375
4 0.81953125 0.24140625 0.00625 0.0265625
4 0.3171875 0.42265625 0.0375 0.1046875
4 0.16796875 0.28359375 0.0125 0.0359375
0 0.53125 0.23984375 0.0078125 0.025
4 0.25 0.2625 0.0109375 0.0296875
2 0.9390625 0.2203125 0.0046875 0.0171875
2 0.934375 0.2265625 0.00625 0.0203125
0 0.865625 0.2734375 0.0109375 0.0390625
1 0.521875 0.71484375 0.0890625 0.253125
2 0.91640625 0.246875 0.0078125 0.0265625
2 0.96328125 0.2203125 0.0046875 0.0171875
0 0.878125 0.29375 0.0109375 0.0484375
1 0.871875 0.28359375 0.0234375 0.08125
3 0.9578125 0.2171875 0.003125 0.0140625
1 0.8796875 0.275 0.015625 0.0734375