0 0.2125 0.49296875 0.0265625 0.0578125
0 0.296875 0.43984375 0.01875 0.0390625
0 0.37578125 0.40859375 0.0140625 0.0296875
0 0.45859375 0.38984375 0.0125 0.0234375
0 0.46953125 0.35625 0.00625 0.0140625
0 0.51328125 0.37421875 0.009375 0.01875
0 0.52109375 0.3578125 0.00625 0.0140625
0 0.54296875 0.359375 0.00625 0.0140625
0 0.55390625 0.3640625 0.0078125 0.0171875
0 0.56875 0.3609375 0.00625 0.0171875
0 0.56484375 0.359375 0.0046875 0.0140625
4 0.559375 0.3515625 0.00625 0.0140625
4 0.50546875 0.3515625 0.0046875 0.0109375
4 0.60703125 0.35234375 0.00625 0.0140625
4 0.59765625 0.3859375 0.0125 0.025
4 0.57578125 0.40390625 0.015625 0.03125
4 0.5875 0.43125 0.0203125 0.040625
4 0.6265625 0.48125 0.03125 0.065625
4 0.84140625 0.67421875 0.09375 0.1671875
4 0.65703125 0.37265625 0.0109375 0.021875
4 0.6546875 0.35390625 0.00625 0.015625
4 0.67578125 0.36015625 0.009375 0.0234375
2 0.134375 0.38671875 0.0203125 0.0203125
2 0.41953125 0.36171875 0.0125 0.0125
2 0.68515625 0.3953125 0.01875 0.028125
2 0.7484375 0.35546875 0.0109375 0.015625
2 0.76015625 0.35234375 0.0109375 0.0171875