0 0.58046875 0.540625 0.0625 0.16875
0 0.946875 0.4015625 0.0375 0.0984375
0 0.87421875 0.31875 0.021875 0.0609375
0 0.7765625 0.28203125 0.015625 0.046875
0 0.70625 0.25625 0.0125 0.0375
0 0.628125 0.23984375 0.0109375 0.0328125
0 0.52890625 0.22578125 0.009375 0.0296875
0 0.42734375 0.21875 0.0078125 0.0265625
0 0.33203125 0.215625 0.0078125 0.0234375
0 0.2734375 0.20859375 0.00625 0.021875
0 0.26484375 0.2015625 0.00625 0.01875
0 0.27734375 0.196875 0.0046875 0.0171875
0 0.3046875 0.18984375 0.0046875 0.0171875
0 0.346875 0.1875 0.0046875 0.0140625
0 0.7546875 0.20546875 0.0046875 0.0140625
0 0.79296875 0.20859375 0.0046875 0.0140625
0 0.84765625 0.21328125 0.0046875 0.0171875
0 0.9375 0.221875 0.00625 0.01875
4 0.9578125 0.2828125 0.015625 0.0453125
4 0.8078125 0.24609375 0.0109375 0.0328125
4 0.68515625 0.2265625 0.009375 0.028125
4 0.57265625 0.2140625 0.0078125 0.025
4 0.47734375 0.20859375 0.00625 0.0234375
4 0.39375 0.2046875 0.00625 0.0203125
4 0.3671875 0.19921875 0.00625 0.01875
4 0.37421875 0.1921875 0.0046875 0.0171875
4 0.39609375 0.1921875 0.0046875 0.0140625
4 0.4375 0.19453125 0.0046875 0.0140625
4 0.5359375 0.19921875 0.0046875 0.0140625
4 0.590625 0.2 0.0046875 0.0125
4 0.640625 0.20078125 0.0046875 0.0140625
4 0.69765625 0.20625 0.0046875 0.0140625
4 0.76328125 0.2109375 0.0046875 0.015625
4 0.82734375 0.2171875 0.0046875 0.0171875
4 0.875 0.22421875 0.00625 0.01875
4 0.92578125 0.23359375 0.00625 0.021875
4 0.9734375 0.2421875 0.00625 0.025