4 0.82421875 0.66640625 0.0609375 0.115625
0 0.5953125 0.434375 0.01875 0.040625
4 0.90078125 0.5375 0.0203125 0.0421875
4 0.64921875 0.41875 0.0125 0.0265625
0 0.5609375 0.45546875 0.0265625 0.0578125
4 0.75703125 0.490625 0.0203125 0.040625
4 0.76640625 0.5171875 0.0265625 0.0546875
4 0.85 0.50390625 0.0171875 0.034375
0 0.35859375 0.6 0.0765625 0.15625
0 0.91953125 0.509375 0.0125 0.0296875
4 0.77265625 0.56171875 0.0359375 0.071875
0 0.2046875 0.2703125 0.015625 0.03125
0 0.565625 0.39609375 0.015625 0.03125
4 0.33671875 0.2875 0.0078125 0.0171875
4 0.47890625 0.34140625 0.0078125 0.0171875
4 0.5390625 0.3640625 0.009375 0.0203125
0 0.1828125 0.2890625 0.0234375 0.0453125
4 0.228125 0.2640625 0.009375 0.0203125
4 0.71953125 0.44921875 0.0140625 0.03125
0 0.378125 0.315625 0.0125 0.025
0 0.27734375 0.28046875 0.0109375 0.021875
0 0.6375 0.3984375 0.009375 0.01875
4 0.4515625 0.3359375 0.0078125 0.0203125
4 0.1765625 0.253125 0.0109375 0.0234375
0 0.490625 0.3671875 0.0140625 0.03125
0 0.4640625 0.3265625 0.00625 0.0171875
4 0.71328125 0.4359375 0.0125 0.025
4 0.77421875 0.4625 0.0125 0.0265625
4 0.4046875 0.31484375 0.0109375 0.0203125
4 0.51328125 0.36328125 0.0125 0.025
4 0.43125 0.3203125 0.0078125 0.0171875
4 0.6609375 0.41328125 0.0109375 0.0203125
0 0.49921875 0.503125 0.040625 0.0875
4 0.37734375 0.2984375 0.00625 0.0171875
4 0.590625 0.3859375 0.0109375 0.0234375
0 0.2421875 0.27421875 0.0125 0.025
0 0.41953125 0.3359375 0.0140625 0.028125
4 0.75546875 0.475 0.0140625 0.0328125
0 0.6328125 0.4296875 0.0171875 0.0359375
4 0.29375 0.27578125 0.0078125 0.0171875
4 0.2421875 0.2625 0.00625 0.0171875
4 0.3984375 0.30625 0.00625 0.015625
4 0.578125 0.38984375 0.0125 0.0265625
0 0.34765625 0.3 0.0109375 0.0234375
0 0.84375 0.47734375 0.0125 0.025
0 0.56484375 0.36953125 0.009375 0.0203125
4 0.2859375 0.27890625 0.009375 0.01875
4 0.13515625 0.2375 0.009375 0.0203125
0 0.19375 0.275 0.015625 0.0359375
0 0.346875 0.28984375 0.00625 0.0140625
4 0.125 0.24140625 0.0125 0.0265625
4 0.18828125 0.2515625 0.0078125 0.0171875
0 0.71953125 0.428125 0.0109375 0.0203125
0 0.396875 0.30390625 0.00625 0.0140625
0 0.221875 0.25703125 0.00625 0.0140625
0 0.1515625 0.2390625 0.0078125 0.0171875
0 0.775 0.45234375 0.009375 0.0203125