0 0.359375 0.3375 0.0140625 0.0546875
0 0.5015625 0.43046875 0.025 0.1046875
0 0.44375 0.35859375 0.01875 0.0703125
0 0.2578125 0.33671875 0.0125 0.046875
4 0.62265625 0.3078125 0.0171875 0.0609375
0 0.14296875 0.3515625 0.0109375 0.04375
2 0.07734375 0.32578125 0.009375 0.0296875
4 0.47890625 0.29453125 0.009375 0.0421875
2 0.1640625 0.3015625 0.00625 0.0234375
4 0.80625 0.36875 0.028125 0.09375
0 0.4453125 0.67578125 0.059375 0.2140625
4 0.20078125 0.32109375 0.009375 0.0359375
2 0.14609375 0.31953125 0.00625 0.03125
2 0.2265625 0.28984375 0.0078125 0.03125
4 0.34296875 0.3015625 0.009375 0.0375
3 0.159375 0.28203125 0.003125 0.0125
3 0.29296875 0.27421875 0.0046875 0.01875
3 0.215625 0.27421875 0.003125 0.0140625
3 0.3046875 0.26328125 0.003125 0.015625
3 0.12578125 0.28359375 0.003125 0.0125
3 0.24453125 0.27421875 0.003125 0.015625
3 0.25859375 0.2640625 0.003125 0.0140625
3 0.1890625 0.27421875 0.003125 0.0125
3 0.11796875 0.284375 0.003125 0.0140625
3 0.11015625 0.2828125 0.003125 0.0140625
3 0.0796875 0.2953125 0.0046875 0.0140625
3 0.0703125 0.29453125 0.003125 0.0140625
3 0.0640625 0.29296875 0.003125 0.015625
3 0.05859375 0.290625 0.003125 0.0140625