0 0.528125 0.27109375 0.0078125 0.025
0 0.62109375 0.26640625 0.0078125 0.025
0 0.6703125 0.26875 0.0078125 0.025
4 0.696875 0.28671875 0.0125 0.03125
0 0.721875 0.271875 0.0078125 0.025
4 0.7546875 0.290625 0.009375 0.034375
0 0.778125 0.28125 0.009375 0.025
0 0.85859375 0.2953125 0.0125 0.028125
0 0.45078125 0.28359375 0.009375 0.0296875
0 0.49375 0.275 0.0078125 0.0265625
4 0.5953125 0.28984375 0.0109375 0.0359375
4 0.6453125 0.28515625 0.0078125 0.0296875
4 0.81796875 0.3046875 0.0140625 0.0359375
4 0.890625 0.32109375 0.0171875 0.040625
0 0.94765625 0.31328125 0.0125 0.034375
0 0.40390625 0.29921875 0.0109375 0.0375
4 0.5515625 0.2984375 0.009375 0.034375
0 0.3671875 0.3140625 0.0171875 0.0484375
4 0.51796875 0.33125 0.0171875 0.05
0 0.32421875 0.3421875 0.021875 0.05625
4 0.55 0.38203125 0.021875 0.071875
0 0.2984375 0.38671875 0.028125 0.075
4 0.66796875 0.5046875 0.046875 0.1296875
0 0.24609375 0.5 0.053125 0.13125
0 0.571875 0.26796875 0.00625 0.025
4 0.5234375 0.3078125 0.0125 0.0375
3 0.7375 0.525 0.0640625 0.1953125
3 0.6984375 0.3484375 0.025 0.08125
3 0.63515625 0.29609375 0.0109375 0.053125
3 0.64140625 0.3 0.0171875 0.05625
3 0.59375 0.25859375 0.0078125 0.0296875
3 0.83203125 0.32265625 0.025 0.0609375
3 0.76015625 0.29375 0.015625 0.0484375