0 0.646875 0.30703125 0.015625 0.0390625
0 0.69609375 0.30703125 0.015625 0.0375
0 0.75859375 0.30859375 0.0171875 0.0390625
0 0.8359375 0.31953125 0.0171875 0.0421875
0 0.92578125 0.33671875 0.0171875 0.04375
0 0.56953125 0.31796875 0.0171875 0.046875
0 0.521875 0.32578125 0.021875 0.053125
4 0.7796875 0.36171875 0.025 0.059375
4 0.86875 0.371875 0.025 0.059375
4 0.71015625 0.37578125 0.0265625 0.071875
0 0.465625 0.353125 0.028125 0.071875
0 0.409375 0.3875 0.0328125 0.084375
4 0.675 0.4640625 0.0421875 0.1140625
0 0.33671875 0.45859375 0.053125 0.1328125
4 0.80390625 0.778125 0.09375 0.203125
0 0.8765625 0.32734375 0.015625 0.0390625