4 0.6375 0.265625 0.0078125 0.0203125
4 0.69921875 0.284375 0.009375 0.0203125
4 0.7703125 0.29921875 0.0078125 0.0171875
4 0.79453125 0.31015625 0.0109375 0.0234375
0 0.59609375 0.2875 0.0125 0.028125
4 0.7234375 0.30703125 0.0125 0.025
4 0.73046875 0.3015625 0.0109375 0.025
4 0.8328125 0.32734375 0.0109375 0.025
0 0.94609375 0.3640625 0.0125 0.025
0 0.55859375 0.28671875 0.015625 0.0296875
4 0.659375 0.31484375 0.0171875 0.0375
4 0.69765625 0.3140625 0.0140625 0.0296875
4 0.9265625 0.3640625 0.0171875 0.03125
0 0.5203125 0.30234375 0.01875 0.0390625
4 0.62734375 0.325 0.0203125 0.0421875
4 0.646875 0.353125 0.0265625 0.0578125
0 0.47890625 0.346875 0.03125 0.0640625
0 0.2328125 0.6453125 0.1 0.2359375
4 0.72421875 0.29375 0.009375 0.021875
4 0.746875 0.28828125 0.009375 0.01875
0 0.87890625 0.3359375 0.0109375 0.025
0 0.8375 0.31953125 0.009375 0.0203125
0 0.8046875 0.30625 0.00625 0.0171875
0 0.77890625 0.29609375 0.0046875 0.0140625
0 0.640625 0.2875 0.0125 0.025
0 0.65078125 0.2828125 0.0109375 0.025
0 0.63828125 0.275 0.0078125 0.0203125
4 0.67109375 0.27578125 0.009375 0.0203125
4 0.61171875 0.259375 0.00625 0.0140625
4 0.6 0.2546875 0.00625 0.0140625
0 0.60390625 0.2671875 0.0078125 0.0203125
0 0.5765625 0.25859375 0.0078125 0.0203125
1 0.75546875 0.290625 0.009375 0.025
1 0.76015625 0.29140625 0.0109375 0.0265625
1 0.81796875 0.30703125 0.0125 0.0265625
1 0.82421875 0.309375 0.0125 0.0296875
4 0.6921875 0.4609375 0.04375 0.0984375
4 0.61015625 0.253125 0.00625 0.0140625
4 0.63515625 0.2546875 0.00625 0.0140625
4 0.6453125 0.2546875 0.0046875 0.0125
4 0.64375 0.24921875 0.003125 0.009375
4 0.653125 0.2546875 0.0046875 0.0109375
4 0.725 0.28046875 0.00625 0.015625
4 0.70703125 0.2703125 0.00625 0.0125
0 0.7328125 0.2765625 0.0046875 0.009375
0 0.71953125 0.2734375 0.00625 0.0171875
0 0.69375 0.26328125 0.00625 0.0140625
0 0.56015625 0.25078125 0.00625 0.015625
0 0.57421875 0.2453125 0.00625 0.0140625
0 0.5578125 0.246875 0.0046875 0.0140625
0 0.59609375 0.246875 0.0046875 0.0125
0 0.58203125 0.23671875 0.0046875 0.009375
0 0.56796875 0.23359375 0.0046875 0.009375
4 0.61875 0.25234375 0.00625 0.0125
4 0.63359375 0.24609375 0.0046875 0.0109375
4 0.68125 0.25703125 0.0046875 0.0109375
4 0.675 0.25390625 0.0046875 0.009375
4 0.66796875 0.2515625 0.003125 0.009375
4 0.66171875 0.24921875 0.0046875 0.009375