4 0.75390625 0.5953125 0.071875 0.1984375
4 0.5921875 0.44453125 0.0390625 0.1078125
4 0.5234375 0.38359375 0.028125 0.0734375
4 0.4890625 0.35078125 0.0203125 0.05625
4 0.4609375 0.33125 0.0171875 0.046875
4 0.4234375 0.315625 0.0140625 0.0375
4 0.38125 0.31328125 0.0140625 0.0375
4 0.33046875 0.31484375 0.0109375 0.0296875
0 0.2203125 0.6390625 0.0734375 0.178125
0 0.29453125 0.446875 0.0328125 0.0828125
0 0.30546875 0.403125 0.025 0.065625
0 0.28984375 0.37421875 0.0203125 0.0546875
0 0.24296875 0.36953125 0.01875 0.0484375
0 0.20703125 0.36953125 0.0171875 0.040625
0 0.1609375 0.36796875 0.0171875 0.04375
0 0.12890625 0.36484375 0.015625 0.0375
0 0.13359375 0.35625 0.0109375 0.0296875
0 0.1578125 0.34140625 0.0109375 0.0296875
0 0.1828125 0.3296875 0.009375 0.0234375
0 0.19609375 0.3203125 0.009375 0.021875
4 0.28125 0.31484375 0.009375 0.025
4 0.28984375 0.30390625 0.0078125 0.021875
4 0.29921875 0.29453125 0.00625 0.0203125
1 0.30390625 0.28671875 0.0078125 0.0296875
0 0.2203125 0.309375 0.0078125 0.0203125
1 0.22109375 0.30078125 0.009375 0.03125
1 0.22421875 0.29921875 0.009375 0.03125
0 0.234375 0.30078125 0.0078125 0.0203125
0 0.2484375 0.2921875 0.00625 0.0171875
0 0.60546875 0.2953125 0.015625 0.05
4 0.30703125 0.2859375 0.00625 0.021875
4 0.31328125 0.27890625 0.0078125 0.0171875
4 0.3203125 0.27109375 0.0046875 0.0140625
0 0.0796875 0.34296875 0.0078125 0.025
0 0.121875 0.31875 0.00625 0.015625
4 0.14609375 0.3078125 0.00625 0.0171875
4 0.1734375 0.2984375 0.0046875 0.0171875
0 0.059375 0.34609375 0.00625 0.0171875
4 0.32265625 0.265625 0.003125 0.009375
4 0.32734375 0.26328125 0.003125 0.009375
4 0.3296875 0.26015625 0.003125 0.009375
0 0.21171875 0.290625 0.003125 0.009375
0 0.053125 0.3421875 0.0046875 0.0140625
0 0.19921875 0.28828125 0.003125 0.0109375
4 0.1796875 0.29609375 0.003125 0.0125
4 0.18203125 0.2953125 0.0046875 0.0125
4 0.11171875 0.31953125 0.0046875 0.0140625
4 0.071875 0.33125 0.0046875 0.0140625