0 0.434375 0.4234375 0.0375 0.0953125
0 0.5078125 0.28515625 0.0109375 0.0359375
0 0.51875 0.26328125 0.009375 0.0265625
0 0.528125 0.24609375 0.00625 0.0203125
0 0.72890625 0.29921875 0.0234375 0.0765625
0 0.678125 0.2703125 0.0203125 0.0578125
0 0.65234375 0.2546875 0.0125 0.0453125
0 0.615625 0.2328125 0.009375 0.028125
0 0.53125 0.23828125 0.0046875 0.0171875
0 0.85 0.21171875 0.0078125 0.0203125
0 0.79921875 0.2109375 0.00625 0.01875
0 0.7484375 0.209375 0.0078125 0.015625
0 0.709375 0.2109375 0.00625 0.0140625
0 0.71328125 0.2046875 0.0046875 0.0140625
0 0.6953125 0.21015625 0.0046875 0.0140625
2 0.9203125 0.425 0.046875 0.16875
2 0.80234375 0.27890625 0.0296875 0.071875
2 0.77890625 0.2421875 0.01875 0.0484375
2 0.765625 0.22578125 0.0140625 0.0390625
2 0.7234375 0.21875 0.009375 0.025
2 0.78515625 0.2046875 0.0078125 0.021875
2 0.8125 0.2140625 0.009375 0.0296875
2 0.61171875 0.21484375 0.0046875 0.015625
2 0.70234375 0.20390625 0.0046875 0.015625
2 0.6921875 0.21328125 0.0078125 0.021875
1 0.59453125 0.22109375 0.00625 0.025
1 0.5328125 0.23203125 0.00625 0.025
4 0.6203125 0.253125 0.0109375 0.0265625
4 0.9046875 0.46953125 0.06875 0.1484375
4 0.8234375 0.21796875 0.009375 0.0203125
4 0.7234375 0.32734375 0.0296875 0.0703125
4 0.596875 0.23046875 0.00625 0.01875
4 0.64921875 0.27578125 0.0140625 0.0390625
4 0.58984375 0.225 0.00625 0.0171875
4 0.58671875 0.221875 0.0046875 0.0140625
0 0.4859375 0.3265625 0.0171875 0.0515625
4 0.584375 0.21796875 0.0046875 0.0140625
4 0.57265625 0.21640625 0.0046875 0.0125
4 0.90546875 0.27578125 0.025 0.0578125
4 0.8390625 0.26015625 0.0203125 0.0484375
0 0.2546875 0.7609375 0.0859375 0.209375
4 0.80625 0.2484375 0.0140625 0.0390625
4 0.8 0.23359375 0.0078125 0.025
4 0.6046875 0.2375 0.009375 0.025
4 0.81328125 0.23203125 0.0125 0.03125
4 0.83671875 0.2265625 0.0109375 0.0265625
0 0.89765625 0.21328125 0.009375 0.025
4 0.84296875 0.22421875 0.009375 0.025
4 0.7296875 0.21484375 0.0078125 0.0203125
4 0.78125 0.215625 0.009375 0.021875
4 0.68515625 0.21484375 0.00625 0.015625
0 0.79921875 0.21171875 0.0078125 0.0203125
4 0.659375 0.21328125 0.0046875 0.015625