2 0.73828125 0.76640625 0.0984375 0.2046875
2 0.6515625 0.61875 0.03984375 0.09140625
4 0.68515625 0.61484375 0.03984375 0.08359375
2 0.6421875 0.58515625 0.021875 0.06484375
1 0.63671875 0.55625 0.02578125 0.08359375
1 0.6328125 0.5515625 0.02265625 0.07734375
2 0.6140625 0.559375 0.021875 0.04609375
4 0.60703125 0.553125 0.0140625 0.040625
2 0.12265625 0.609375 0.08984375 0.13984375
2 0.3203125 0.56171875 0.04453125 0.08203125
2 0.378125 0.5453125 0.03203125 0.0640625
1 0.41484375 0.52265625 0.03359375 0.08125
1 0.43125 0.52265625 0.0171875 0.07578125
2 0.45234375 0.53203125 0.02265625 0.04453125
0 0.4765625 0.53125 0.0171875 0.04140625
0 0.30390625 0.54921875 0.02890625 0.0703125
2 0.18125 0.5265625 0.03828125 0.071875