1 0.303125 0.4890625 0.121875 0.2703125
1 0.3765625 0.4328125 0.0921875 0.2109375
0 0.49765625 0.27421875 0.0140625 0.0328125
0 0.51015625 0.2921875 0.01875 0.04375
0 0.5265625 0.25390625 0.0109375 0.025
1 0.7625 0.584375 0.1296875 0.2859375
0 0.50859375 0.33515625 0.025 0.059375
4 0.621875 0.3125 0.0171875 0.0421875
4 0.6671875 0.34453125 0.025 0.0546875
4 0.859375 0.38515625 0.028125 0.0609375
0 0.921875 0.3640625 0.0203125 0.0421875
0 0.45234375 0.396875 0.0375 0.0921875
4 0.703125 0.39296875 0.0328125 0.0765625
4 0.72578125 0.5078125 0.0546875 0.121875
1 0.790625 0.71953125 0.1796875 0.378125
4 0.609375 0.2921875 0.0171875 0.0375
4 0.609375 0.28046875 0.0140625 0.03125
4 0.62109375 0.2734375 0.0140625 0.0296875
4 0.64140625 0.27109375 0.0125 0.0296875
4 0.6609375 0.27109375 0.0109375 0.0265625
0 0.49765625 0.25859375 0.0125 0.0296875
0 0.54765625 0.25078125 0.0109375 0.0234375
0 0.5796875 0.2515625 0.009375 0.0203125
0 0.61015625 0.253125 0.0109375 0.021875
0 0.859375 0.33046875 0.01875 0.0375
0 0.84375 0.31875 0.0140625 0.0328125
0 0.840625 0.31015625 0.0109375 0.0265625
4 0.77265625 0.3296875 0.0203125 0.0421875
4 0.75078125 0.3078125 0.015625 0.034375
4 0.73984375 0.29375 0.0140625 0.0296875
4 0.73671875 0.28671875 0.0109375 0.0265625
4 0.67890625 0.2703125 0.0109375 0.025
4 0.7796875 0.27890625 0.0109375 0.0234375
4 0.76640625 0.26875 0.0078125 0.0171875
4 0.7609375 0.278125 0.009375 0.021875
4 0.8203125 0.2859375 0.009375 0.0234375
4 0.859375 0.2921875 0.0078125 0.0203125
4 0.865625 0.29921875 0.009375 0.0203125
4 0.8890625 0.3 0.0078125 0.0203125
4 0.91484375 0.3109375 0.0109375 0.021875
4 0.9359375 0.3125 0.0125 0.0265625
0 0.87265625 0.3078125 0.0109375 0.025
0 0.903125 0.29921875 0.009375 0.01875
0 0.92265625 0.3203125 0.0125 0.028125
0 0.971875 0.3328125 0.0109375 0.0234375
4 0.96796875 0.32265625 0.0109375 0.025
4 0.96171875 0.32265625 0.0109375 0.025
4 0.98359375 0.3296875 0.0140625 0.0328125
4 0.68515625 0.26015625 0.0078125 0.0203125
4 0.6890625 0.26875 0.009375 0.025
0 0.6265625 0.2515625 0.00625 0.0171875
0 0.63203125 0.25234375 0.0078125 0.0203125