4 0.915625 0.6734375 0.10625 0.2234375
4 0.64296875 0.40234375 0.0359375 0.0984375
4 0.55234375 0.33203125 0.0203125 0.0640625
4 0.5125 0.29765625 0.0140625 0.04375
4 0.4765625 0.27578125 0.0109375 0.034375
0 0.33984375 0.496875 0.0453125 0.1203125
0 0.359375 0.38671875 0.0234375 0.06875
0 0.375 0.3328125 0.015625 0.046875
0 0.38203125 0.30078125 0.0109375 0.0359375
0 0.0640625 0.38203125 0.0171875 0.04375
4 0.12421875 0.33671875 0.0109375 0.03125
0 0.14765625 0.34765625 0.0140625 0.034375
4 0.178125 0.31953125 0.009375 0.025
0 0.21484375 0.321875 0.0109375 0.0359375
4 0.4578125 0.26328125 0.009375 0.028125
0 0.25703125 0.30546875 0.0109375 0.03125
4 0.4296875 0.26328125 0.00625 0.021875
4 0.396875 0.2625 0.00625 0.0203125
4 0.36328125 0.26875 0.0046875 0.01875
4 0.32578125 0.27734375 0.00625 0.0203125
4 0.27734375 0.28828125 0.0078125 0.0234375
4 0.2328125 0.3 0.00625 0.0203125
2 0.19140625 0.303125 0.0078125 0.0296875
2 0.13671875 0.3296875 0.0109375 0.0328125
0 0.37421875 0.2890625 0.009375 0.0296875
0 0.35390625 0.284375 0.009375 0.0296875
0 0.315625 0.28984375 0.009375 0.0296875