0 0.24921875 0.52421875 0.0453125 0.1390625
0 0.39375 0.3859375 0.0203125 0.078125
0 0.49296875 0.34140625 0.0140625 0.0578125
0 0.5640625 0.315625 0.0125 0.0484375
0 0.59375 0.28515625 0.0078125 0.0390625
0 0.59296875 0.30234375 0.009375 0.040625
4 0.6671875 0.26484375 0.0078125 0.0296875
4 0.70546875 0.28125 0.009375 0.0359375
4 0.75546875 0.3265625 0.0140625 0.0578125
4 0.87890625 0.3140625 0.0171875 0.0484375
4 0.71953125 0.396875 0.028125 0.0890625
4 0.7265625 0.528125 0.040625 0.146875
0 0.57578125 0.271875 0.0078125 0.03125
0 0.54296875 0.26015625 0.0078125 0.0296875
0 0.5296875 0.253125 0.00625 0.0296875
4 0.74140625 0.35859375 0.01875 0.0703125
4 0.74453125 0.29921875 0.0109375 0.0484375
4 0.62421875 0.2546875 0.00625 0.0296875
4 0.61640625 0.2484375 0.00625 0.0265625
4 0.8796875 0.2890625 0.0125 0.04375
4 0.88515625 0.2765625 0.0109375 0.0390625
0 0.53671875 0.24375 0.00625 0.021875
4 0.90234375 0.2546875 0.0078125 0.03125
4 0.80390625 0.25078125 0.0078125 0.034375
4 0.74921875 0.246875 0.0078125 0.0328125
4 0.68125 0.24375 0.00625 0.025
4 0.6453125 0.24296875 0.0078125 0.0234375
0 0.925 0.24453125 0.0078125 0.028125
0 0.84453125 0.23984375 0.00625 0.028125
0 0.76484375 0.23984375 0.00625 0.025
0 0.71796875 0.23828125 0.00625 0.025
0 0.6609375 0.2359375 0.0046875 0.0203125
0 0.63515625 0.2359375 0.0046875 0.015625
0 0.59453125 0.2359375 0.0046875 0.0203125
0 0.559375 0.2390625 0.0046875 0.0203125