0 0.45703125 0.3234375 0.01875 0.0515625
4 0.63046875 0.3359375 0.0171875 0.05
4 0.6421875 0.32109375 0.015625 0.046875
4 0.6890625 0.32265625 0.0171875 0.04375
4 0.740625 0.34375 0.01875 0.0515625
4 0.82890625 0.3984375 0.0328125 0.071875
0 0.2046875 0.6703125 0.1 0.2375
0 0.50703125 0.296875 0.015625 0.0390625
4 0.66328125 0.38125 0.0296875 0.08125
4 0.7328125 0.46171875 0.04375 0.1140625
0 0.415625 0.37421875 0.0296875 0.084375
0 0.540625 0.2875 0.0125 0.034375
0 0.6015625 0.2875 0.0125 0.0296875
0 0.653125 0.28828125 0.0140625 0.034375
0 0.7203125 0.29609375 0.0140625 0.034375
0 0.76328125 0.3046875 0.0140625 0.0375
0 0.8390625 0.32734375 0.01875 0.04375
0 0.90234375 0.34921875 0.025 0.0546875