0 0.615625 0.33984375 0.01875 0.0546875
0 0.68984375 0.3265625 0.0171875 0.05
0 0.884375 0.31875 0.0171875 0.05
0 0.54296875 0.3671875 0.01875 0.0640625
0 0.446875 0.43515625 0.0296875 0.0921875
4 0.88359375 0.42421875 0.04375 0.1078125
4 0.8578125 0.63828125 0.08125 0.2203125
0 0.296875 0.571875 0.0578125 0.16875
0 0.7625 0.31796875 0.0171875 0.05
4 0.82890625 0.47890625 0.0515625 0.1328125
3 0.4359375 0.353125 0.0234375 0.0765625
3 0.415625 0.3515625 0.021875 0.08125
3 0.2921875 0.346875 0.0203125 0.065625
3 0.07734375 0.33515625 0.0171875 0.05