0 0.2484375 0.65 0.075 0.1875
0 0.2203125 0.45390625 0.0359375 0.0890625
0 0.196875 0.4109375 0.0265625 0.0640625
0 0.15078125 0.403125 0.0234375 0.059375
0 0.06796875 0.41328125 0.0234375 0.0546875
0 0.0671875 0.41171875 0.0234375 0.0578125
4 0.07109375 0.375 0.015625 0.0390625
4 0.184375 0.35 0.0140625 0.0375
4 0.2671875 0.3359375 0.0140625 0.0390625
4 0.3453125 0.33515625 0.015625 0.04375
4 0.39375 0.3421875 0.0171875 0.0515625
4 0.4640625 0.34921875 0.0203125 0.059375
4 0.5265625 0.37109375 0.025 0.071875
4 0.6390625 0.434375 0.0390625 0.1078125