0 0.1015625 0.60546875 0.0859375 0.221875
0 0.3359375 0.38671875 0.034375 0.09375
0 0.4046875 0.32421875 0.0234375 0.0625
0 0.36796875 0.29453125 0.01875 0.05
0 0.29453125 0.2890625 0.01875 0.05
0 0.1859375 0.29296875 0.0234375 0.0546875
4 0.12578125 0.26484375 0.0171875 0.04375
4 0.23671875 0.26015625 0.0140625 0.0375
4 0.30703125 0.25703125 0.0125 0.034375
4 0.36328125 0.2578125 0.0109375 0.0296875
4 0.409375 0.26171875 0.0109375 0.034375
4 0.45625 0.265625 0.0125 0.034375
4 0.5 0.275 0.0125 0.0359375
4 0.53671875 0.2890625 0.0140625 0.0390625
4 0.56953125 0.30859375 0.015625 0.046875
4 0.584375 0.3515625 0.021875 0.0640625
4 0.6125 0.44296875 0.0390625 0.1078125