0 0.69375 0.2875 0.0078125 0.0375
0 0.7484375 0.2828125 0.0078125 0.0359375
0 0.81875 0.2796875 0.0078125 0.0359375
0 0.6296875 0.3015625 0.00859375 0.04296875
0 0.5890625 0.31953125 0.01015625 0.05078125
4 0.8734375 0.33046875 0.01484375 0.06015625
4 0.80390625 0.33984375 0.01640625 0.0609375
0 0.5109375 0.3859375 0.015625 0.0765625
0 0.45078125 0.4578125 0.02265625 0.1078125
4 0.81640625 0.49140625 0.04296875 0.134375
4 0.7828125 0.37578125 0.0234375 0.0828125
0 0.9203125 0.2875 0.0109375 0.04296875