0 0.315625 0.43125 0.05625 0.1171875
0 0.4171875 0.3359375 0.0296875 0.0625
0 0.46484375 0.2875 0.0171875 0.0375
0 0.48984375 0.2671875 0.0109375 0.0265625
0 0.50234375 0.2578125 0.009375 0.0203125
0 0.178125 0.24453125 0.015625 0.0375
1 0.19296875 0.2078125 0.01875 0.0484375
1 0.2078125 0.20703125 0.0203125 0.0453125
0 0.26015625 0.2359375 0.015625 0.034375
1 0.29765625 0.221875 0.0203125 0.0484375
1 0.30859375 0.22265625 0.01875 0.046875
0 0.35703125 0.22578125 0.009375 0.0234375
4 0.6078125 0.4234375 0.040625 0.090625
4 0.6703125 0.696875 0.053125 0.121875
4 0.5921875 0.34453125 0.0234375 0.0546875
4 0.58671875 0.30625 0.0171875 0.0390625
4 0.58359375 0.2875 0.0125 0.028125
4 0.58359375 0.2734375 0.0109375 0.025
0 0.5109375 0.25 0.00625 0.01875
4 0.54375 0.24140625 0.00625 0.0140625
4 0.56171875 0.24609375 0.0078125 0.0171875
4 0.575 0.2515625 0.00625 0.015625
4 0.578125 0.2578125 0.0078125 0.0203125
4 0.58125 0.2640625 0.009375 0.025
4 0.45 0.22265625 0.00625 0.0140625
4 0.4234375 0.21953125 0.00625 0.0140625
0 0.39609375 0.2234375 0.0078125 0.0203125
0 0.43359375 0.22578125 0.00625 0.0171875
0 0.46640625 0.23203125 0.00625 0.015625
4 0.47578125 0.2265625 0.0078125 0.01875
4 0.49921875 0.2296875 0.00625 0.015625
0 0.49453125 0.2375 0.00625 0.015625
0 0.51640625 0.24453125 0.0078125 0.0171875
4 0.521875 0.234375 0.00625 0.0140625
4 0.271875 0.2140625 0.0125 0.0265625