4 0.85625 0.3015625 0.0125 0.034375
0 0.46875 0.28515625 0.0109375 0.034375
4 0.57109375 0.290625 0.0140625 0.0390625
4 0.584375 0.31875 0.0171875 0.05
0 0.45234375 0.3078125 0.015625 0.04375
0 0.38515625 0.3890625 0.03125 0.084375
4 0.63984375 0.4203125 0.034375 0.090625
4 0.74140625 0.63515625 0.08125 0.1984375
0 0.1921875 0.63671875 0.090625 0.215625
0 0.4796875 0.26640625 0.009375 0.03125
0 0.49140625 0.2578125 0.009375 0.0265625
0 0.503125 0.253125 0.00625 0.025
0 0.5296875 0.246875 0.00625 0.021875
4 0.6078125 0.36171875 0.025 0.071875
4 0.565625 0.2734375 0.009375 0.025
4 0.96015625 0.3375 0.0109375 0.04375
0 0.9125 0.3 0.009375 0.0265625
0 0.86796875 0.2859375 0.0078125 0.021875
0 0.82578125 0.27734375 0.0078125 0.0203125
4 0.81171875 0.284375 0.009375 0.025
4 0.759375 0.27265625 0.00625 0.0203125
0 0.79609375 0.27109375 0.0078125 0.021875
4 0.5796875 0.2546875 0.0078125 0.0234375
4 0.596875 0.2515625 0.0078125 0.0203125
4 0.6203125 0.2484375 0.0078125 0.0203125
4 0.64609375 0.2515625 0.0078125 0.0203125
4 0.6640625 0.25234375 0.0078125 0.021875
4 0.6921875 0.2578125 0.0046875 0.015625
4 0.72578125 0.2609375 0.00625 0.01875
0 0.5484375 0.24296875 0.0078125 0.021875
0 0.5765625 0.24296875 0.00625 0.01875
0 0.62890625 0.24375 0.00625 0.0171875
0 0.60078125 0.24296875 0.0046875 0.015625