4 0.48984375 0.2515625 0.009375 0.025
4 0.515625 0.259375 0.009375 0.0296875
4 0.64453125 0.246875 0.0109375 0.0296875
0 0.7171875 0.22890625 0.009375 0.025
0 0.4125 0.29609375 0.0109375 0.0296875
4 0.53125 0.275 0.0125 0.034375
4 0.55234375 0.2984375 0.015625 0.04375
4 0.7953125 0.2578125 0.01875 0.04375
0 0.9 0.23828125 0.0171875 0.0375
4 0.60703125 0.34140625 0.0265625 0.06875
0 0.2296875 0.6421875 0.08125 0.1796875
0 0.3609375 0.38828125 0.0296875 0.071875
1 0.3734375 0.34296875 0.03125 0.090625
1 0.38125 0.33359375 0.0234375 0.0828125
0 0.39921875 0.3234375 0.015625 0.04375
0 0.4140625 0.27734375 0.009375 0.0265625
0 0.35546875 0.27421875 0.009375 0.0203125
4 0.94375 0.6703125 0.0765625 0.20625
1 0.58046875 0.29921875 0.028125 0.084375
1 0.57109375 0.29609375 0.0234375 0.0828125
4 0.4625 0.25546875 0.00625 0.0203125
4 0.4390625 0.25625 0.0078125 0.021875
4 0.421875 0.25703125 0.00625 0.021875
4 0.4046875 0.25859375 0.00625 0.0171875
4 0.40078125 0.25703125 0.00625 0.0203125
4 0.4109375 0.25 0.0046875 0.015625
4 0.63125 0.2375 0.009375 0.0296875
4 0.6328125 0.23125 0.00625 0.025
4 0.64609375 0.22734375 0.009375 0.025
4 0.6609375 0.22109375 0.00625 0.021875
4 0.66484375 0.2171875 0.00625 0.0203125
0 0.78984375 0.23828125 0.0109375 0.034375
0 0.7359375 0.23515625 0.0109375 0.0265625
0 0.73046875 0.21953125 0.009375 0.025
0 0.7375 0.21875 0.0078125 0.025
3 0.84140625 0.25546875 0.028125 0.06875
3 0.7515625 0.31328125 0.040625 0.0984375
3 0.82734375 0.22890625 0.015625 0.04375
3 0.81796875 0.228125 0.0109375 0.0359375
3 0.63046875 0.2671875 0.0203125 0.053125
3 0.609375 0.23046875 0.0109375 0.0296875
3 0.57734375 0.25078125 0.0140625 0.040625
0 0.38046875 0.27890625 0.009375 0.028125
4 0.471875 0.2328125 0.00625 0.015625
4 0.49140625 0.228125 0.0046875 0.0140625
4 0.45546875 0.23671875 0.0046875 0.0125
3 0.4265625 0.24453125 0.00625 0.0203125
4 0.50703125 0.22578125 0.0046875 0.0125
4 0.62265625 0.2171875 0.00625 0.0171875
0 0.3421875 0.2765625 0.00625 0.0140625
0 0.3484375 0.271875 0.00625 0.0140625
0 0.3640625 0.2625 0.003125 0.009375
0 0.371875 0.259375 0.003125 0.009375
4 0.41640625 0.24609375 0.0046875 0.0140625
3 0.759375 0.20703125 0.009375 0.025
0 0.6125 0.21171875 0.003125 0.0109375
4 0.58046875 0.2140625 0.0046875 0.0125
4 0.57109375 0.215625 0.0046875 0.0125
4 0.56328125 0.21328125 0.0046875 0.0125
4 0.5921875 0.21484375 0.0046875 0.0140625
4 0.53046875 0.21796875 0.0046875 0.0140625
4 0.5359375 0.21484375 0.003125 0.009375
3 0.49296875 0.246875 0.0078125 0.0234375
3 0.51484375 0.24765625 0.0109375 0.03125
0 0.46484375 0.23125 0.003125 0.0109375
0 0.4484375 0.23515625 0.0046875 0.0109375
0 0.49609375 0.22109375 0.0046875 0.0140625
3 0.4421875 0.24609375 0.00625 0.0234375
3 0.4609375 0.24609375 0.0078125 0.021875
0 0.43359375 0.2375 0.003125 0.009375
0 0.378125 0.253125 0.0046875 0.0140625
0 0.3859375 0.24921875 0.0046875 0.0140625
3 0.33359375 0.2765625 0.009375 0.025
4 0.5203125 0.221875 0.0046875 0.0125
3 0.47578125 0.22578125 0.0046875 0.0140625
0 0.47890625 0.228125 0.003125 0.009375
3 0.48125 0.2234375 0.0046875 0.0140625
0 0.49296875 0.221875 0.003125 0.009375
0 0.28046875 0.259375 0.0078125 0.01875
4 0.2734375 0.2609375 0.0078125 0.0203125
0 0.6265625 0.21328125 0.003125 0.0109375
3 0.7203125 0.22265625 0.009375 0.0296875
0 0.64765625 0.2140625 0.003125 0.0109375
0 0.603125 0.2109375 0.003125 0.0109375
4 0.5515625 0.2125 0.0046875 0.0125