1 0.11953125 0.60546875 0.1484375 0.34375
1 0.175 0.56015625 0.1171875 0.3015625
0 0.3421875 0.42109375 0.0390625 0.0984375
0 0.41484375 0.3375 0.0234375 0.0578125
0 0.46484375 0.30546875 0.015625 0.040625
0 0.5 0.29453125 0.0125 0.034375
0 0.53828125 0.2859375 0.0109375 0.028125
0 0.55546875 0.27890625 0.009375 0.0265625
0 0.5515625 0.2703125 0.0078125 0.0234375
0 0.54609375 0.2609375 0.0078125 0.0203125
0 0.5375 0.2578125 0.00625 0.0203125
0 0.5078125 0.25 0.00625 0.015625
0 0.48828125 0.246875 0.0046875 0.0140625
0 0.4671875 0.2421875 0.00625 0.015625
0 0.44140625 0.23984375 0.0046875 0.0140625
0 0.4171875 0.2375 0.00625 0.0171875
0 0.3953125 0.2390625 0.00625 0.0171875
0 0.3765625 0.24140625 0.00625 0.0171875
0 0.353125 0.24375 0.00625 0.01875
0 0.315625 0.24375 0.0078125 0.0234375
0 0.23359375 0.246875 0.0109375 0.0234375
0 0.11875 0.24765625 0.0125 0.0296875
4 0.11640625 0.2375 0.0109375 0.0296875
4 0.20625 0.23828125 0.0109375 0.0234375
4 0.27734375 0.23671875 0.009375 0.021875
4 0.31953125 0.2359375 0.00625 0.01875
4 0.35390625 0.23359375 0.0046875 0.0140625
4 0.38828125 0.23359375 0.0046875 0.0140625
4 0.4109375 0.23515625 0.0046875 0.0140625
4 0.44609375 0.23828125 0.0046875 0.0140625
4 0.47734375 0.240625 0.0046875 0.0140625
4 0.51015625 0.24375 0.0046875 0.0140625
4 0.53046875 0.24765625 0.0046875 0.0140625
4 0.553125 0.25078125 0.0046875 0.0140625
4 0.56953125 0.25546875 0.0046875 0.0140625
4 0.58828125 0.25859375 0.0046875 0.0140625
4 0.61015625 0.26640625 0.00625 0.0203125
4 0.6203125 0.2734375 0.0078125 0.021875
4 0.6359375 0.2828125 0.009375 0.025
4 0.61796875 0.32421875 0.0171875 0.04375
4 0.5921875 0.3578125 0.025 0.059375
4 0.653125 0.3125 0.0140625 0.0390625
4 0.6515625 0.2984375 0.0125 0.0328125
4 0.6296875 0.4546875 0.0390625 0.1015625
1 0.6921875 0.57421875 0.090625 0.26875
1 0.7265625 0.6265625 0.125 0.3125