0 0.51328125 0.26171875 0.0078125 0.03125
4 0.61796875 0.26171875 0.009375 0.0296875
4 0.65234375 0.2546875 0.009375 0.0296875
4 0.69140625 0.2515625 0.009375 0.034375
4 0.72265625 0.253125 0.009375 0.0390625
4 0.77265625 0.25234375 0.0109375 0.0390625
0 0.471875 0.284375 0.009375 0.0296875
4 0.596875 0.27109375 0.009375 0.0390625
4 0.92421875 0.26640625 0.0171875 0.071875
0 0.45078125 0.29921875 0.0109375 0.0390625
4 0.58203125 0.29140625 0.0109375 0.0484375
4 0.59140625 0.3203125 0.0171875 0.0625
0 0.375 0.4328125 0.028125 0.096875
4 0.64453125 0.4265625 0.03125 0.1078125
0 0.190625 0.75234375 0.059375 0.16875
0 0.42421875 0.3359375 0.0125 0.0578125
0 0.53984375 0.25625 0.00625 0.0265625
0 0.5796875 0.24609375 0.00625 0.025
0 0.6125 0.24140625 0.00625 0.025
0 0.69921875 0.23671875 0.00625 0.025
0 0.75 0.23828125 0.00625 0.0296875
0 0.8078125 0.23984375 0.0078125 0.0296875
4 0.840625 0.25546875 0.0109375 0.0359375
0 0.87578125 0.24609375 0.009375 0.0296875
0 0.6515625 0.2390625 0.0078125 0.0265625