4 0.88359375 0.7765625 0.0515625 0.165625
4 0.50234375 0.4734375 0.0265625 0.1125
4 0.38046875 0.3859375 0.025 0.078125
4 0.36875 0.32734375 0.0171875 0.05
4 0.39921875 0.2953125 0.0109375 0.0390625
4 0.425 0.278125 0.0109375 0.0296875
4 0.43359375 0.27109375 0.0078125 0.025
4 0.43515625 0.25859375 0.0078125 0.025
4 0.41796875 0.25546875 0.0078125 0.025
4 0.40234375 0.253125 0.00625 0.021875
4 0.384375 0.25078125 0.00625 0.0203125
4 0.36484375 0.25078125 0.00625 0.0203125
4 0.334375 0.24921875 0.0046875 0.0203125
0 0.33203125 0.26875 0.009375 0.025
0 0.31640625 0.27890625 0.009375 0.0296875
0 0.3234375 0.26328125 0.0078125 0.025
0 0.3 0.26015625 0.0078125 0.025
4 0.30625 0.25 0.00625 0.0203125
0 0.271875 0.26015625 0.009375 0.025
0 0.26796875 0.29375 0.0125 0.0359375
0 0.2203125 0.31171875 0.015625 0.04375
0 0.2328125 0.26328125 0.009375 0.025
4 0.2375 0.25390625 0.00625 0.0203125
4 0.18359375 0.25859375 0.00625 0.021875
0 0.19375 0.26875 0.009375 0.0265625
4 0.14453125 0.26328125 0.009375 0.025
0 0.1375 0.27734375 0.0109375 0.0296875
0 0.140625 0.35625 0.025 0.065625