4 0.77890625 0.77734375 0.08125 0.1984375
4 0.6421875 0.44296875 0.0390625 0.10625
4 0.60390625 0.35078125 0.0234375 0.065625
4 0.5578125 0.3140625 0.0171875 0.0515625
4 0.5109375 0.29453125 0.015625 0.04375
4 0.4578125 0.28125 0.0140625 0.040625
4 0.40234375 0.275 0.0140625 0.040625
4 0.34765625 0.26953125 0.0140625 0.0390625
4 0.278125 0.26796875 0.015625 0.0421875
4 0.18671875 0.2703125 0.0171875 0.046875
0 0.084375 0.3296875 0.01875 0.065625
0 0.234375 0.31875 0.0296875 0.0671875
0 0.33203125 0.328125 0.025 0.0640625
0 0.36640625 0.38203125 0.03125 0.0859375
0 0.184375 0.5734375 0.084375 0.1953125