0 0.1453125 0.71953125 0.096875 0.21875
0 0.1484375 0.515625 0.0453125 0.109375
4 0.296875 0.35859375 0.0171875 0.046875
4 0.5609375 0.28046875 0.0125 0.03125
4 0.62109375 0.2578125 0.0109375 0.03125
4 0.4625 0.35859375 0.021875 0.0609375
4 0.56953125 0.3734375 0.0296875 0.0828125
4 0.803125 0.50703125 0.075 0.171875
4 0.0453125 0.3890625 0.0109375 0.0328125
0 0.08671875 0.365625 0.0109375 0.0265625
4 0.12421875 0.36171875 0.0125 0.0328125
4 0.1359375 0.3921875 0.0171875 0.04375
0 0.16484375 0.34296875 0.009375 0.0234375
4 0.1796875 0.34609375 0.0125 0.03125
4 0.21171875 0.37265625 0.0171875 0.0453125
4 0.2265625 0.334375 0.009375 0.028125
4 0.2703125 0.32578125 0.009375 0.028125
4 0.3109375 0.3203125 0.009375 0.0296875
4 0.33203125 0.32109375 0.0109375 0.0296875
4 0.3640625 0.31796875 0.0109375 0.0328125
4 0.37578125 0.35 0.01875 0.0453125
4 0.41484375 0.3140625 0.0140625 0.0375
4 0.4796875 0.3 0.0125 0.0359375
4 0.86484375 0.31953125 0.0375 0.0859375
4 0.8328125 0.28125 0.0265625 0.0640625
4 0.725 0.246875 0.015625 0.0390625
4 0.6703125 0.246875 0.0125 0.03125
0 0.88046875 0.22109375 0.0171875 0.0421875
0 0.79765625 0.221875 0.0109375 0.028125
4 0.78046875 0.25390625 0.01875 0.046875
0 0.59921875 0.24453125 0.0078125 0.021875
0 0.66015625 0.23125 0.0078125 0.025
0 0.51640625 0.27109375 0.009375 0.025
0 0.428125 0.29140625 0.009375 0.0265625
0 0.40390625 0.29296875 0.0078125 0.025
0 0.3796875 0.29375 0.00625 0.0203125
0 0.3453125 0.29453125 0.00625 0.01875
0 0.725 0.22578125 0.009375 0.0265625
0 0.55703125 0.2546875 0.009375 0.025
0 0.475 0.278125 0.0109375 0.0296875
0 0.3046875 0.3015625 0.009375 0.025
0 0.2640625 0.309375 0.0078125 0.0234375
0 0.21640625 0.32421875 0.009375 0.025