4 0.52421875 0.2390625 0.0046875 0.0140625
0 0.3109375 0.28828125 0.0078125 0.025
4 0.36875 0.28203125 0.009375 0.025
4 0.70625 0.2359375 0.0078125 0.021875
0 0.2640625 0.3125 0.009375 0.0296875
4 0.36015625 0.2984375 0.0109375 0.0265625
4 0.38359375 0.29921875 0.0125 0.034375
4 0.75703125 0.2421875 0.0109375 0.028125
4 0.81015625 0.24609375 0.0125 0.0328125
0 0.23671875 0.32890625 0.0125 0.034375
0 0.24609375 0.3390625 0.015625 0.040625
4 0.41015625 0.30234375 0.0140625 0.034375
4 0.45234375 0.30546875 0.0140625 0.0390625
4 0.50546875 0.31015625 0.0171875 0.046875
4 0.82890625 0.25625 0.0140625 0.0375
0 0.903125 0.24375 0.0140625 0.0328125
0 0.27421875 0.353125 0.0171875 0.0453125
0 0.3203125 0.3890625 0.025 0.0671875
4 0.890625 0.31796875 0.0328125 0.0734375
4 0.5875 0.375 0.0328125 0.0828125
0 0.19453125 0.596875 0.0609375 0.1546875
4 0.7578125 0.6078125 0.0859375 0.203125
0 0.29140625 0.29921875 0.009375 0.025
0 0.3265625 0.28125 0.00625 0.0203125
0 0.34296875 0.271875 0.00625 0.0203125
4 0.38359375 0.271875 0.00625 0.0203125
4 0.39453125 0.26796875 0.0078125 0.0203125
4 0.41328125 0.2609375 0.0046875 0.0171875
4 0.4328125 0.2578125 0.0046875 0.0171875
4 0.45234375 0.25390625 0.0046875 0.0171875
4 0.4765625 0.2484375 0.0046875 0.0171875
4 0.503125 0.24296875 0.0046875 0.0171875
4 0.82734375 0.28515625 0.0234375 0.0546875
4 0.81953125 0.26796875 0.0140625 0.040625
0 0.8046875 0.2359375 0.0078125 0.025
0 0.73203125 0.2296875 0.0078125 0.0203125
4 0.671875 0.23359375 0.0078125 0.021875
4 0.64453125 0.23046875 0.0078125 0.0203125
4 0.05390625 0.31015625 0.009375 0.021875
4 0.08203125 0.30546875 0.009375 0.0203125
4 0.03671875 0.265625 0.0109375 0.028125
4 0.20078125 0.27734375 0.0078125 0.01875
0 0.2140625 0.27890625 0.009375 0.021875
0 0.35546875 0.26875 0.00625 0.015625
0 0.378125 0.26171875 0.00625 0.01875
0 0.39453125 0.25859375 0.0046875 0.0171875
0 0.42578125 0.25234375 0.00625 0.0140625
0 0.40625 0.25625 0.0046875 0.0140625
0 0.4453125 0.2484375 0.00625 0.015625
0 0.46640625 0.2453125 0.0046875 0.0140625
0 0.4859375 0.24140625 0.0046875 0.0125
0 0.6671875 0.225 0.00625 0.0140625
0 0.65 0.225 0.0046875 0.0125
0 0.69140625 0.2265625 0.00625 0.01875
4 0.62421875 0.2265625 0.0046875 0.0125
4 0.15859375 0.27265625 0.00625 0.0140625
2 0.1125 0.2859375 0.009375 0.0203125
3 0.56484375 0.309375 0.0234375 0.0671875
3 0.51171875 0.28828125 0.01875 0.05
3 0.45546875 0.28203125 0.0125 0.0375
3 0.425 0.27734375 0.0109375 0.0359375
3 0.17109375 0.35078125 0.0171875 0.053125
3 0.19453125 0.3265625 0.0125 0.0375
3 0.22109375 0.4078125 0.0359375 0.096875
3 0.8140625 0.38984375 0.05625 0.1421875
3 0.76640625 0.2765625 0.0265625 0.0625
4 0.5421875 0.234375 0.00625 0.0140625
4 0.5484375 0.22890625 0.0046875 0.0125
0 0.6328125 0.221875 0.00625 0.015625
0 0.62109375 0.22109375 0.0046875 0.0125
0 0.6078125 0.2203125 0.003125 0.0125
4 0.59453125 0.225 0.0046875 0.0140625
4 0.58828125 0.2234375 0.00625 0.0140625
4 0.57890625 0.2234375 0.0046875 0.0140625
4 0.5546875 0.23203125 0.00625 0.0140625
0 0.5109375 0.23515625 0.0046875 0.0140625
4 0.35859375 0.290625 0.009375 0.025
2 0.140625 0.2796875 0.00625 0.015625