0 0.1921875 0.55859375 0.0390625 0.14453125
0 0.23203125 0.4328125 0.021875 0.08671875
0 0.25078125 0.359375 0.015625 0.05546875
0 0.24296875 0.334375 0.01015625 0.04296875
0 0.1703125 0.3265625 0.0109375 0.03828125
0 0.11953125 0.3265625 0.0109375 0.03359375
0 0.0625 0.3296875 0.00546875 0.0359375
4 0.121875 0.303125 0.00703125 0.02890625
4 0.2078125 0.296875 0.00703125 0.02890625
4 0.25390625 0.29453125 0.00703125 0.02890625
4 0.3046875 0.2921875 0.00703125 0.03125
4 0.3390625 0.29296875 0.0078125 0.02890625
4 0.378125 0.2984375 0.00859375 0.03359375
4 0.42890625 0.31640625 0.009375 0.04296875
4 0.46328125 0.34375 0.01171875 0.0578125
4 0.534375 0.40390625 0.02265625 0.084375
4 0.75859375 0.6421875 0.06328125 0.2015625