0 0.14375 0.57265625 0.0609375 0.1625
0 0.13671875 0.4421875 0.0328125 0.0921875
4 0.37109375 0.328125 0.0109375 0.0453125
4 0.4140625 0.30546875 0.009375 0.0296875
4 0.45234375 0.346875 0.015625 0.053125
4 0.76953125 0.32421875 0.0125 0.053125
4 0.54296875 0.36953125 0.01875 0.0625
4 0.7796875 0.3546875 0.01875 0.0640625
4 0.6875 0.46875 0.0375 0.1171875
4 0.1125 0.33984375 0.015625 0.0484375
4 0.0953125 0.31171875 0.0125 0.034375
0 0.140625 0.29375 0.009375 0.0265625
4 0.159375 0.303125 0.009375 0.03125
4 0.1984375 0.33203125 0.0140625 0.0421875
4 0.2140625 0.29609375 0.009375 0.03125
4 0.2640625 0.29296875 0.009375 0.034375
4 0.29140625 0.3296875 0.0140625 0.0484375
4 0.30625 0.2984375 0.009375 0.034375
4 0.3296875 0.29921875 0.0078125 0.034375
4 0.3625 0.30546875 0.0078125 0.0296875
4 0.740625 0.296875 0.009375 0.040625
4 0.7 0.28671875 0.0078125 0.0296875
4 0.65703125 0.28125 0.0078125 0.028125
0 0.928125 0.32109375 0.0140625 0.0515625
0 0.871875 0.2921875 0.009375 0.0359375
0 0.825 0.28515625 0.009375 0.034375
0 0.7640625 0.275 0.0078125 0.025
0 0.70625 0.26875 0.00625 0.0203125
4 0.61171875 0.28359375 0.0078125 0.0296875
4 0.55390625 0.2921875 0.0078125 0.03125
4 0.47734375 0.3 0.009375 0.034375
0 0.5171875 0.28046875 0.00625 0.0265625
0 0.4296875 0.2859375 0.00625 0.025
0 0.40546875 0.28515625 0.0078125 0.025
0 0.38046875 0.28125 0.0078125 0.025
0 0.653125 0.26640625 0.0046875 0.021875
0 0.59765625 0.265625 0.0046875 0.0203125
0 0.55703125 0.2734375 0.0046875 0.0234375
0 0.478125 0.28359375 0.00625 0.025
0 0.2015625 0.2875 0.0078125 0.025
0 0.2578125 0.27890625 0.00625 0.0234375
0 0.303125 0.2765625 0.0046875 0.0203125
0 0.34609375 0.27578125 0.0046875 0.0203125