0 0.41875 0.27734375 0.009375 0.025
4 0.51015625 0.2578125 0.0109375 0.028125
4 0.65859375 0.23125 0.0109375 0.0265625
0 0.82109375 0.21640625 0.0109375 0.0265625
4 0.8421875 0.2296875 0.015625 0.0359375
4 0.5640625 0.309375 0.0203125 0.0546875
0 0.27109375 0.54609375 0.059375 0.134375
0 0.38515625 0.334375 0.01875 0.046875
0 0.4046875 0.29765625 0.0125 0.034375
1 0.4109375 0.27734375 0.0109375 0.0453125
0 0.42421875 0.265625 0.0078125 0.0203125
0 0.396875 0.2578125 0.00625 0.01875
0 0.378125 0.259375 0.00625 0.0171875
4 0.72109375 0.47421875 0.0609375 0.14375
4 0.52734375 0.27109375 0.0125 0.0359375
1 0.52109375 0.253125 0.0109375 0.04375
4 0.503125 0.24921875 0.009375 0.0234375
4 0.49609375 0.2421875 0.0078125 0.0203125
4 0.478125 0.23828125 0.0078125 0.01875
4 0.45859375 0.23984375 0.0078125 0.0203125
4 0.44140625 0.24375 0.00625 0.01875
4 0.42734375 0.2453125 0.00625 0.0171875
4 0.409375 0.24453125 0.00625 0.015625
4 0.61171875 0.23046875 0.0109375 0.0265625
4 0.5828125 0.2296875 0.0078125 0.0234375
4 0.578125 0.225 0.0078125 0.0203125
4 0.5984375 0.2171875 0.00625 0.0203125
4 0.61875 0.2109375 0.0046875 0.0140625
4 0.58515625 0.2203125 0.00625 0.0203125
0 0.64453125 0.21796875 0.00625 0.0203125
0 0.6484375 0.21953125 0.0078125 0.0234375
0 0.6765625 0.221875 0.0078125 0.025
1 0.51796875 0.2546875 0.009375 0.04375
3 0.58828125 0.29296875 0.025 0.0671875
3 0.5984375 0.25390625 0.015625 0.04375
3 0.77734375 0.240625 0.0203125 0.0546875
3 0.775 0.20703125 0.0125 0.03125
3 0.6734375 0.22890625 0.0140625 0.0390625
3 0.7015625 0.21328125 0.0109375 0.0328125
3 0.5625 0.2390625 0.0125 0.034375
3 0.5359375 0.23515625 0.009375 0.0296875
3 0.56796875 0.21953125 0.0078125 0.0234375
1 0.40859375 0.28125 0.0125 0.0484375