4 0.78671875 0.44453125 0.075 0.1671875
4 0.61953125 0.346875 0.0390625 0.09375
4 0.54609375 0.30390625 0.0265625 0.065625
4 0.51875 0.27734375 0.01875 0.0421875
4 0.5171875 0.259375 0.0140625 0.034375
4 0.55703125 0.2421875 0.0140625 0.0359375
4 0.609375 0.2265625 0.0140625 0.034375
4 0.6765625 0.2046875 0.015625 0.034375
0 0.32109375 0.56953125 0.06875 0.1484375
0 0.3625 0.41640625 0.0328125 0.0796875
0 0.38046875 0.35078125 0.021875 0.0546875
0 0.390625 0.31875 0.015625 0.0375
0 0.40546875 0.29609375 0.0140625 0.034375
0 0.4328125 0.27421875 0.0109375 0.025
0 0.47890625 0.2546875 0.009375 0.025
0 0.52109375 0.2375 0.009375 0.025
0 0.57734375 0.21796875 0.009375 0.025
0 0.6390625 0.1984375 0.0109375 0.0265625
0 0.71640625 0.17734375 0.0140625 0.03125
2 0.76171875 0.18515625 0.0203125 0.0421875
2 0.80234375 0.16015625 0.0171875 0.0359375
2 0.871875 0.1671875 0.0234375 0.0515625