2 0.7640625 0.78203125 0.0953125 0.18125
2 0.58984375 0.56640625 0.0453125 0.090625
2 0.5671875 0.49453125 0.028125 0.0578125
4 0.58984375 0.48984375 0.028125 0.0578125
2 0.56875 0.46875 0.0234375 0.046875
1 0.5671875 0.44453125 0.0265625 0.065625
1 0.56171875 0.440625 0.0171875 0.065625
2 0.55 0.4421875 0.0171875 0.0375
4 0.5453125 0.4375 0.0140625 0.034375
2 0.1390625 0.6296875 0.090625 0.1484375
2 0.26796875 0.5015625 0.05 0.08125
2 0.35 0.459375 0.0328125 0.0609375
2 0.37734375 0.43984375 0.025 0.0515625
1 0.4 0.41953125 0.028125 0.065625
1 0.41015625 0.41640625 0.01875 0.0625
2 0.42421875 0.421875 0.0171875 0.0375
0 0.4421875 0.41953125 0.0171875 0.0328125
0 0.33359375 0.44921875 0.025 0.0546875
2 0.2375 0.43203125 0.0265625 0.0546875
2 0.07890625 0.40390625 0.0234375 0.0515625