4 0.5265625 0.24453125 0.0078125 0.0203125
0 0.72265625 0.2171875 0.00625 0.0203125
0 0.446875 0.26953125 0.0078125 0.025
4 0.75703125 0.2234375 0.009375 0.025
4 0.7765625 0.22578125 0.009375 0.0265625
4 0.78671875 0.2328125 0.0140625 0.034375
0 0.82109375 0.21796875 0.0078125 0.021875
4 0.5671875 0.27734375 0.0125 0.0375
0 0.89375 0.221875 0.0140625 0.0390625
0 0.4328125 0.3 0.0125 0.034375
4 0.80390625 0.26875 0.01875 0.05
0 0.41328125 0.3515625 0.021875 0.05625
4 0.63046875 0.3265625 0.0265625 0.0640625
4 0.87734375 0.2890625 0.028125 0.0671875
0 0.3484375 0.509375 0.05 0.1234375
4 0.925 0.53828125 0.0671875 0.184375
4 0.77578125 0.253125 0.0140625 0.0390625
4 0.7140625 0.2234375 0.009375 0.0234375
4 0.5390625 0.25625 0.0078125 0.025
1 0.52265625 0.2359375 0.009375 0.0296875
4 0.51640625 0.2390625 0.00625 0.0203125
4 0.51328125 0.234375 0.0046875 0.0171875
4 0.509375 0.23125 0.0046875 0.0140625
0 0.4515625 0.25859375 0.00625 0.0203125
1 0.45234375 0.25 0.009375 0.0328125
4 0.48046875 0.23046875 0.0046875 0.0140625
4 0.49609375 0.22890625 0.00625 0.015625
4 0.61640625 0.22265625 0.0078125 0.021875
0 0.67421875 0.2171875 0.00625 0.021875
0 0.7703125 0.21640625 0.0078125 0.021875
0 0.63671875 0.21953125 0.00625 0.0171875