1 0.52109375 0.33828125 0.0296875 0.10625
1 0.54375 0.32578125 0.0265625 0.0984375
1 0.75234375 0.38203125 0.0296875 0.128125
1 0.74140625 0.40859375 0.0453125 0.146875
0 0.5734375 0.325 0.01875 0.0546875
0 0.60078125 0.3 0.0125 0.040625
4 0.68828125 0.2890625 0.009375 0.0296875
4 0.725 0.3078125 0.015625 0.04375
4 0.8421875 0.3015625 0.0125 0.0375
0 0.43984375 0.403125 0.03125 0.090625
4 0.74609375 0.33125 0.015625 0.053125
4 0.75546875 0.56640625 0.06875 0.16875
0 0.59765625 0.27578125 0.0109375 0.0328125
0 0.5859375 0.26796875 0.0078125 0.0234375
0 0.58359375 0.25546875 0.0046875 0.0203125
0 0.60625 0.25390625 0.00625 0.01875
0 0.62421875 0.2484375 0.00625 0.0203125
0 0.653125 0.24921875 0.0046875 0.0171875
4 0.678125 0.27421875 0.0109375 0.034375
4 0.91640625 0.33828125 0.0203125 0.0515625
4 0.8265625 0.2859375 0.009375 0.0296875
4 0.81796875 0.27734375 0.009375 0.0265625
0 0.959375 0.3109375 0.009375 0.0265625
0 0.94921875 0.3 0.0109375 0.0265625
4 0.69140625 0.26328125 0.009375 0.025