0 0.18671875 0.60390625 0.0546875 0.16484375
0 0.27578125 0.45234375 0.02734375 0.09765625
0 0.353125 0.375 0.01875 0.06484375
0 0.4234375 0.33203125 0.01171875 0.0453125
0 0.48515625 0.31015625 0.0125 0.04296875
0 0.53984375 0.29296875 0.01015625 0.03828125
0 0.58671875 0.28125 0.009375 0.03359375
0 0.621875 0.27421875 0.00859375 0.02890625
0 0.64921875 0.26953125 0.00859375 0.0265625
0 0.66875 0.2609375 0.00703125 0.0265625
0 0.6609375 0.2546875 0.00703125 0.02421875
0 0.640625 0.25078125 0.00390625 0.0203125
0 0.62109375 0.2484375 0.00546875 0.01953125
4 0.62421875 0.47265625 0.02734375 0.115625
4 0.5765625 0.37109375 0.01875 0.071875
4 0.61640625 0.32890625 0.01640625 0.05390625
4 0.675 0.3109375 0.0125 0.0484375
4 0.7203125 0.2984375 0.01015625 0.040625
4 0.75546875 0.2875 0.0125 0.0375
4 0.78203125 0.27890625 0.01015625 0.0359375
4 0.79921875 0.271875 0.009375 0.03359375
4 0.80625 0.2640625 0.00859375 0.03125
4 0.79140625 0.25703125 0.0078125 0.02890625
4 0.75859375 0.25234375 0.00546875 0.02421875
4 0.71953125 0.2484375 0.00546875 0.0203125
4 0.6953125 0.24453125 0.00390625 0.01796875
0 0.69765625 0.23203125 0.003125 0.0140625
4 0.675 0.2421875 0.00546875 0.01796875
4 0.65859375 0.240625 0.003125 0.01953125
4 0.64296875 0.23828125 0.003125 0.0171875
0 0.12265625 0.396875 0.0203125 0.05390625
4 0.0765625 0.36875 0.0125 0.03828125
4 0.16640625 0.328125 0.0078125 0.02890625
0 0.21328125 0.34140625 0.01171875 0.03828125
0 0.26640625 0.309375 0.00859375 0.02734375
4 0.2703125 0.28515625 0.003125 0.0171875
0 0.3 0.290625 0.00703125 0.02421875
4 0.3046875 0.27421875 0.00390625 0.0171875
0 0.32578125 0.27890625 0.00546875 0.01953125
4 0.33203125 0.26953125 0.00390625 0.0140625
0 0.35234375 0.26953125 0.00546875 0.01953125