0 0.16640625 0.39453125 0.0359375 0.0890625
4 0.3640625 0.2984375 0.0140625 0.0421875
4 0.4125 0.31328125 0.015625 0.05
0 0.175 0.6484375 0.0890625 0.21875
0 0.2125 0.459375 0.046875 0.1234375
4 0.48046875 0.334375 0.0203125 0.0609375
4 0.590625 0.38046875 0.0265625 0.08125
4 0.6890625 0.296875 0.0109375 0.040625
4 0.77578125 0.61953125 0.0765625 0.1953125
0 0.12578125 0.353125 0.0265625 0.0640625
0 0.09453125 0.33046875 0.021875 0.05625
0 0.07734375 0.31640625 0.0109375 0.0421875
4 0.3140625 0.2890625 0.0109375 0.0375
4 0.26796875 0.28125 0.0109375 0.0359375
4 0.2390625 0.27265625 0.0109375 0.0328125
4 0.23359375 0.26796875 0.009375 0.0296875
0 0.90703125 0.33828125 0.021875 0.0578125
4 0.82421875 0.3734375 0.0265625 0.071875
0 0.8125 0.30390625 0.0125 0.0421875
4 0.7296875 0.328125 0.015625 0.0546875
1 0.77109375 0.27734375 0.0140625 0.053125
1 0.78515625 0.28125 0.015625 0.05625
0 0.740625 0.275 0.0078125 0.0296875
0 0.70234375 0.26015625 0.00625 0.0234375
1 0.675 0.275 0.0125 0.05625
1 0.6671875 0.271875 0.0109375 0.0546875
4 0.64609375 0.27109375 0.0078125 0.028125
4 0.6140625 0.259375 0.009375 0.0296875
4 0.59140625 0.253125 0.00625 0.025
4 0.56875 0.25078125 0.0046875 0.0234375
4 0.2765625 0.2578125 0.00625 0.025
4 0.3234375 0.2515625 0.00625 0.025
4 0.371875 0.246875 0.00625 0.0234375
0 0.40078125 0.240625 0.0046875 0.0140625
0 0.35078125 0.240625 0.0046875 0.0171875
2 0.41640625 0.2453125 0.00625 0.021875
2 0.440625 0.2375 0.00625 0.0203125
2 0.45625 0.2453125 0.00625 0.0203125
2 0.49296875 0.2453125 0.0046875 0.01875
0 0.6546875 0.2484375 0.0046875 0.01875
0 0.59921875 0.24296875 0.0046875 0.015625
0 0.553125 0.23984375 0.0046875 0.015625
4 0.5421875 0.246875 0.0046875 0.0203125
0 0.10546875 0.2765625 0.0078125 0.028125
0 0.17734375 0.2671875 0.00625 0.0203125
0 0.29765625 0.2453125 0.0046875 0.0171875
2 0.4765625 0.2375 0.0046875 0.01875
2 0.52109375 0.23984375 0.0046875 0.0140625