0 0.46484375 0.31875 0.0109375 0.0515625
0 0.3296875 0.53515625 0.0375 0.1515625
0 0.41875 0.3734375 0.0171875 0.07421875
4 0.6765625 0.32578125 0.01484375 0.06484375
4 0.75078125 0.30703125 0.01328125 0.05625
4 0.70546875 0.390625 0.0234375 0.09375
0 0.5203125 0.28515625 0.00859375 0.03984375
0 0.59375 0.2734375 0.00703125 0.0375
0 0.66328125 0.26640625 0.00625 0.03515625
0 0.7609375 0.2640625 0.00859375 0.0375
4 0.86953125 0.3140625 0.0171875 0.0625
0 0.88515625 0.26953125 0.0109375 0.03984375