0 0.46171875 0.259375 0.0125 0.028125
0 0.4203125 0.2890625 0.0171875 0.0390625
0 0.43203125 0.2703125 0.0125 0.03125
0 0.39375 0.3390625 0.03125 0.0703125
4 0.58984375 0.31796875 0.01875 0.05
4 0.63046875 0.3609375 0.028125 0.0671875
4 0.79296875 0.3859375 0.03125 0.06875
0 0.93203125 0.37578125 0.025 0.05
4 0.76171875 0.54140625 0.0703125 0.146875
0 0.29609375 0.5765625 0.0828125 0.196875
0 0.48515625 0.2546875 0.0125 0.025
0 0.53125 0.2578125 0.0109375 0.025
4 0.5484375 0.2796875 0.015625 0.0390625
4 0.55859375 0.27421875 0.0140625 0.034375
4 0.56328125 0.2984375 0.015625 0.0390625
0 0.56953125 0.26328125 0.009375 0.021875
4 0.58828125 0.27734375 0.0140625 0.03125
4 0.61484375 0.28984375 0.015625 0.0375
0 0.6171875 0.2671875 0.0078125 0.0203125
0 0.64296875 0.2734375 0.0109375 0.021875
4 0.65 0.303125 0.0171875 0.0390625
0 0.68203125 0.2828125 0.0109375 0.025
4 0.6875 0.33046875 0.0203125 0.05
0 0.70703125 0.29296875 0.0125 0.0296875
0 0.7515625 0.31171875 0.0140625 0.034375
0 0.80390625 0.33125 0.01875 0.04375