0 0.309375 0.44453125 0.03125 0.1015625
0 0.275 0.375 0.0234375 0.065625
4 0.48359375 0.31953125 0.015625 0.0515625
4 0.56953125 0.3578125 0.021875 0.0734375
4 0.69765625 0.4828125 0.04375 0.13125
0 0.2984375 0.5859375 0.0609375 0.1734375
0 0.28359375 0.33046875 0.0171875 0.0546875
0 0.33515625 0.29453125 0.0125 0.040625
4 0.47421875 0.2953125 0.0109375 0.0453125
4 0.52734375 0.28203125 0.0109375 0.040625
4 0.5828125 0.27734375 0.0109375 0.0390625
0 0.3921875 0.2765625 0.009375 0.0328125
4 0.7625 0.27734375 0.015625 0.04375
4 0.87734375 0.27109375 0.0140625 0.040625
4 0.94609375 0.26875 0.0171875 0.046875
0 0.690625 0.2546875 0.0078125 0.0296875
4 0.68359375 0.275 0.0125 0.0375
0 0.85 0.24609375 0.009375 0.0234375
0 0.62890625 0.25625 0.009375 0.03125
0 0.55234375 0.25625 0.0078125 0.025
0 0.515625 0.25859375 0.00625 0.0234375
0 0.45390625 0.265625 0.0078125 0.021875
0 0.775 0.2484375 0.0109375 0.0296875
0 0.9078125 0.24765625 0.0109375 0.028125