0 0.16875 0.36484375 0.025 0.0640625
0 0.21171875 0.3921875 0.03125 0.078125
4 0.38984375 0.3109375 0.015625 0.0453125
4 0.46640625 0.325 0.015625 0.0515625
4 0.5109375 0.2859375 0.009375 0.034375
4 0.5453125 0.29296875 0.0125 0.040625
4 0.553125 0.34453125 0.01875 0.059375
4 0.60546875 0.3078125 0.0125 0.04375
0 0.62109375 0.278125 0.009375 0.0359375
4 0.69375 0.3125 0.015625 0.0515625
0 0.2609375 0.496875 0.04375 0.13125
4 0.68203125 0.41640625 0.0328125 0.09375
0 0.07421875 0.35703125 0.015625 0.0578125
4 0.1671875 0.30234375 0.0140625 0.04375
4 0.26484375 0.3 0.0125 0.0390625
4 0.3296875 0.30234375 0.0140625 0.04375
4 0.48984375 0.278125 0.0109375 0.034375
0 0.684375 0.28203125 0.0125 0.0390625
0 0.74140625 0.28046875 0.0125 0.0390625
0 0.80546875 0.278125 0.0125 0.0390625
4 0.82578125 0.31796875 0.0203125 0.05625
4 0.92421875 0.578125 0.0328125 0.159375
4 0.93984375 0.31640625 0.021875 0.0546875
0 0.878125 0.27734375 0.0125 0.034375
0 0.5921875 0.27265625 0.0109375 0.034375
1 0.178125 0.26328125 0.0109375 0.04375
1 0.1875 0.26328125 0.0125 0.04375
1 0.2578125 0.25234375 0.0109375 0.0390625
1 0.26640625 0.25078125 0.009375 0.0390625
4 0.45234375 0.2703125 0.0078125 0.0296875
4 0.415625 0.265625 0.009375 0.034375
0 0.56328125 0.2640625 0.0078125 0.028125
0 0.52890625 0.2578125 0.0046875 0.021875
0 0.4890625 0.25546875 0.0046875 0.0171875
0 0.45234375 0.253125 0.0046875 0.0203125
4 0.378125 0.26796875 0.0078125 0.0296875
0 0.37109375 0.2578125 0.00625 0.0203125
0 0.41171875 0.2546875 0.00625 0.021875
4 0.3375 0.26796875 0.0078125 0.0265625
0 0.31796875 0.26015625 0.00625 0.0203125
4 0.2828125 0.2734375 0.0078125 0.028125
0 0.28125 0.259375 0.0046875 0.0203125
4 0.23671875 0.27421875 0.009375 0.03125
4 0.2015625 0.271875 0.009375 0.028125
4 0.10078125 0.271875 0.009375 0.025
4 0.1484375 0.2703125 0.009375 0.0265625
0 0.1390625 0.259375 0.0078125 0.021875
0 0.19765625 0.25390625 0.00625 0.0203125
0 0.2359375 0.2546875 0.00625 0.0203125