3 0.37734375 0.25078125 0.00625 0.02265625
3 0.39296875 0.25546875 0.00703125 0.0296875
3 0.41953125 0.2609375 0.00703125 0.03359375
3 0.446875 0.2671875 0.00859375 0.0375
3 0.4828125 0.27734375 0.0109375 0.04296875
3 0.51484375 0.27734375 0.0125 0.053125
0 0.50390625 0.26953125 0.00703125 0.0296875
0 0.459375 0.2578125 0.00625 0.025
0 0.471875 0.26484375 0.00625 0.025
0 0.55 0.28359375 0.00703125 0.03359375
0 0.5890625 0.29375 0.00859375 0.0375
0 0.56875 0.31640625 0.0125 0.0484375
0 0.53359375 0.34453125 0.01640625 0.05859375
0 0.471875 0.37890625 0.01796875 0.0734375
0 0.3828125 0.43125 0.02890625 0.09609375
0 0.2359375 0.52578125 0.04453125 0.140625
0 0.0984375 0.63515625 0.05390625 0.19140625
3 0.21953125 0.3671875 0.02890625 0.08984375
3 0.325 0.30859375 0.01171875 0.053125
3 0.34140625 0.28515625 0.0109375 0.0421875
3 0.33671875 0.27109375 0.00703125 0.03515625
3 0.31953125 0.26171875 0.0078125 0.02890625
3 0.3078125 0.2546875 0.00625 0.02421875
3 0.36484375 0.2484375 0.00546875 0.0265625
4 0.8640625 0.5796875 0.0578125 0.16953125
4 0.8359375 0.4484375 0.0390625 0.1078125
4 0.7953125 0.365625 0.02578125 0.0734375
4 0.7640625 0.32890625 0.01640625 0.05390625
4 0.7328125 0.303125 0.0125 0.0421875
4 0.815625 0.28515625 0.009375 0.0328125
4 0.690625 0.28515625 0.009375 0.0375
4 0.71953125 0.2703125 0.00703125 0.02890625
4 0.625 0.26015625 0.00546875 0.02265625
4 0.6078125 0.26953125 0.00703125 0.02734375
4 0.59609375 0.2578125 0.00390625 0.02265625
4 0.559375 0.2625 0.00625 0.025
4 0.5734375 0.25625 0.0046875 0.02421875
4 0.54140625 0.259375 0.00546875 0.025
4 0.53203125 0.25859375 0.00625 0.02421875
4 0.5515625 0.25625 0.00546875 0.025
4 0.64765625 0.27578125 0.00859375 0.0328125
4 0.65859375 0.2640625 0.00546875 0.025
0 0.76171875 0.27109375 0.00625 0.02265625
0 0.840625 0.28046875 0.0078125 0.025
4 0.92734375 0.7703125 0.02421875 0.12265625
4 0.53828125 0.25546875 0.003125 0.0203125
0 0.69375 0.26171875 0.00390625 0.0203125
0 0.65078125 0.25703125 0.003125 0.01953125