4 0.4140625 0.271875 0.0078125 0.025
4 0.43671875 0.27265625 0.009375 0.025
4 0.46875 0.275 0.009375 0.0265625
4 0.50703125 0.27421875 0.0109375 0.03125
4 0.71796875 0.2546875 0.0125 0.034375
0 0.39296875 0.31328125 0.0125 0.0390625
4 0.55234375 0.29921875 0.0140625 0.0390625
4 0.73125 0.26875 0.0140625 0.0421875
0 0.859375 0.25390625 0.015625 0.0390625
4 0.77734375 0.2890625 0.0203125 0.0546875
0 0.91484375 0.27734375 0.0125 0.040625
4 0.5921875 0.3421875 0.0234375 0.0640625
4 0.6859375 0.45390625 0.0484375 0.1234375
1 0.80546875 0.51640625 0.109375 0.2859375
1 0.1109375 0.7125 0.0953125 0.3265625
1 0.17265625 0.6171875 0.1140625 0.2859375
0 0.3046875 0.4796875 0.0390625 0.1078125
0 0.3734375 0.3625 0.01875 0.059375
0 0.3484375 0.30078125 0.0109375 0.034375
0 0.3203125 0.2953125 0.009375 0.0265625
1 0.8796875 0.58125 0.1375 0.35
4 0.39453125 0.271875 0.0078125 0.025
4 0.390625 0.2671875 0.0046875 0.0203125
4 0.39765625 0.26328125 0.0046875 0.0203125
4 0.40703125 0.25703125 0.00625 0.0203125
4 0.72890625 0.246875 0.0109375 0.034375
0 0.8078125 0.23125 0.009375 0.025
0 0.746875 0.2265625 0.00625 0.0203125
0 0.69765625 0.2234375 0.00625 0.0203125
0 0.66796875 0.22109375 0.0046875 0.015625
0 0.64921875 0.21875 0.0046875 0.0140625
0 0.63515625 0.21953125 0.00625 0.015625
0 0.3484375 0.26640625 0.0046875 0.01875
0 0.30625 0.2921875 0.0078125 0.0234375
0 0.3359375 0.275 0.00625 0.0234375
0 0.35859375 0.2640625 0.00625 0.0203125
0 0.36953125 0.2578125 0.00625 0.0203125
0 0.378125 0.253125 0.0046875 0.0171875
0 0.39765625 0.24765625 0.0046875 0.0140625
0 0.45546875 0.2375 0.0046875 0.0171875
0 0.4125 0.24453125 0.00625 0.0171875
0 0.4734375 0.23515625 0.00625 0.01875
0 0.49140625 0.23046875 0.0046875 0.015625
0 0.5125 0.22734375 0.00625 0.015625
0 0.50703125 0.2234375 0.003125 0.0140625
0 0.42109375 0.24140625 0.0046875 0.0171875
0 0.4375 0.24140625 0.0046875 0.0140625
4 0.4296875 0.246875 0.00625 0.0171875
4 0.4625 0.240625 0.00625 0.021875
4 0.4828125 0.2375 0.00625 0.01875
4 0.50546875 0.23359375 0.00625 0.0140625
4 0.52421875 0.23046875 0.0046875 0.0140625
4 0.628125 0.22265625 0.00625 0.01875
4 0.61171875 0.22109375 0.0046875 0.0140625
4 0.53984375 0.225 0.00625 0.0171875
4 0.59765625 0.21875 0.003125 0.0140625
4 0.64765625 0.2265625 0.00625 0.015625
4 0.67109375 0.2265625 0.0078125 0.0203125
4 0.70625 0.23203125 0.009375 0.0265625
4 0.74296875 0.240625 0.0109375 0.0296875
4 0.7375 0.23359375 0.0078125 0.0234375
4 0.55078125 0.22109375 0.00625 0.0203125
4 0.546875 0.21953125 0.0046875 0.0203125