2 0.56875 0.671875 0.0875 0.146875
4 0.57421875 0.590625 0.0390625 0.071875
2 0.5453125 0.5890625 0.0453125 0.0796875
2 0.553125 0.56796875 0.0359375 0.0625
1 0.553125 0.5453125 0.0421875 0.0796875
2 0.53359375 0.5453125 0.025 0.04375
4 0.52890625 0.54140625 0.0203125 0.0390625
2 0.1125 0.4921875 0.0921875 0.1234375
2 0.15 0.4421875 0.040625 0.06875
2 0.2734375 0.49453125 0.0515625 0.078125
0 0.25859375 0.48203125 0.0390625 0.06875
2 0.32421875 0.4921875 0.0375 0.0609375
1 0.35859375 0.48046875 0.0453125 0.0796875
1 0.375 0.4828125 0.028125 0.071875
2 0.3921875 0.49609375 0.025 0.04375
0 0.41484375 0.5015625 0.021875 0.0375