0 0.35390625 0.26171875 0.0046875 0.0203125
4 0.42578125 0.26171875 0.00625 0.01875
4 0.44609375 0.2625 0.00625 0.0203125
4 0.4734375 0.26484375 0.0078125 0.0234375
4 0.50546875 0.265625 0.0078125 0.0234375
4 0.68671875 0.26875 0.009375 0.03125
4 0.6984375 0.253125 0.0078125 0.025
0 0.7734375 0.24609375 0.00625 0.021875
0 0.36875 0.28125 0.0078125 0.0296875
0 0.4078125 0.290625 0.009375 0.0296875
4 0.5390625 0.28359375 0.0109375 0.034375
4 0.71171875 0.28125 0.0140625 0.04375
0 0.39375 0.3203125 0.0140625 0.04375
4 0.55859375 0.31171875 0.0140625 0.0453125
4 0.8046875 0.3046875 0.01875 0.0515625
0 0.91875 0.2953125 0.0203125 0.046875
0 0.353125 0.378125 0.021875 0.06875
4 0.5953125 0.3671875 0.021875 0.0734375
1 0.634375 0.37734375 0.034375 0.1375
1 0.30078125 0.41640625 0.0421875 0.1484375
1 0.6546875 0.3953125 0.04375 0.15625
1 0.271875 0.446875 0.0515625 0.1671875
4 0.73984375 0.54609375 0.059375 0.1609375
0 0.18203125 0.60625 0.059375 0.16875
0 0.34296875 0.27734375 0.0078125 0.025
0 0.3296875 0.27421875 0.0078125 0.025
0 0.33984375 0.2671875 0.0046875 0.0203125
0 0.79453125 0.265625 0.009375 0.0296875
0 0.803125 0.25859375 0.0078125 0.0265625
0 0.8078125 0.25390625 0.00625 0.0265625
4 0.68203125 0.259375 0.0078125 0.0296875
4 0.41875 0.24765625 0.0046875 0.0171875
4 0.43984375 0.24375 0.003125 0.0140625
4 0.4546875 0.24296875 0.003125 0.0140625
4 0.4703125 0.23984375 0.003125 0.0140625
4 0.4890625 0.23671875 0.003125 0.0140625
4 0.51171875 0.23515625 0.003125 0.0140625
3 0.71015625 0.32265625 0.025 0.0796875
3 0.61953125 0.28359375 0.015625 0.053125
3 0.6546875 0.253125 0.0109375 0.0359375
4 0.4078125 0.26015625 0.00625 0.0203125