0 0.17890625 0.79609375 0.0734375 0.171875
1 0.3484375 0.5515625 0.09375 0.246875
1 0.37890625 0.51484375 0.0703125 0.2171875
0 0.4828125 0.41484375 0.0328125 0.0890625
0 0.5359375 0.334375 0.0203125 0.0546875
0 0.5796875 0.29453125 0.015625 0.0421875
0 0.615625 0.2765625 0.0140625 0.0375
0 0.66015625 0.259375 0.0125 0.0328125
0 0.6796875 0.24765625 0.009375 0.028125
0 0.67421875 0.240625 0.0078125 0.025
0 0.66640625 0.23125 0.0078125 0.021875
0 0.65546875 0.22734375 0.00625 0.01875
1 0.934375 0.615625 0.0953125 0.31875
4 0.821875 0.46796875 0.0578125 0.146875
4 0.7453125 0.33515625 0.0296875 0.0734375
4 0.778125 0.28984375 0.0234375 0.0578125
4 0.8390625 0.26953125 0.021875 0.053125
4 0.8296875 0.2484375 0.0140625 0.040625
4 0.80078125 0.2328125 0.0125 0.034375
4 0.77421875 0.2234375 0.0109375 0.0296875
4 0.75625 0.21875 0.0109375 0.025
4 0.72265625 0.21640625 0.00625 0.0203125
4 0.69609375 0.21640625 0.00625 0.01875
4 0.67421875 0.2171875 0.00625 0.01875
4 0.64609375 0.2203125 0.0046875 0.015625
4 0.62265625 0.221875 0.00625 0.0171875
0 0.61953125 0.228125 0.0046875 0.0140625
0 0.59765625 0.228125 0.00625 0.015625
0 0.0640625 0.44921875 0.028125 0.0609375
4 0.13359375 0.36484375 0.015625 0.034375
4 0.159375 0.34609375 0.0125 0.03125
0 0.19140625 0.375 0.0171875 0.04375
4 0.18828125 0.32890625 0.009375 0.025
0 0.24765625 0.3359375 0.0125 0.03125
4 0.2390625 0.3109375 0.0078125 0.021875
0 0.2734375 0.315625 0.009375 0.025
0 0.28671875 0.30625 0.0078125 0.0203125
4 0.28671875 0.2953125 0.00625 0.0203125
0 0.33515625 0.29140625 0.00625 0.0171875
4 0.38046875 0.27265625 0.00625 0.0203125
0 0.39609375 0.2765625 0.00625 0.01875
4 0.42265625 0.2625 0.00625 0.01875
0 0.4484375 0.26328125 0.00625 0.0171875
4 0.33359375 0.28125 0.00625 0.01875
4 0.45078125 0.25390625 0.00625 0.01875
4 0.47578125 0.2453125 0.0046875 0.015625
4 0.503125 0.23984375 0.0046875 0.0140625
4 0.521875 0.23515625 0.00625 0.015625
4 0.5546875 0.2296875 0.00625 0.015625
4 0.5859375 0.225 0.00625 0.015625
0 0.5765625 0.23046875 0.00625 0.015625
0 0.55078125 0.234375 0.0046875 0.015625
0 0.52890625 0.2375 0.00625 0.015625
0 0.509375 0.2421875 0.00625 0.0171875
0 0.49375 0.2484375 0.00625 0.0171875
0 0.47578125 0.2546875 0.00625 0.01875
4 0.0453125 0.415625 0.009375 0.0359375