0 0.18359375 0.51015625 0.0671875 0.15625
0 0.24765625 0.38515625 0.0375 0.0953125
0 0.27421875 0.33046875 0.0265625 0.0671875
0 0.31875 0.2875 0.0140625 0.04375
0 0.31640625 0.2671875 0.0109375 0.03125
0 0.1 0.240625 0.0109375 0.0265625
1 0.11640625 0.2296875 0.0140625 0.0390625
1 0.12421875 0.22890625 0.0109375 0.0390625
4 0.715625 0.5796875 0.0703125 0.1734375
4 0.56640625 0.403125 0.0328125 0.090625
4 0.4859375 0.32890625 0.0203125 0.0609375
4 0.44609375 0.29140625 0.0140625 0.04375
4 0.42578125 0.2734375 0.0125 0.034375
4 0.40859375 0.259375 0.009375 0.0296875
4 0.39375 0.25 0.009375 0.0265625
4 0.3859375 0.240625 0.009375 0.025
4 0.3796875 0.23515625 0.00625 0.021875
4 0.37578125 0.22734375 0.00625 0.0203125
4 0.3703125 0.22578125 0.00625 0.0203125
4 0.36484375 0.22109375 0.00625 0.0203125
4 0.359375 0.21796875 0.00625 0.01875
4 0.34609375 0.21640625 0.0078125 0.0203125
0 0.1515625 0.2265625 0.009375 0.025
0 0.1796875 0.22109375 0.0078125 0.0234375
0 0.21484375 0.21953125 0.0078125 0.025
0 0.253125 0.2171875 0.00625 0.0171875
0 0.28359375 0.2203125 0.0078125 0.0203125
4 0.25 0.21484375 0.00625 0.0203125
4 0.27734375 0.21484375 0.00625 0.0171875
4 0.22109375 0.215625 0.00625 0.0203125
0 0.3140625 0.24921875 0.009375 0.0296875
3 0.7609375 0.68515625 0.1078125 0.30625
3 0.6171875 0.35 0.028125 0.090625
3 0.5921875 0.33125 0.025 0.0765625