4 0.6640625 0.48359375 0.0546875 0.115625
4 0.50078125 0.4 0.0390625 0.08125
4 0.34140625 0.37265625 0.0390625 0.0765625
4 0.16875 0.36171875 0.0453125 0.084375
4 0.1078125 0.271875 0.0203125 0.040625
4 0.1359375 0.2640625 0.0171875 0.034375
4 0.15234375 0.26328125 0.0109375 0.0265625
4 0.1609375 0.2546875 0.0125 0.028125
0 0.04453125 0.63125 0.0890625 0.20625
3 0.1875 0.309375 0.025 0.0625
3 0.2328125 0.25703125 0.015625 0.0375
3 0.26484375 0.2671875 0.0171875 0.0421875
3 0.31796875 0.28359375 0.021875 0.046875
3 0.33984375 0.32578125 0.0328125 0.0734375
3 0.40078125 0.29609375 0.021875 0.05
3 0.4765625 0.3359375 0.0296875 0.06875
3 0.49375 0.3046875 0.021875 0.05
3 0.63046875 0.31796875 0.01875 0.0453125
3 0.63828125 0.34921875 0.0296875 0.0671875
3 0.740625 0.328125 0.0203125 0.0453125
3 0.74921875 0.35859375 0.0296875 0.0625
3 0.8359375 0.33828125 0.0203125 0.0421875
3 0.86171875 0.36875 0.028125 0.059375
3 0.93125 0.34921875 0.021875 0.0421875
3 0.9703125 0.3796875 0.028125 0.05625
4 0.1484375 0.25234375 0.0109375 0.025
4 0.11328125 0.24453125 0.009375 0.0171875
3 0.3234375 0.23203125 0.0109375 0.021875
4 0.31328125 0.2296875 0.00625 0.0140625
4 0.33359375 0.22265625 0.0078125 0.0171875