0 0.3953125 0.49921875 0.053125 0.11875
0 0.48828125 0.35234375 0.0265625 0.059375
0 0.45625 0.31953125 0.01875 0.0421875
0 0.390625 0.328125 0.0171875 0.0390625
0 0.3171875 0.33671875 0.0140625 0.0328125
0 0.253125 0.34453125 0.0140625 0.028125
0 0.23203125 0.34375 0.0078125 0.0203125
0 0.22734375 0.33828125 0.0078125 0.0203125
0 0.23203125 0.33046875 0.00625 0.0140625
4 0.790625 0.45625 0.06875 0.146875
4 0.72109375 0.32109375 0.0375 0.0796875
4 0.646875 0.28046875 0.0234375 0.0484375
4 0.5828125 0.26875 0.01875 0.0375
4 0.515625 0.27109375 0.0140625 0.0328125
4 0.4453125 0.2859375 0.0140625 0.0296875
4 0.38046875 0.29921875 0.0109375 0.0265625
4 0.33515625 0.30625 0.0109375 0.025
4 0.315625 0.3046875 0.0109375 0.021875
4 0.30859375 0.30078125 0.00625 0.0171875
4 0.30390625 0.2984375 0.0078125 0.0203125
4 0.28671875 0.3 0.0078125 0.0171875
4 0.2640625 0.30546875 0.00625 0.0140625
4 0.24609375 0.309375 0.009375 0.0203125
4 0.20078125 0.32265625 0.009375 0.0203125
0 0.196875 0.3328125 0.0109375 0.0234375
0 0.16796875 0.3421875 0.0109375 0.0234375
0 0.134375 0.35078125 0.0109375 0.0234375
0 0.103125 0.3640625 0.0109375 0.0234375
4 0.13828125 0.3453125 0.009375 0.0203125
4 0.16875 0.33359375 0.009375 0.0203125
4 0.06875 0.37109375 0.0109375 0.0234375
0 0.0546875 0.39296875 0.0140625 0.028125
0 0.0796875 0.37734375 0.0125 0.025
0 0.21875 0.32734375 0.009375 0.0203125
4 0.22265625 0.31796875 0.009375 0.0203125