0 0.4578125 0.32578125 0.01875 0.059375
0 0.51328125 0.296875 0.015625 0.05
0 0.26484375 0.50859375 0.065625 0.1625
0 0.36015625 0.375 0.028125 0.0859375
4 0.6734375 0.359375 0.025 0.0640625
4 0.73828125 0.315625 0.015625 0.04375
4 0.76328125 0.3046875 0.0140625 0.04375
4 0.6625 0.42109375 0.0328125 0.09375
4 0.69296875 0.54921875 0.0578125 0.1578125
0 0.57421875 0.2890625 0.0140625 0.0390625
0 0.62578125 0.284375 0.0125 0.0359375
0 0.65078125 0.278125 0.0109375 0.034375
4 0.70625 0.328125 0.0203125 0.0546875
4 0.7703125 0.2953125 0.0125 0.034375
0 0.6578125 0.26953125 0.009375 0.0296875
4 0.91015625 0.3390625 0.021875 0.059375
4 0.87734375 0.3140625 0.0171875 0.04375
4 0.90234375 0.3046875 0.0140625 0.0390625
4 0.925 0.29765625 0.0140625 0.034375
4 0.75078125 0.28125 0.0109375 0.0296875
0 0.6453125 0.25859375 0.009375 0.0265625
0 0.621875 0.25234375 0.0078125 0.025
0 0.61171875 0.24453125 0.00625 0.0203125
0 0.6203125 0.2375 0.00625 0.015625
0 0.6421875 0.23828125 0.00625 0.01875
0 0.67421875 0.2390625 0.00625 0.01875
0 0.71328125 0.2421875 0.00625 0.01875
0 0.7390625 0.24453125 0.0078125 0.0203125
0 0.79453125 0.2515625 0.00625 0.0203125
0 0.83984375 0.26015625 0.0078125 0.021875
4 0.6890625 0.24921875 0.0078125 0.021875
4 0.69375 0.25390625 0.0078125 0.021875
4 0.7265625 0.2640625 0.0109375 0.0296875
4 0.7171875 0.25234375 0.0078125 0.0234375
4 0.75234375 0.25390625 0.009375 0.025
4 0.81640625 0.26484375 0.009375 0.028125
4 0.86796875 0.27109375 0.0109375 0.03125
0 0.92578125 0.2703125 0.0078125 0.0171875
4 0.96796875 0.28515625 0.0078125 0.0296875