0 0.1765625 0.7265625 0.071875 0.2078125
0 0.37421875 0.3953125 0.02109375 0.084375
0 0.390625 0.334375 0.01484375 0.0578125
0 0.36953125 0.31015625 0.01171875 0.0484375
0 0.315625 0.30546875 0.01015625 0.04296875
0 0.2109375 0.31953125 0.01328125 0.0484375
0 0.11328125 0.34375 0.01328125 0.053125
4 0.12265625 0.3078125 0.01171875 0.03828125
4 0.2171875 0.28828125 0.00859375 0.03359375
4 0.28671875 0.27890625 0.00859375 0.03125
4 0.35546875 0.27421875 0.00703125 0.02890625
4 0.4078125 0.2703125 0.0078125 0.03125
4 0.45625 0.27421875 0.00859375 0.03359375
4 0.790625 0.6296875 0.0578125 0.21171875
4 0.59375 0.35546875 0.01796875 0.071875
4 0.55 0.303125 0.0109375 0.0484375
4 0.503125 0.28125 0.00859375 0.03828125