0 0.18671875 0.49296875 0.06875 0.15
0 0.2515625 0.37890625 0.0390625 0.0890625
0 0.28515625 0.3109375 0.0265625 0.0578125
0 0.2828125 0.284375 0.01875 0.04375
0 0.21328125 0.26171875 0.01875 0.0390625
0 0.1640625 0.2515625 0.0171875 0.034375
0 0.1078125 0.2421875 0.0125 0.0359375
4 0.17109375 0.22890625 0.0125 0.0296875
4 0.25625 0.240625 0.0125 0.0296875
4 0.30234375 0.24765625 0.0125 0.0296875
4 0.35234375 0.25625 0.0140625 0.03125
4 0.3859375 0.2640625 0.0140625 0.0296875
4 0.42265625 0.27734375 0.015625 0.034375
4 0.46875 0.30546875 0.01875 0.04375
4 0.496875 0.33984375 0.0234375 0.059375
4 0.55390625 0.41328125 0.0390625 0.0875
4 0.7234375 0.69296875 0.103125 0.2109375