4 0.27421875 0.35078125 0.0203125 0.05
0 0.19609375 0.61640625 0.0734375 0.1609375
0 0.15078125 0.4875 0.0453125 0.0984375
4 0.4125 0.34453125 0.0234375 0.0578125
4 0.48984375 0.29375 0.0171875 0.0453125
4 0.5046875 0.34765625 0.0328125 0.071875
4 0.65703125 0.409375 0.0515625 0.11875
0 0.1125 0.4625 0.0375 0.0765625
4 0.11640625 0.38515625 0.01875 0.04375
4 0.21015625 0.3609375 0.0171875 0.04375
4 0.33203125 0.34375 0.0203125 0.05
4 0.2828125 0.3109375 0.0109375 0.0296875
4 0.321875 0.3015625 0.0109375 0.028125
4 0.3578125 0.29375 0.0109375 0.0265625
4 0.3953125 0.2890625 0.0125 0.034375
4 0.4328125 0.28828125 0.0140625 0.0359375
4 0.45390625 0.28984375 0.015625 0.0390625
4 0.55390625 0.29375 0.021875 0.053125
4 0.6484375 0.27734375 0.0234375 0.05625
4 0.79296875 0.2515625 0.0296875 0.065625
0 0.83671875 0.19296875 0.015625 0.0390625
0 0.759375 0.2125 0.015625 0.0390625
0 0.69296875 0.234375 0.015625 0.0390625
0 0.63203125 0.2453125 0.015625 0.04375
0 0.565625 0.25390625 0.0140625 0.040625
0 0.534375 0.2546875 0.0109375 0.03125
0 0.50625 0.2546875 0.0109375 0.0296875
0 0.4703125 0.25390625 0.009375 0.025
0 0.4296875 0.26015625 0.009375 0.025
4 0.2296875 0.328125 0.0125 0.0296875
4 0.18515625 0.3390625 0.0125 0.03125
4 0.15234375 0.3453125 0.0109375 0.028125
4 0.05625 0.365625 0.0140625 0.034375
4 0.103125 0.35390625 0.0109375 0.028125
0 0.09453125 0.34765625 0.0078125 0.0234375
1 0.12734375 0.33984375 0.0171875 0.046875
1 0.1359375 0.33671875 0.0171875 0.046875
0 0.15 0.3265625 0.009375 0.0203125
0 0.18515625 0.32109375 0.009375 0.021875
0 0.22890625 0.31328125 0.009375 0.028125
0 0.2625 0.30703125 0.0078125 0.0234375
0 0.31484375 0.29140625 0.0078125 0.0203125
0 0.35390625 0.278125 0.0078125 0.0203125
0 0.39375 0.26640625 0.0078125 0.0203125
1 0.20390625 0.31015625 0.0125 0.0359375
1 0.2125 0.30859375 0.0125 0.0375