3 0.81796875 0.5453125 0.1015625 0.203125
4 0.59765625 0.42890625 0.0515625 0.1140625
4 0.48203125 0.38671875 0.034375 0.0765625
4 0.40390625 0.37109375 0.0265625 0.0578125
4 0.32421875 0.36875 0.0203125 0.05
4 0.3265625 0.34609375 0.0171875 0.040625
4 0.3328125 0.32734375 0.015625 0.034375
4 0.37109375 0.3046875 0.0125 0.0296875
4 0.41015625 0.2859375 0.0125 0.028125
4 0.44296875 0.27109375 0.0109375 0.025
4 0.46953125 0.2578125 0.009375 0.0203125
4 0.4609375 0.25078125 0.00625 0.0203125
4 0.45234375 0.25 0.0078125 0.0203125
4 0.43515625 0.253125 0.00625 0.0140625
4 0.4140625 0.25625 0.00625 0.0140625
0 0.17109375 0.8109375 0.084375 0.1828125
0 0.171875 0.56875 0.0546875 0.1203125
0 0.13984375 0.49296875 0.0375 0.0765625
0 0.13828125 0.4484375 0.021875 0.0546875
0 0.0796875 0.42265625 0.0140625 0.034375
0 0.14453125 0.4265625 0.0203125 0.05
0 0.1796875 0.39609375 0.01875 0.0390625
0 0.16875 0.3703125 0.0109375 0.025
4 0.1625 0.3578125 0.009375 0.0203125
0 0.21171875 0.37109375 0.015625 0.0375
1 0.21171875 0.32578125 0.009375 0.0265625
1 0.21640625 0.32421875 0.009375 0.025
0 0.2546875 0.3453125 0.0109375 0.0265625
0 0.296875 0.3203125 0.0109375 0.028125
1 0.271875 0.303125 0.009375 0.0265625
1 0.27421875 0.30078125 0.0078125 0.0234375
0 0.3390625 0.30234375 0.009375 0.0234375
0 0.37265625 0.2875 0.0078125 0.021875
0 0.39921875 0.27578125 0.0078125 0.0171875
0 0.40703125 0.26875 0.00625 0.015625
3 0.115625 0.48046875 0.034375 0.09375
3 0.09140625 0.4265625 0.01875 0.0515625
3 0.24140625 0.34453125 0.0140625 0.0375
3 0.353125 0.33203125 0.0171875 0.05
3 0.3890625 0.3 0.0125 0.040625
3 0.4671875 0.2671875 0.0125 0.034375
3 0.31796875 0.30234375 0.0125 0.0328125