0 0.35859375 0.40859375 0.0234375 0.0921875
0 0.41015625 0.3328125 0.0125 0.053125
0 0.43125 0.29921875 0.009375 0.0390625
0 0.44375 0.28046875 0.0078125 0.034375
4 0.77421875 0.68984375 0.065625 0.2375
4 0.62421875 0.415625 0.0296875 0.096875
4 0.58671875 0.3359375 0.0171875 0.0609375
4 0.5625 0.29921875 0.0109375 0.04375
4 0.54921875 0.278125 0.009375 0.0390625
4 0.53828125 0.26640625 0.00625 0.0296875
4 0.51484375 0.259375 0.00625 0.0265625
4 0.48671875 0.25703125 0.0046875 0.025
4 0.4546875 0.25546875 0.00625 0.025
4 0.4203125 0.25546875 0.00625 0.025
0 0.41171875 0.27109375 0.00625 0.0296875
4 0.38671875 0.25703125 0.00625 0.025
0 0.365625 0.27421875 0.00625 0.0296875
4 0.35 0.26171875 0.00625 0.025
0 0.309375 0.28203125 0.0078125 0.03125
4 0.30703125 0.2671875 0.00625 0.0265625
4 0.24765625 0.275 0.0078125 0.0296875
0 0.23046875 0.2984375 0.009375 0.0390625
4 0.14921875 0.2953125 0.0109375 0.0359375
0 0.11171875 0.3390625 0.0171875 0.053125
0 0.0859375 0.75078125 0.040625 0.1453125