0 0.79375 0.3296875 0.0171875 0.0390625
0 0.7546875 0.3484375 0.0203125 0.05
0 0.72734375 0.3640625 0.0234375 0.0578125
0 0.6671875 0.4 0.03125 0.078125
0 0.58125 0.44140625 0.0390625 0.1
0 0.19140625 0.70390625 0.0625 0.1671875
0 0.41015625 0.58359375 0.06875 0.18125
0 0.82734375 0.31640625 0.0140625 0.0375
0 0.84140625 0.3078125 0.0125 0.03125
0 0.8515625 0.30078125 0.009375 0.0265625
0 0.8640625 0.2984375 0.0078125 0.025
0 0.8796875 0.2984375 0.0078125 0.0203125
4 0.96484375 0.35390625 0.0140625 0.0375
4 0.96015625 0.340625 0.0125 0.034375
0 0.91953125 0.3 0.0109375 0.025
0 0.9484375 0.30546875 0.0109375 0.0265625
4 0.97109375 0.321875 0.0109375 0.03125