4 0.265625 0.3265625 0.0140625 0.034375
2 0.38359375 0.45546875 0.0421875 0.1078125
2 0.46640625 0.3609375 0.0234375 0.0640625
2 0.5265625 0.30703125 0.0171875 0.0546875
0 0.55625 0.28671875 0.0140625 0.040625
0 0.62421875 0.26796875 0.0109375 0.034375
2 0.7125 0.3296875 0.025 0.0640625
2 0.725 0.39375 0.0390625 0.0984375
2 0.8078125 0.59453125 0.0859375 0.2125
4 0.26484375 0.2578125 0.0109375 0.0296875
0 0.27265625 0.25546875 0.0125 0.0296875
0 0.2859375 0.3140625 0.0109375 0.03125
0 0.6765625 0.25390625 0.0109375 0.0296875
0 0.75078125 0.24375 0.0109375 0.03125
0 0.8671875 0.23671875 0.0125 0.034375
4 0.85546875 0.2609375 0.01875 0.04375
4 0.8015625 0.26640625 0.01875 0.04375
4 0.759375 0.278125 0.021875 0.046875
4 0.71484375 0.28984375 0.01875 0.05
4 0.34375 0.3078125 0.0140625 0.025
0 0.3625 0.3078125 0.015625 0.028125