4 0.15 0.56953125 0.0609375 0.125
4 0.22734375 0.56640625 0.0640625 0.134375
4 0.2546875 0.47890625 0.046875 0.1
4 0.29453125 0.41796875 0.0328125 0.0734375
4 0.3296875 0.38125 0.0265625 0.059375
0 0.36796875 0.4734375 0.04375 0.1078125
0 0.37109375 0.4171875 0.0328125 0.0734375
0 0.40078125 0.3734375 0.028125 0.0640625
0 0.43984375 0.34453125 0.021875 0.0546875
0 0.4640625 0.33359375 0.0203125 0.05
1 0.47109375 0.3078125 0.03125 0.0765625
1 0.5 0.28984375 0.0265625 0.065625
1 0.5265625 0.28515625 0.025 0.071875
1 0.5359375 0.296875 0.028125 0.0828125
4 0.546875 0.328125 0.021875 0.0609375
4 0.56015625 0.35078125 0.0296875 0.0734375
4 0.58203125 0.38203125 0.0375 0.0890625
4 0.62578125 0.4328125 0.053125 0.11875
0 0.58828125 0.29609375 0.021875 0.0546875
0 0.61484375 0.2984375 0.0234375 0.0609375
0 0.6421875 0.31484375 0.028125 0.0640625
0 0.69140625 0.35625 0.0328125 0.0875
0 0.70625 0.375 0.040625 0.1