0 0.4265625 0.278125 0.0109375 0.0234375
0 0.44453125 0.2625 0.0109375 0.0203125
4 0.48984375 0.259375 0.0125 0.025
4 0.534375 0.23515625 0.0109375 0.0203125
4 0.68359375 0.1984375 0.0109375 0.021875
0 0.42109375 0.29609375 0.0140625 0.03125
4 0.825 0.1765625 0.015625 0.028125
4 0.54765625 0.30625 0.025 0.0515625
0 0.3859375 0.4359375 0.0453125 0.0921875
4 0.62109375 0.365625 0.046875 0.090625
0 0.2671875 0.8109375 0.1015625 0.1890625
4 0.95078125 0.6265625 0.0984375 0.1875
4 0.51953125 0.28125 0.01875 0.0390625
4 0.5015625 0.26484375 0.015625 0.028125
0 0.4078125 0.340625 0.0234375 0.0484375
0 0.46796875 0.25390625 0.0078125 0.01875
4 0.50859375 0.24765625 0.0109375 0.0203125
4 0.5515625 0.22578125 0.0109375 0.0203125
4 0.6328125 0.203125 0.0109375 0.0203125
0 0.67265625 0.19296875 0.0078125 0.0171875
0 0.71015625 0.18984375 0.009375 0.01875
0 0.7828125 0.17734375 0.0109375 0.0203125
0 0.84375 0.1671875 0.0140625 0.025
1 0.58671875 0.203125 0.00625 0.0140625
1 0.58515625 0.20390625 0.00625 0.0140625
1 0.63828125 0.19296875 0.009375 0.021875
1 0.634375 0.19296875 0.009375 0.0203125
3 0.85703125 0.17421875 0.0203125 0.0375
3 0.77578125 0.184375 0.0140625 0.03125
3 0.6953125 0.1953125 0.0125 0.0265625
3 0.6484375 0.2 0.0109375 0.025
3 0.59296875 0.209375 0.0078125 0.0171875
3 0.56953125 0.21875 0.0109375 0.0234375
4 0.5390625 0.21875 0.0078125 0.015625
4 0.55546875 0.2171875 0.0078125 0.0171875
4 0.559375 0.21953125 0.009375 0.01875
3 0.48359375 0.23984375 0.0078125 0.015625
0 0.50390625 0.2328125 0.0078125 0.0171875
0 0.4953125 0.23359375 0.00625 0.0140625
0 0.49609375 0.240625 0.009375 0.01875
3 0.51484375 0.21953125 0.009375 0.0203125
4 0.51953125 0.22265625 0.0078125 0.015625
4 0.6109375 0.20390625 0.0078125 0.0171875
4 0.59609375 0.20390625 0.00625 0.0140625
4 0.58046875 0.20546875 0.0078125 0.015625
0 0.62578125 0.19453125 0.0078125 0.015625
3 0.56875 0.2078125 0.0078125 0.0203125
3 0.4375 0.2515625 0.0078125 0.0171875
0 0.44765625 0.24453125 0.0078125 0.015625
0 0.4703125 0.2421875 0.00625 0.0140625
3 0.47734375 0.240625 0.0078125 0.015625
3 0.39296875 0.2765625 0.015625 0.03125