4 0.734375 0.68359375 0.0984375 0.196875
4 0.69140625 0.4921875 0.05 0.1046875
4 0.675 0.42265625 0.0359375 0.0765625
4 0.65078125 0.3796875 0.0265625 0.05625
4 0.628125 0.34921875 0.021875 0.0484375
4 0.58671875 0.321875 0.0171875 0.0390625
4 0.5359375 0.30390625 0.0140625 0.0359375
4 0.47421875 0.28125 0.0140625 0.0328125
4 0.4328125 0.26875 0.0140625 0.0296875
4 0.3953125 0.25703125 0.0125 0.028125
4 0.36640625 0.2484375 0.0140625 0.028125
4 0.334375 0.2390625 0.0140625 0.0265625
4 0.2875 0.22734375 0.0140625 0.0265625
4 0.2296875 0.21875 0.0125 0.028125
0 0.0484375 0.5921875 0.0921875 0.2046875
0 0.28828125 0.43046875 0.0625 0.1171875
0 0.3765625 0.37421875 0.0390625 0.08125
0 0.4140625 0.3296875 0.028125 0.0609375
0 0.3890625 0.3046875 0.0234375 0.046875
0 0.33671875 0.28125 0.0234375 0.046875
0 0.28828125 0.26015625 0.0234375 0.0421875
0 0.25859375 0.25078125 0.01875 0.0390625
0 0.20390625 0.23671875 0.0203125 0.0375
0 0.12265625 0.22734375 0.0234375 0.040625
4 0.14296875 0.2078125 0.0125 0.028125
0 0.42421875 0.240625 0.0109375 0.021875
3 0.75234375 0.38125 0.034375 0.071875
3 0.321875 0.2953125 0.03125 0.0703125
3 0.24765625 0.27265625 0.03125 0.0609375
4 0.684375 0.25625 0.009375 0.015625
2 0.69921875 0.25859375 0.0078125 0.0171875