4 0.7609375 0.56171875 0.10625 0.2125
4 0.57734375 0.3546875 0.0390625 0.0796875
4 0.53125 0.30625 0.0234375 0.05
4 0.5078125 0.2796875 0.0171875 0.0375
4 0.4953125 0.26875 0.0140625 0.0296875
4 0.4796875 0.259375 0.0109375 0.025
4 0.4578125 0.26015625 0.0109375 0.025
4 0.425 0.2671875 0.0109375 0.021875
0 0.40546875 0.2953125 0.015625 0.034375
0 0.39609375 0.31484375 0.0171875 0.0390625
0 0.3828125 0.296875 0.0125 0.025
0 0.36484375 0.2984375 0.0109375 0.025
4 0.35 0.29140625 0.0109375 0.021875
0 0.33671875 0.3078125 0.0125 0.0265625
0 0.3109375 0.31796875 0.0125 0.0265625
4 0.3140625 0.3046875 0.0109375 0.021875
0 0.29140625 0.32890625 0.0140625 0.0296875
0 0.2765625 0.34453125 0.015625 0.034375
4 0.26953125 0.328125 0.0109375 0.025
0 0.25390625 0.365625 0.01875 0.0390625
4 0.2328125 0.3484375 0.0140625 0.0296875
0 0.22421875 0.39296875 0.021875 0.04375
4 0.19140625 0.375 0.0171875 0.0328125
4 0.13828125 0.4109375 0.021875 0.040625
0 0.14609375 0.4484375 0.0296875 0.05625
4 0.0515625 0.46484375 0.028125 0.0515625
0 0.24921875 0.71875 0.10625 0.20625
0 0.34765625 0.42265625 0.0390625 0.0765625
0 0.371875 0.3546875 0.0234375 0.05