2 0.4484375 0.37734375 0.0375 0.084375
0 0.509375 0.3390625 0.028125 0.059375
0 0.6015625 0.3234375 0.0203125 0.04375
0 0.65703125 0.31640625 0.015625 0.034375
0 0.7265625 0.3265625 0.0140625 0.03125
2 0.20703125 0.559375 0.103125 0.1984375
4 0.71015625 0.40859375 0.0328125 0.0703125
4 0.7515625 0.390625 0.028125 0.059375
2 0.72890625 0.5296875 0.059375 0.125
0 0.8171875 0.3515625 0.0171875 0.0328125
1 0.8765625 0.3578125 0.025 0.0546875
1 0.8984375 0.3625 0.0234375 0.05
0 0.93828125 0.38203125 0.01875 0.0390625
1 0.96484375 0.403125 0.0328125 0.0734375
4 0.89140625 0.3953125 0.0265625 0.05
4 0.82890625 0.3859375 0.0265625 0.05
4 0.78671875 0.38359375 0.0265625 0.0546875
2 0.8390625 0.8515625 0.0734375 0.1375
4 0.21171875 0.2890625 0.03125 0.046875