0 0.7171875 0.3078125 0.0109375 0.0359375
4 0.8640625 0.3109375 0.0140625 0.04375
4 0.87734375 0.32734375 0.015625 0.046875
0 0.6875 0.3328125 0.0140625 0.0453125
4 0.89296875 0.3484375 0.0203125 0.0546875
0 0.6625 0.35546875 0.01875 0.0609375
0 0.60546875 0.4125 0.0265625 0.0828125
4 0.934375 0.43984375 0.03125 0.090625
4 0.9125 0.3921875 0.0296875 0.0765625
0 0.74375 0.2890625 0.009375 0.0296875
0 0.75390625 0.27890625 0.009375 0.028125
0 0.76015625 0.27265625 0.0078125 0.025
0 0.24453125 0.73671875 0.03125 0.1109375
4 0.85703125 0.29453125 0.009375 0.03125
0 0.7703125 0.2640625 0.0078125 0.025
0 0.7828125 0.2640625 0.0078125 0.0265625
0 0.8125 0.2625 0.0078125 0.021875
0 0.8359375 0.2625 0.0078125 0.025
4 0.94609375 0.27890625 0.009375 0.028125
4 0.90625 0.278125 0.0078125 0.0265625
4 0.8796875 0.275 0.0078125 0.0265625
3 0.8640625 0.25078125 0.0078125 0.021875
0 0.9171875 0.2671875 0.0078125 0.0265625
0 0.8765625 0.26484375 0.0078125 0.021875
4 0.85625 0.28046875 0.0109375 0.0359375