0 0.47890625 0.2671875 0.00625 0.0234375
0 0.49921875 0.25625 0.00625 0.0203125
4 0.54375 0.26328125 0.0078125 0.025
4 0.59296875 0.25 0.00625 0.0203125
4 0.746875 0.24765625 0.00625 0.021875
0 0.46875 0.28359375 0.0078125 0.0296875
4 0.8890625 0.2578125 0.0109375 0.0265625
4 0.58984375 0.321875 0.015625 0.05
0 0.403125 0.41171875 0.025 0.0890625
4 0.64765625 0.39609375 0.028125 0.0875
0 0.203125 0.75 0.0625 0.1828125
4 0.91328125 0.7265625 0.0640625 0.18125
4 0.56875 0.29140625 0.0109375 0.0375
4 0.5546875 0.27109375 0.009375 0.028125
0 0.44609375 0.3234375 0.0140625 0.046875
0 0.52421875 0.253125 0.003125 0.01875
4 0.56484375 0.25625 0.00625 0.0203125
4 0.6125 0.24453125 0.00625 0.0203125
4 0.696875 0.240625 0.00625 0.0203125
0 0.7375 0.23984375 0.0046875 0.0171875
0 0.775 0.2453125 0.00625 0.0171875
0 0.8484375 0.24921875 0.00625 0.0203125
0 0.909375 0.253125 0.009375 0.025
1 0.6515625 0.23046875 0.003125 0.0140625
1 0.64921875 0.23046875 0.003125 0.0140625
1 0.70390625 0.23203125 0.003125 0.021875
1 0.7 0.23125 0.0046875 0.0203125
3 0.92109375 0.2625 0.0125 0.0359375
3 0.83984375 0.2546875 0.0078125 0.0296875
3 0.75859375 0.246875 0.0078125 0.0265625
3 0.7125 0.240625 0.00625 0.025
3 0.65546875 0.2375 0.003125 0.0171875
3 0.63125 0.24140625 0.00625 0.0234375
4 0.6015625 0.234375 0.0046875 0.015625
4 0.6171875 0.2375 0.0046875 0.0171875
4 0.6203125 0.23984375 0.0046875 0.01875
3 0.54296875 0.24296875 0.0046875 0.015625
0 0.56328125 0.240625 0.0046875 0.0171875
0 0.5546875 0.2390625 0.003125 0.0140625
0 0.5546875 0.24609375 0.00625 0.0171875
3 0.57734375 0.2296875 0.0046875 0.0203125
4 0.58125 0.234375 0.003125 0.015625
4 0.67421875 0.23671875 0.0046875 0.0171875
4 0.66015625 0.23359375 0.003125 0.0140625
4 0.64453125 0.23046875 0.003125 0.015625
0 0.69140625 0.23046875 0.003125 0.015625
3 0.6328125 0.23125 0.003125 0.0203125
3 0.4953125 0.24375 0.0046875 0.0171875
0 0.50625 0.23984375 0.0046875 0.015625
0 0.5296875 0.2421875 0.003125 0.0140625
3 0.53671875 0.2421875 0.0046875 0.015625
3 0.44609375 0.2578125 0.0078125 0.03125