0 0.66171875 0.278125 0.0109375 0.0390625
0 0.69765625 0.3 0.0171875 0.05
0 0.18046875 0.73515625 0.0875 0.24375
0 0.6125 0.40078125 0.028125 0.0921875
0 0.68359375 0.346875 0.021875 0.0703125
0 0.45078125 0.51953125 0.034375 0.1390625
0 0.6015625 0.26640625 0.0109375 0.03125
0 0.56875 0.2625 0.0078125 0.025
0 0.52109375 0.2578125 0.0078125 0.021875
0 0.48203125 0.26015625 0.0078125 0.0234375
4 0.86171875 0.28125 0.015625 0.04375
4 0.9015625 0.25859375 0.0140625 0.0375
4 0.8140625 0.2546875 0.009375 0.03125
4 0.7734375 0.265625 0.0109375 0.0296875
4 0.759375 0.24921875 0.0078125 0.0265625
4 0.70859375 0.25703125 0.009375 0.028125
4 0.65078125 0.253125 0.009375 0.0296875
4 0.6109375 0.25078125 0.0078125 0.0234375
0 0.8328125 0.246875 0.009375 0.0265625
0 0.8015625 0.2421875 0.0078125 0.025
4 0.72734375 0.24609375 0.009375 0.025
0 0.440625 0.26328125 0.0078125 0.0234375
0 0.384375 0.271875 0.0078125 0.0234375
0 0.33046875 0.2796875 0.0078125 0.021875