0 0.44140625 0.2546875 0.00625 0.025
0 0.45703125 0.265625 0.009375 0.0296875
0 0.49296875 0.2796875 0.009375 0.0359375
0 0.371875 0.403125 0.028125 0.090625
0 0.47734375 0.34765625 0.01875 0.0625
0 0.51484375 0.32421875 0.015625 0.0515625
0 0.515625 0.29375 0.009375 0.0390625
4 0.63515625 0.28984375 0.0109375 0.040625
4 0.68046875 0.3140625 0.015625 0.053125
4 0.70390625 0.34921875 0.0203125 0.065625
4 0.79375 0.29296875 0.0109375 0.040625
4 0.809375 0.32109375 0.0171875 0.053125
4 0.9125 0.371875 0.0265625 0.0828125
0 0.13203125 0.56953125 0.065625 0.1703125
4 0.70390625 0.40859375 0.0296875 0.0921875
4 0.696875 0.4953125 0.0421875 0.1234375
4 0.59296875 0.2671875 0.009375 0.034375
4 0.546875 0.25625 0.0078125 0.0296875
4 0.5375 0.246875 0.0078125 0.0265625
4 0.7890625 0.271875 0.009375 0.0390625
4 0.834375 0.26640625 0.009375 0.034375