0 0.77578125 0.2984375 0.0140625 0.0296875
0 0.5609375 0.27734375 0.015625 0.034375
0 0.590625 0.2765625 0.015625 0.0328125
0 0.67734375 0.28671875 0.015625 0.034375
4 0.7109375 0.309375 0.015625 0.034375
4 0.76015625 0.32109375 0.015625 0.034375
4 0.815625 0.33359375 0.01875 0.0390625
0 0.915625 0.34140625 0.015625 0.034375
0 0.9546875 0.353125 0.0140625 0.034375
0 0.53203125 0.27890625 0.01875 0.0421875
4 0.6625 0.30625 0.015625 0.034375
4 0.878125 0.353125 0.0203125 0.04375
4 0.95546875 0.38046875 0.025 0.0546875
0 0.48828125 0.29765625 0.0203125 0.04375
0 0.50703125 0.2890625 0.0203125 0.05
4 0.628125 0.32265625 0.0234375 0.0546875
4 0.634375 0.35859375 0.0265625 0.0609375
0 0.4546875 0.334375 0.028125 0.059375
0 0.38828125 0.3953125 0.046875 0.1
4 0.66171875 0.45078125 0.0453125 0.1078125
0 0.190625 0.61171875 0.1125 0.225
4 0.7640625 0.76796875 0.1375 0.2625
0 0.8609375 0.3265625 0.015625 0.0328125
0 0.6421875 0.28203125 0.0125 0.0296875
0 0.721875 0.2921875 0.0125 0.028125
0 0.79921875 0.309375 0.0125 0.028125
0 0.8265625 0.31953125 0.0140625 0.03125