4 0.6234375 0.23359375 0.0078125 0.021875
0 0.4828125 0.26796875 0.009375 0.025
0 0.51171875 0.25703125 0.0078125 0.025
4 0.565625 0.26171875 0.009375 0.0296875
4 0.59609375 0.24921875 0.009375 0.0265625
4 0.6171875 0.240625 0.009375 0.025
4 0.78515625 0.23046875 0.009375 0.025
0 0.81015625 0.2234375 0.009375 0.025
4 0.84765625 0.23203125 0.0109375 0.0296875
0 0.90625 0.22421875 0.009375 0.025
0 0.45703125 0.28359375 0.0125 0.0328125
4 0.540625 0.2734375 0.0125 0.034375
4 0.5578125 0.28515625 0.015625 0.0390625
0 0.44296875 0.31484375 0.0140625 0.04375
4 0.58984375 0.32109375 0.01875 0.0546875
0 0.4 0.41796875 0.025 0.08125
4 0.65859375 0.40546875 0.0375 0.1
4 0.61953125 0.23125 0.0046875 0.0203125
4 0.59765625 0.22890625 0.00625 0.0203125
4 0.5734375 0.2296875 0.00625 0.0171875
4 0.64296875 0.2203125 0.0046875 0.0140625
4 0.6828125 0.2234375 0.0078125 0.0203125
4 0.71328125 0.2265625 0.0078125 0.0203125
0 0.75625 0.2203125 0.00625 0.0203125
0 0.72421875 0.2203125 0.0046875 0.0140625
0 0.696875 0.2171875 0.0046875 0.0125
0 0.67265625 0.21640625 0.0046875 0.0140625
0 0.54765625 0.24765625 0.0078125 0.021875
0 0.55625 0.240625 0.0078125 0.0203125
0 0.515625 0.2421875 0.0046875 0.0140625
0 0.4890625 0.24296875 0.0046875 0.0171875
4 0.6234375 0.2171875 0.003125 0.0140625
1 0.65234375 0.21875 0.0078125 0.025
1 0.64921875 0.2171875 0.00625 0.025
1 0.70546875 0.21484375 0.0078125 0.025
1 0.7109375 0.21484375 0.00625 0.025
3 0.73671875 0.2265625 0.0078125 0.0296875
3 0.640625 0.23515625 0.009375 0.0296875
3 0.6625 0.225 0.00625 0.0234375
3 0.80390625 0.228125 0.0125 0.034375
3 0.415625 0.27421875 0.0140625 0.0390625
3 0.5328125 0.24765625 0.009375 0.0296875
3 0.52265625 0.23984375 0.0078125 0.0265625
3 0.5703125 0.22578125 0.00625 0.025
3 0.6328125 0.22109375 0.00625 0.021875
3 0.82734375 0.215625 0.009375 0.0203125
3 0.4765625 0.2453125 0.0078125 0.0203125
4 0.50859375 0.2328125 0.0046875 0.0140625
4 0.54296875 0.23203125 0.0046875 0.0140625
0 0.48359375 0.2328125 0.003125 0.0109375
0 0.4703125 0.240625 0.003125 0.009375
4 0.9125 0.23359375 0.00625 0.0296875
4 0.51953125 0.2328125 0.003125 0.0140625
4 0.5390625 0.2234375 0.003125 0.0109375
4 0.525 0.22734375 0.003125 0.0109375
3 0.478125 0.23203125 0.003125 0.0140625
3 0.6171875 0.2171875 0.0046875 0.015625