1 0.37421875 0.359375 0.1078125 0.23125
1 0.42109375 0.321875 0.084375 0.1859375
0 0.53203125 0.259375 0.03125 0.0640625
0 0.5984375 0.23984375 0.0234375 0.05
0 0.63984375 0.23671875 0.01875 0.0421875
0 0.68671875 0.2359375 0.01875 0.0390625
0 0.73046875 0.2453125 0.01875 0.0390625
0 0.76640625 0.25234375 0.0171875 0.034375
0 0.80234375 0.2625 0.01875 0.0390625
0 0.84609375 0.27421875 0.01875 0.0390625
0 0.93671875 0.3078125 0.0203125 0.0390625
4 0.95390625 0.36015625 0.0359375 0.065625
4 0.8765625 0.340625 0.0359375 0.0703125
4 0.83828125 0.34140625 0.0375 0.075
4 0.79375 0.3359375 0.0359375 0.0765625
4 0.75234375 0.36015625 0.0484375 0.0921875
1 0.7609375 0.41796875 0.0921875 0.2015625
1 0.7859375 0.4734375 0.1234375 0.2515625