4 0.64609375 0.46015625 0.0421875 0.103125
4 0.60390625 0.36796875 0.0265625 0.0671875
4 0.5703125 0.328125 0.0203125 0.05
4 0.5234375 0.30234375 0.015625 0.0390625
4 0.478125 0.28125 0.015625 0.034375
4 0.43984375 0.2703125 0.0140625 0.0328125
4 0.39296875 0.2640625 0.0125 0.0296875
4 0.3453125 0.25625 0.0109375 0.0296875
4 0.2984375 0.25625 0.0125 0.0296875
4 0.2296875 0.25625 0.0140625 0.0296875
4 0.1609375 0.25625 0.0125 0.0296875
0 0.1546875 0.27734375 0.0171875 0.0390625
0 0.303125 0.2765625 0.015625 0.0390625
0 0.34453125 0.2828125 0.0171875 0.0390625
0 0.365625 0.29609375 0.01875 0.04375
0 0.37734375 0.31640625 0.0203125 0.05625
0 0.328125 0.36484375 0.0328125 0.0796875
0 0.23671875 0.271875 0.0171875 0.0390625