2 0.23828125 0.6734375 0.075 0.128125
4 0.26953125 0.59375 0.0484375 0.0953125
2 0.32734375 0.571875 0.046875 0.0859375
2 0.37265625 0.49921875 0.0265625 0.0578125
2 0.359375 0.46328125 0.0203125 0.0421875
2 0.5546875 0.46171875 0.0234375 0.0453125
2 0.61171875 0.49921875 0.028125 0.059375
2 0.653125 0.5625 0.046875 0.084375
0 0.71640625 0.58828125 0.053125 0.096875
2 0.74296875 0.6640625 0.071875 0.1296875
2 0.775 0.45703125 0.028125 0.0453125
1 0.87109375 0.7890625 0.1140625 0.2578125
1 0.08203125 0.775 0.078125 0.2046875