4 0.86484375 0.70390625 0.1 0.2953125
4 0.825 0.45703125 0.059375 0.1625
4 0.8796875 0.41875 0.05625 0.140625
4 0.9046875 0.375 0.0375 0.115625
0 0.24921875 0.48046875 0.0671875 0.18125
0 0.43359375 0.31328125 0.034375 0.0984375
0 0.5046875 0.2671875 0.0265625 0.0703125
0 0.5671875 0.23984375 0.01875 0.0578125
0 0.62578125 0.23515625 0.015625 0.0515625
0 0.66796875 0.23359375 0.015625 0.05
0 0.70859375 0.23125 0.015625 0.04375
0 0.75625 0.2328125 0.015625 0.046875
0 0.85390625 0.2453125 0.0171875 0.053125