0 0.3203125 0.48046875 0.05 0.1
0 0.43984375 0.35390625 0.0296875 0.059375
0 0.54921875 0.29296875 0.0203125 0.046875
0 0.63515625 0.2484375 0.01875 0.0390625
0 0.6640625 0.23125 0.0140625 0.0296875
4 0.8125 0.22265625 0.0203125 0.0421875
4 0.72109375 0.309375 0.0375 0.0765625
4 0.73984375 0.3875 0.0609375 0.115625
4 0.81953125 0.52109375 0.0984375 0.196875
1 0.590625 0.25703125 0.0296875 0.0734375
1 0.60625 0.2484375 0.0296875 0.0734375
0 0.65390625 0.2109375 0.0109375 0.025
0 0.66484375 0.215625 0.0125 0.0296875
0 0.6796875 0.1953125 0.0125 0.025
1 0.7453125 0.25703125 0.04375 0.0984375
1 0.7625 0.24609375 0.040625 0.09375
4 0.78359375 0.2484375 0.028125 0.05625
4 0.80078125 0.209375 0.0203125 0.04375
4 0.7671875 0.203125 0.0171875 0.0375
4 0.76015625 0.1953125 0.0125 0.028125
4 0.76796875 0.18515625 0.0140625 0.0296875