0 0.7171875 0.3046875 0.01875 0.046875
0 0.6484375 0.31953125 0.01875 0.05
0 0.82734375 0.29296875 0.0203125 0.046875
0 0.57734375 0.3453125 0.021875 0.0546875
0 0.50390625 0.38359375 0.0234375 0.0703125
4 0.86015625 0.4109375 0.046875 0.10625
0 0.4 0.48515625 0.0390625 0.1078125
4 0.821875 0.4859375 0.0609375 0.1421875
0 0.1953125 0.74296875 0.0984375 0.234375
4 0.89765625 0.68203125 0.0921875 0.209375
3 0.384375 0.38203125 0.03125 0.084375
3 0.365625 0.38359375 0.03125 0.0859375
3 0.2203125 0.39296875 0.03125 0.0734375
3 0.0640625 0.40078125 0.0296875 0.0671875