0 0.24609375 0.528125 0.0796875 0.16875
0 0.4015625 0.36875 0.0390625 0.084375
0 0.471875 0.32265625 0.0234375 0.059375
0 0.521875 0.2984375 0.015625 0.0390625
0 0.5375 0.28046875 0.015625 0.0328125
4 0.7734375 0.76875 0.134375 0.2609375
4 0.6375 0.465625 0.0515625 0.1125
4 0.6171875 0.37265625 0.03125 0.065625
4 0.6359375 0.3328125 0.021875 0.05
4 0.64453125 0.309375 0.0109375 0.0296875
4 0.14765625 0.23515625 0.01875 0.0421875
0 0.21328125 0.25 0.0171875 0.0390625
4 0.23203125 0.228125 0.015625 0.0328125
0 0.30546875 0.23984375 0.0171875 0.034375
0 0.3375 0.2359375 0.015625 0.0390625
0 0.36328125 0.2328125 0.0125 0.028125
0 0.3859375 0.228125 0.0125 0.0265625
0 0.4140625 0.23203125 0.0078125 0.015625
0 0.53671875 0.26171875 0.009375 0.025
0 0.53125 0.24453125 0.00625 0.015625
0 0.51875 0.23671875 0.0078125 0.015625
1 0.28359375 0.23125 0.0171875 0.040625
4 0.60625 0.271875 0.0109375 0.025
4 0.5921875 0.2578125 0.009375 0.021875
4 0.58203125 0.2484375 0.00625 0.0140625
4 0.56484375 0.24375 0.00625 0.015625
0 0.440625 0.23125 0.00625 0.015625
0 0.46015625 0.23125 0.00625 0.0171875
0 0.49375 0.23359375 0.00625 0.015625
2 0.32265625 0.21875 0.0109375 0.0265625
2 0.3375 0.21640625 0.0109375 0.0296875
2 0.39375 0.2203125 0.0078125 0.0203125
2 0.4125 0.221875 0.0078125 0.0203125
2 0.43046875 0.21171875 0.0078125 0.0171875
4 0.634375 0.290625 0.0078125 0.025
0 0.53828125 0.25 0.0078125 0.021875
1 0.24140625 0.21484375 0.0140625 0.040625
2 0.35390625 0.2203125 0.0078125 0.025