4 0.78984375 0.53203125 0.05 0.140625
4 0.58125 0.41171875 0.025 0.0875
4 0.49765625 0.37734375 0.01875 0.0671875
4 0.3734375 0.35078125 0.0171875 0.0578125
4 0.30078125 0.334375 0.0140625 0.053125
1 0.265625 0.31328125 0.01875 0.0703125
1 0.25703125 0.31328125 0.0140625 0.0703125
4 0.2265625 0.3171875 0.0109375 0.04375
4 0.18515625 0.30625 0.0109375 0.034375
4 0.19453125 0.29453125 0.009375 0.0296875
4 0.221875 0.2828125 0.0078125 0.025
4 0.21796875 0.278125 0.0078125 0.025
4 0.196875 0.271875 0.00625 0.021875
4 0.17578125 0.271875 0.00625 0.0203125
4 0.1578125 0.26953125 0.00625 0.0203125
0 0.096875 0.2875 0.0078125 0.0265625
0 0.08515625 0.29609375 0.0078125 0.0296875
0 0.0828125 0.2859375 0.00625 0.025
4 0.0875 0.27109375 0.00625 0.0203125
0 0.10859375 0.45 0.034375 0.096875
4 0.12109375 0.26796875 0.003125 0.0171875
0 0.178125 0.52421875 0.046875 0.1359375
0 0.19921875 0.684375 0.06875 0.2234375