4 0.65078125 0.24765625 0.00546875 0.021875
0 0.50703125 0.2671875 0.00703125 0.02421875
0 0.53671875 0.259375 0.00546875 0.02421875
4 0.58984375 0.26953125 0.00703125 0.02890625
4 0.621875 0.2609375 0.00703125 0.0265625
4 0.64375 0.2546875 0.00625 0.02421875
4 0.81171875 0.26171875 0.00703125 0.02421875
0 0.8375 0.25703125 0.00625 0.02421875
4 0.8734375 0.26953125 0.00859375 0.02890625
0 0.9328125 0.26796875 0.00703125 0.02421875
0 0.4796875 0.28046875 0.00859375 0.0328125
4 0.5640625 0.27890625 0.00859375 0.03359375
4 0.5796875 0.2921875 0.01171875 0.03828125
0 0.4625 0.31015625 0.01015625 0.04296875
4 0.6078125 0.33125 0.01328125 0.05390625
0 0.409375 0.4078125 0.01640625 0.08046875
4 0.66796875 0.42265625 0.028125 0.09765625
4 0.646875 0.2453125 0.003125 0.01953125
4 0.62578125 0.240625 0.00390625 0.01953125
4 0.6015625 0.2390625 0.00390625 0.0171875
4 0.67109375 0.23671875 0.003125 0.0140625
4 0.7109375 0.24375 0.00546875 0.01953125
4 0.740625 0.25 0.00625 0.01953125
0 0.784375 0.2484375 0.00390625 0.01953125
0 0.75234375 0.2453125 0.00390625 0.0140625
0 0.725 0.2390625 0.003125 0.01171875
0 0.7015625 0.2359375 0.003125 0.0140625
0 0.5734375 0.25390625 0.00546875 0.021875
0 0.5828125 0.24765625 0.00546875 0.01953125
0 0.5421875 0.2453125 0.00390625 0.0140625
0 0.51640625 0.24296875 0.00234375 0.0171875
4 0.65234375 0.23203125 0.00234375 0.0140625
1 0.68125 0.2359375 0.00546875 0.02421875
1 0.678125 0.234375 0.00390625 0.02421875
1 0.734375 0.23828125 0.00546875 0.02421875
1 0.73984375 0.23828125 0.003125 0.02421875
3 0.7640625 0.253125 0.00546875 0.0296875
3 0.6671875 0.2515625 0.00703125 0.02890625
3 0.690625 0.24375 0.0046875 0.02265625
3 0.83046875 0.26171875 0.009375 0.03359375
3 0.43984375 0.26640625 0.01015625 0.0375
3 0.559375 0.25234375 0.00625 0.02890625
3 0.55 0.24375 0.0046875 0.0265625
3 0.5984375 0.234375 0.00390625 0.02421875
3 0.6609375 0.23671875 0.00390625 0.021875
3 0.85546875 0.2515625 0.00703125 0.0203125
3 0.503125 0.24453125 0.00546875 0.0203125
4 0.53671875 0.23515625 0.003125 0.01328125
4 0.57109375 0.23828125 0.003125 0.0140625
0 0.51171875 0.2328125 0.00234375 0.0109375
0 0.49765625 0.2390625 0.0015625 0.009375
4 0.93828125 0.278125 0.00390625 0.0296875
4 0.54765625 0.23671875 0.00234375 0.0140625
4 0.56796875 0.22890625 0.00234375 0.0109375
4 0.553125 0.23125 0.00234375 0.0109375
3 0.50625 0.23125 0.00234375 0.01328125
3 0.64609375 0.23125 0.00234375 0.015625