1 0.2 0.59375 0.159375 0.3625
0 0.4359375 0.284375 0.015625 0.0390625
0 0.4390625 0.2625 0.0140625 0.034375
0 0.47109375 0.25546875 0.0125 0.0296875
0 0.44375 0.3625 0.0296875 0.0703125
0 0.45 0.30546875 0.01875 0.05
4 0.56328125 0.29375 0.015625 0.0390625
4 0.63203125 0.35234375 0.0265625 0.0625
4 0.73828125 0.31796875 0.015625 0.04375
0 0.8859375 0.34140625 0.0203125 0.05
4 0.83828125 0.37421875 0.028125 0.0640625
0 0.35703125 0.475 0.059375 0.1390625
4 0.68046875 0.4140625 0.034375 0.0890625
4 0.73671875 0.59765625 0.0765625 0.1765625
1 0.8296875 0.7265625 0.159375 0.34375
4 0.57890625 0.31484375 0.01875 0.0515625
4 0.56328125 0.27890625 0.0125 0.040625
0 0.49609375 0.24765625 0.009375 0.0265625
0 0.5296875 0.24765625 0.009375 0.025
4 0.575 0.2703125 0.0109375 0.03125
4 0.596875 0.26484375 0.009375 0.0265625
4 0.615625 0.26171875 0.009375 0.025
4 0.634375 0.25859375 0.0078125 0.021875
4 0.71171875 0.29453125 0.0140625 0.0375
4 0.6984375 0.2828125 0.0125 0.03125
4 0.69453125 0.271875 0.009375 0.0265625
4 0.6921875 0.265625 0.0078125 0.0203125
0 0.8171875 0.31171875 0.0140625 0.034375
0 0.80078125 0.29921875 0.0125 0.03125
0 0.79453125 0.2859375 0.0109375 0.028125
4 0.64453125 0.25546875 0.00625 0.0171875
0 0.56171875 0.24765625 0.009375 0.025
0 0.58515625 0.24375 0.0046875 0.0125
4 0.63046875 0.24453125 0.00625 0.0140625
4 0.715625 0.2625 0.0078125 0.01875
4 0.7328125 0.2609375 0.0078125 0.0203125
4 0.771875 0.26640625 0.0078125 0.0203125
4 0.8125 0.2734375 0.0078125 0.0203125
4 0.83359375 0.2734375 0.0078125 0.021875
0 0.821875 0.28359375 0.00625 0.01875
0 0.84453125 0.27109375 0.0046875 0.0140625
0 0.86796875 0.28984375 0.009375 0.0203125
4 0.8578125 0.28125 0.009375 0.0203125
4 0.875 0.28203125 0.009375 0.0203125
4 0.9046875 0.28828125 0.009375 0.021875
4 0.89921875 0.2890625 0.0078125 0.0203125
4 0.9203125 0.2921875 0.009375 0.0203125
0 0.9671875 0.31328125 0.0109375 0.025
0 0.94375 0.296875 0.00625 0.0171875
0 0.91171875 0.30078125 0.009375 0.025
0 0.89375 0.28203125 0.00625 0.0140625
0 0.75703125 0.25390625 0.0046875 0.0140625
4 0.6125 0.23828125 0.00625 0.015625