0 0.675 0.28359375 0.0109375 0.025
0 0.76640625 0.29921875 0.0125 0.0234375
0 0.78984375 0.30546875 0.0125 0.025
0 0.8171875 0.3125 0.0125 0.028125
0 0.84765625 0.31953125 0.0140625 0.0328125
0 0.89765625 0.33515625 0.015625 0.0328125
0 0.565625 0.27265625 0.015625 0.0296875
0 0.59296875 0.275 0.0140625 0.028125
4 0.66015625 0.30078125 0.0171875 0.0390625
4 0.70390625 0.3046875 0.015625 0.0328125
4 0.75234375 0.30859375 0.015625 0.034375
4 0.803125 0.32578125 0.015625 0.034375
4 0.859375 0.34375 0.0203125 0.040625
0 0.5171875 0.28125 0.0171875 0.034375
0 0.53828125 0.27890625 0.0140625 0.0328125
4 0.6265625 0.31171875 0.0203125 0.04375
4 0.92734375 0.365625 0.021875 0.046875
0 0.5 0.28984375 0.01875 0.0390625
0 0.475 0.31953125 0.025 0.0546875
4 0.63203125 0.34296875 0.0234375 0.0546875
0 0.4265625 0.36171875 0.0390625 0.084375
4 0.6515625 0.40703125 0.0375 0.0828125
0 0.3171875 0.48125 0.0703125 0.1515625
4 0.70703125 0.578125 0.078125 0.159375
1 0.13671875 0.60234375 0.1390625 0.3078125
1 0.79453125 0.73828125 0.16875 0.34375
0 0.6421875 0.27890625 0.0109375 0.0265625
0 0.7171875 0.2890625 0.0109375 0.025
0 0.93515625 0.3421875 0.0171875 0.0390625
0 0.98125 0.36328125 0.009375 0.0265625
0 0.775 0.28203125 0.00625 0.0125
2 0.9 0.2921875 0.0078125 0.0171875
2 0.95390625 0.30390625 0.009375 0.01875
3 0.67421875 0.2421875 0.00625 0.015625
3 0.6625 0.23671875 0.0046875 0.0140625
3 0.6671875 0.240625 0.00625 0.0125
3 0.65234375 0.234375 0.00625 0.0125
3 0.65703125 0.2359375 0.0046875 0.0125