0 0.3234375 0.52734375 0.03671875 0.1453125
0 0.39921875 0.38359375 0.0171875 0.07421875
0 0.40625 0.3265625 0.01171875 0.0484375
0 0.41484375 0.2984375 0.01015625 0.03828125
4 0.85546875 0.74921875 0.04453125 0.1625
4 0.696875 0.45625 0.03046875 0.11640625
4 0.61015625 0.353125 0.01328125 0.0625
4 0.55859375 0.30859375 0.01015625 0.0484375
4 0.53046875 0.2828125 0.00703125 0.03828125
0 0.078125 0.3296875 0.01171875 0.04296875
4 0.109375 0.2953125 0.009375 0.03359375
0 0.14765625 0.30546875 0.009375 0.03828125
4 0.18515625 0.27890625 0.00703125 0.02890625
0 0.2140625 0.28828125 0.00625 0.02890625
4 0.23125 0.26953125 0.00546875 0.01953125
4 0.503125 0.2671875 0.0046875 0.02421875
4 0.48671875 0.25546875 0.00390625 0.0203125
4 0.46171875 0.2515625 0.003125 0.01796875
4 0.43203125 0.2484375 0.003125 0.01953125
0 0.26875 0.2765625 0.00625 0.02890625
0 0.30625 0.26796875 0.00625 0.0265625
0 0.35859375 0.2609375 0.00390625 0.02421875
0 0.39296875 0.26171875 0.003125 0.0203125
0 0.4203125 0.2734375 0.00546875 0.025
0 0.4125 0.2640625 0.00390625 0.02265625
4 0.39921875 0.2484375 0.00234375 0.01796875
4 0.3640625 0.2515625 0.003125 0.01796875
4 0.3203125 0.25625 0.003125 0.0171875
3 0.196875 0.2671875 0.00859375 0.0453125
3 0.24453125 0.2578125 0.00625 0.0296875