0 0.46015625 0.36015625 0.0359375 0.075
0 0.57890625 0.3328125 0.0234375 0.0515625
0 0.6890625 0.3390625 0.0203125 0.04375
0 0.7890625 0.346875 0.0171875 0.0390625
0 0.246875 0.528125 0.0859375 0.175
4 0.7859375 0.46796875 0.0390625 0.0890625
4 0.77890625 0.5546875 0.06875 0.1390625
4 0.7921875 0.771875 0.11875 0.253125
1 0.74140625 0.3328125 0.0265625 0.065625
1 0.759375 0.334375 0.0265625 0.065625
4 0.82265625 0.428125 0.0359375 0.075
1 0.87734375 0.40078125 0.040625 0.0984375
1 0.90234375 0.4046875 0.0421875 0.09375
4 0.925 0.41796875 0.0296875 0.0578125
4 0.94921875 0.37734375 0.0171875 0.0421875
4 0.9640625 0.36796875 0.015625 0.034375
4 0.96796875 0.415625 0.015625 0.04375
0 0.8265625 0.34921875 0.015625 0.034375
0 0.8390625 0.3390625 0.0140625 0.0296875
0 0.8703125 0.32890625 0.0125 0.025
0 0.9015625 0.334375 0.0109375 0.0234375
0 0.94921875 0.3484375 0.0109375 0.025