4 0.50234375 0.25 0.009375 0.0203125
4 0.5203125 0.25703125 0.0125 0.0234375
4 0.57578125 0.275 0.0125 0.0265625
4 0.77578125 0.3171875 0.0109375 0.0234375
0 0.834375 0.3328125 0.0109375 0.021875
4 0.60078125 0.3 0.0171875 0.034375
4 0.76015625 0.34921875 0.01875 0.0390625
0 0.8703125 0.3765625 0.01875 0.0375
0 0.9484375 0.4171875 0.0234375 0.046875
0 0.40703125 0.33046875 0.03125 0.0625
4 0.6265625 0.3859375 0.034375 0.0703125
1 0.65546875 0.40546875 0.0515625 0.1265625
1 0.353125 0.346875 0.0609375 0.1359375
4 0.69609375 0.5609375 0.075 0.1453125
0 0.21640625 0.46640625 0.0796875 0.153125
1 0.321875 0.36640625 0.075 0.159375
0 0.45703125 0.29296875 0.0203125 0.04375
0 0.47734375 0.26953125 0.0140625 0.0328125
0 0.44375 0.25 0.0125 0.028125
0 0.4203125 0.240625 0.0109375 0.025
1 0.66953125 0.42421875 0.0640625 0.1453125
4 0.61171875 0.3296875 0.0234375 0.05
4 0.54609375 0.26484375 0.0125 0.0265625
4 0.4859375 0.24296875 0.009375 0.0203125
4 0.4828125 0.23828125 0.0078125 0.0203125
4 0.49921875 0.2359375 0.0078125 0.0171875
0 0.44609375 0.2265625 0.0078125 0.0203125
0 0.45546875 0.22578125 0.0078125 0.01875
0 0.46640625 0.22421875 0.00625 0.0140625
0 0.43515625 0.228125 0.0078125 0.0171875
4 0.8390625 0.39296875 0.028125 0.053125
4 0.74375 0.328125 0.015625 0.0328125
4 0.75859375 0.3171875 0.0125 0.0265625
0 0.84609375 0.35703125 0.015625 0.028125
0 0.85703125 0.35234375 0.0140625 0.0296875
0 0.8625 0.35078125 0.009375 0.025
0 0.7921875 0.3125 0.0078125 0.0203125
4 0.75625 0.30234375 0.0109375 0.0234375
4 0.73125 0.29140625 0.0078125 0.0203125
4 0.7140625 0.2828125 0.0078125 0.01875
4 0.52109375 0.23515625 0.00625 0.0140625
4 0.55078125 0.240625 0.00625 0.0140625
4 0.56953125 0.24375 0.00625 0.0140625
4 0.59140625 0.24765625 0.00625 0.0140625
4 0.60859375 0.25078125 0.00625 0.0140625
3 0.74453125 0.38046875 0.0375 0.0765625
3 0.71953125 0.3046875 0.0171875 0.0375
3 0.67578125 0.32109375 0.0234375 0.05
3 0.58359375 0.26796875 0.0125 0.0296875
0 0.59921875 0.24375 0.00625 0.0140625
0 0.56328125 0.23984375 0.0046875 0.0125
3 0.8890625 0.34609375 0.0140625 0.028125
3 0.53125 0.246875 0.0109375 0.025
3 0.4375 0.25390625 0.0125 0.034375
0 0.475 0.22421875 0.00625 0.0140625
3 0.60703125 0.28125 0.015625 0.0390625
4 0.74375 0.3171875 0.0140625 0.025
4 0.69921875 0.2765625 0.00625 0.0140625
4 0.68671875 0.26953125 0.00625 0.0140625
4 0.6765625 0.265625 0.00625 0.0125
4 0.62265625 0.25234375 0.00625 0.0140625
4 0.634375 0.2515625 0.00625 0.015625
0 0.409375 0.23515625 0.009375 0.01875
4 0.57734375 0.2375 0.00625 0.015625
0 0.5453125 0.2359375 0.00625 0.0140625
4 0.58359375 0.2375 0.0078125 0.01875
4 0.49609375 0.22265625 0.0078125 0.0171875
3 0.51640625 0.23671875 0.0078125 0.0203125
0 0.71015625 0.27421875 0.00625 0.0109375
0 0.7203125 0.28046875 0.0046875 0.0109375
0 0.65390625 0.2546875 0.003125 0.009375
4 0.65 0.25390625 0.00625 0.0140625
0 0.68203125 0.26484375 0.00625 0.0125
0 0.5140625 0.23125 0.0046875 0.009375
0 0.53984375 0.228125 0.0046875 0.0109375
0 0.5296875 0.23359375 0.00625 0.0125
0 0.41953125 0.2328125 0.00625 0.015625
3 0.84609375 0.34609375 0.01875 0.0390625
0 0.36484375 0.1921875 0.0078125 0.0171875
0 0.69140625 0.26953125 0.0046875 0.0125
4 0.6578125 0.25703125 0.0046875 0.009375
4 0.6640625 0.25859375 0.0046875 0.009375
4 0.66875 0.26171875 0.0046875 0.009375
0 0.61171875 0.240625 0.0046875 0.009375
0 0.62421875 0.24296875 0.0046875 0.009375
0 0.596875 0.240625 0.0046875 0.009375
3 0.55 0.23046875 0.0046875 0.0109375
4 0.50625 0.2328125 0.0078125 0.0171875
4 0.35625 0.1890625 0.0078125 0.015625
4 0.5546875 0.228125 0.0046875 0.0125
4 0.55703125 0.22578125 0.00625 0.0109375
4 0.63125 0.25 0.00625 0.0140625
4 0.6265625 0.24765625 0.00625 0.0140625
0 0.5796875 0.2421875 0.00625 0.0140625
4 0.640625 0.25078125 0.0046875 0.0109375
0 0.6375 0.2484375 0.0046875 0.009375
4 0.55 0.2546875 0.009375 0.025