4 0.4921875 0.23828125 0.009375 0.025
0 0.42421875 0.23671875 0.0140625 0.0296875
0 0.45 0.2484375 0.0125 0.028125
4 0.49765625 0.246875 0.009375 0.0203125
4 0.528125 0.25859375 0.0125 0.025
4 0.571875 0.27421875 0.0140625 0.03125
4 0.609375 0.290625 0.015625 0.0296875
4 0.69296875 0.29921875 0.0109375 0.025
0 0.76875 0.32734375 0.0125 0.025
0 0.48828125 0.2640625 0.0140625 0.0296875
0 0.534375 0.28359375 0.015625 0.034375
4 0.646875 0.3046875 0.0171875 0.034375
4 0.678125 0.32109375 0.0203125 0.0375
4 0.73359375 0.32578125 0.0125 0.025
0 0.57421875 0.30625 0.01875 0.0359375
4 0.70859375 0.34453125 0.01875 0.0390625
4 0.82421875 0.371875 0.0171875 0.0375
0 0.9328125 0.4078125 0.021875 0.040625
0 0.59765625 0.3375 0.0234375 0.0515625
4 0.7421875 0.37109375 0.0234375 0.05
0 0.590625 0.36875 0.0296875 0.0640625
4 0.7734375 0.41953125 0.034375 0.0703125
0 0.496875 0.40234375 0.0375 0.084375
4 0.78828125 0.48671875 0.0484375 0.096875
0 0.25703125 0.4671875 0.078125 0.1546875
4 0.77109375 0.63515625 0.084375 0.1734375
4 0.79765625 0.83515625 0.084375 0.1625
4 0.4875 0.2390625 0.0078125 0.0203125
0 0.4171875 0.23125 0.0078125 0.021875
0 0.44140625 0.2234375 0.0078125 0.0171875
0 0.45703125 0.22421875 0.0078125 0.0140625
0 0.4796875 0.22734375 0.00625 0.0140625
0 0.50546875 0.23203125 0.00625 0.0140625
4 0.50859375 0.23984375 0.0078125 0.0203125
0 0.7328125 0.31015625 0.0078125 0.0203125
0 0.70546875 0.29765625 0.0078125 0.0171875
0 0.68046875 0.2875 0.0078125 0.0140625
4 0.6375 0.27265625 0.0078125 0.0171875
4 0.615625 0.26640625 0.0078125 0.0203125
4 0.59453125 0.25859375 0.0078125 0.0171875
0 0.60859375 0.259375 0.00625 0.0140625
0 0.5796875 0.25078125 0.00625 0.0125
4 0.5734375 0.25078125 0.0078125 0.0140625
4 0.55 0.2453125 0.0078125 0.0171875
0 0.55625 0.24296875 0.00625 0.0140625
4 0.52734375 0.2421875 0.00625 0.0140625
0 0.8296875 0.35859375 0.0125 0.0265625
0 0.65703125 0.2765625 0.0078125 0.0171875
0 0.6328125 0.26640625 0.00625 0.0140625
0 0.53125 0.2359375 0.00625 0.0140625
0 0.41875 0.228125 0.0078125 0.0203125
0 0.42734375 0.22421875 0.0078125 0.0203125