0 0.9140625 0.275 0.0078125 0.03125
0 0.828125 0.29765625 0.0125 0.040625
0 0.85625 0.28515625 0.009375 0.0359375
0 0.77890625 0.31484375 0.0125 0.0484375
0 0.715625 0.3296875 0.0140625 0.05
0 0.64765625 0.3421875 0.0140625 0.0609375
0 0.575 0.37734375 0.01875 0.075
4 0.89765625 0.4265625 0.03125 0.096875
0 0.51171875 0.41796875 0.021875 0.0890625
0 0.39375 0.56015625 0.0390625 0.159375
4 0.903125 0.58828125 0.0578125 0.175
1 0.89375 0.27109375 0.0140625 0.0546875
1 0.90078125 0.26953125 0.0109375 0.0546875
0 0.934375 0.27109375 0.0078125 0.0265625