4 0.70234375 0.509375 0.0578125 0.1234375
4 0.6234375 0.32890625 0.0203125 0.04375
4 0.60546875 0.2953125 0.0140625 0.034375
4 0.5984375 0.27421875 0.0109375 0.025
4 0.59375 0.26484375 0.0078125 0.021875
4 0.590625 0.25859375 0.0078125 0.0203125
0 0.2921875 0.4328125 0.05625 0.115625
0 0.4578125 0.30703125 0.0203125 0.04375
0 0.490625 0.27734375 0.0140625 0.0296875
0 0.50703125 0.2609375 0.009375 0.0203125
0 0.51484375 0.25390625 0.0078125 0.01875
0 0.52265625 0.24765625 0.0078125 0.0171875
0 0.10546875 0.28984375 0.028125 0.0546875
4 0.17109375 0.265625 0.01875 0.0375
0 0.24375 0.27734375 0.0203125 0.0421875
4 0.25859375 0.25859375 0.015625 0.03125
4 0.29453125 0.2515625 0.0109375 0.0265625
0 0.32890625 0.26875 0.015625 0.034375
0 0.375 0.2625 0.0140625 0.0296875
0 0.39375 0.2578125 0.0125 0.028125
0 0.40390625 0.25234375 0.009375 0.0203125
4 0.31640625 0.24609375 0.0109375 0.025
4 0.30078125 0.2421875 0.009375 0.0203125
3 0.2875 0.3765625 0.0390625 0.103125
3 0.1265625 0.2890625 0.0328125 0.071875
3 0.184375 0.2546875 0.0203125 0.0421875
3 0.27578125 0.2484375 0.015625 0.034375
3 0.34375 0.26640625 0.0203125 0.046875
3 0.44453125 0.259375 0.0140625 0.0375
3 0.4609375 0.28125 0.0171875 0.046875
3 0.48125 0.26875 0.015625 0.0390625
3 0.4953125 0.25859375 0.0125 0.03125
4 0.56484375 0.24609375 0.00625 0.015625
4 0.5796875 0.25234375 0.00625 0.0140625
4 0.54609375 0.2421875 0.0046875 0.0109375
4 0.52734375 0.2390625 0.00625 0.0140625
3 0.51953125 0.24296875 0.0078125 0.021875
3 0.5171875 0.2421875 0.00625 0.0171875
4 0.50625 0.234375 0.00625 0.0140625
3 0.47421875 0.2484375 0.0125 0.0296875
4 0.4640625 0.23125 0.00625 0.0140625
0 0.459375 0.23359375 0.00625 0.0140625
3 0.4859375 0.2421875 0.0078125 0.0203125
4 0.48515625 0.23046875 0.00625 0.0140625
0 0.5125 0.240625 0.00625 0.0171875
3 0.51015625 0.24296875 0.0046875 0.0140625
3 0.396875 0.23515625 0.0078125 0.021875
0 0.371875 0.23515625 0.0078125 0.01875
0 0.375 0.2359375 0.0078125 0.01875
0 0.3984375 0.246875 0.0078125 0.0203125
0 0.38828125 0.24375 0.0078125 0.01875
4 0.328125 0.23046875 0.00625 0.0140625
4 0.3453125 0.2296875 0.00625 0.0140625
4 0.36640625 0.228125 0.00625 0.0140625
4 0.29765625 0.23359375 0.00625 0.0109375
4 0.309375 0.2328125 0.009375 0.0203125
4 0.5875 0.25390625 0.00625 0.0171875