0 0.4484375 0.25234375 0.00390625 0.01953125
0 0.44296875 0.26171875 0.00390625 0.025
0 0.4359375 0.271875 0.00625 0.0265625
0 0.42421875 0.28828125 0.00859375 0.0359375
0 0.4015625 0.32734375 0.01171875 0.05390625
0 0.36484375 0.39296875 0.01796875 0.08203125
0 0.21875 0.64609375 0.06484375 0.20078125
4 0.0875 0.31328125 0.0109375 0.0421875
4 0.621875 0.47109375 0.03359375 0.12734375
4 0.509375 0.24375 0.00390625 0.01796875
4 0.5140625 0.2484375 0.00390625 0.021875
4 0.51796875 0.25625 0.00390625 0.025
4 0.521875 0.265625 0.00703125 0.03125
4 0.53984375 0.30390625 0.01171875 0.0484375
4 0.56484375 0.3484375 0.015625 0.06953125
4 0.4921875 0.23828125 0.0046875 0.01953125
4 0.475 0.2375 0.003125 0.015625
1 0.2671875 0.2734375 0.00859375 0.04453125
1 0.25703125 0.2765625 0.009375 0.0484375
0 0.30625 0.2671875 0.00546875 0.02734375
0 0.3375 0.25625 0.00390625 0.02265625
0 0.371875 0.25078125 0.00390625 0.01796875
0 0.40234375 0.24609375 0.00390625 0.01953125
0 0.4296875 0.24453125 0.00390625 0.0203125
1 0.1609375 0.28359375 0.00859375 0.04296875
4 0.528125 0.2796875 0.00859375 0.0375
1 0.17421875 0.28125 0.00703125 0.04296875
0 0.1734375 0.31328125 0.01015625 0.0421875
0 0.23203125 0.29296875 0.009375 0.03359375