4 0.43359375 0.26640625 0.0078125 0.0265625
4 0.45078125 0.25859375 0.00625 0.0203125
4 0.77265625 0.2703125 0.0078125 0.0234375
0 0.79375 0.26875 0.00625 0.0171875
4 0.815625 0.28359375 0.0078125 0.025
0 0.84609375 0.28203125 0.0078125 0.0234375
4 0.88828125 0.30390625 0.0125 0.03125
0 0.94296875 0.30390625 0.0078125 0.0265625
4 0.4453125 0.290625 0.009375 0.0359375
4 0.475 0.3 0.0125 0.040625
0 0.2875 0.30703125 0.0125 0.0421875
4 0.52265625 0.3171875 0.0125 0.040625
4 0.58671875 0.33515625 0.01875 0.05625
0 0.3109375 0.33359375 0.0171875 0.053125
0 0.34453125 0.40234375 0.025 0.08125
4 0.7125 0.475 0.0421875 0.121875
0 0.2828125 0.29140625 0.0078125 0.034375
0 0.31875 0.27734375 0.0078125 0.0296875
0 0.34921875 0.2671875 0.00625 0.025
0 0.3734375 0.26015625 0.00625 0.025
0 0.39140625 0.25390625 0.0046875 0.0203125
0 0.41015625 0.25 0.0046875 0.0171875
0 0.44765625 0.24296875 0.0046875 0.0140625
4 0.421875 0.2765625 0.009375 0.0390625
4 0.4625 0.25390625 0.00625 0.025
4 0.484375 0.25 0.0046875 0.0203125
4 0.50390625 0.25 0.00625 0.0203125
0 0.465625 0.24296875 0.0046875 0.0140625
0 0.49765625 0.24296875 0.0046875 0.015625
4 0.52578125 0.24921875 0.00625 0.0203125
4 0.5515625 0.24921875 0.0046875 0.01875
4 0.58125 0.2484375 0.00625 0.01875
4 0.60390625 0.2484375 0.00625 0.0171875
4 0.6234375 0.246875 0.0046875 0.0171875
0 0.51796875 0.24375 0.0046875 0.0140625
0 0.540625 0.2421875 0.0046875 0.015625
0 0.5625 0.24375 0.003125 0.0125
0 0.76328125 0.26171875 0.003125 0.0140625
4 0.73828125 0.26171875 0.0046875 0.01875
3 0.21484375 0.40625 0.0359375 0.1171875
3 0.19765625 0.3125 0.01875 0.0640625
3 0.23984375 0.28359375 0.0125 0.046875
3 0.478125 0.25234375 0.00625 0.028125
3 0.47421875 0.259375 0.0078125 0.03125
3 0.49453125 0.27265625 0.0109375 0.040625
3 0.52734375 0.28359375 0.0125 0.0453125
3 0.59609375 0.30859375 0.0140625 0.05625
3 0.66640625 0.35390625 0.025 0.0890625
3 0.93671875 0.3625 0.0265625 0.08125
0 0.6921875 0.2453125 0.003125 0.009375
4 0.69296875 0.24921875 0.0046875 0.01875
0 0.72109375 0.2515625 0.003125 0.0125
4 0.7140625 0.2546875 0.0046875 0.015625
0 0.74140625 0.25625 0.0046875 0.015625
0 0.67578125 0.24140625 0.003125 0.0125
4 0.66171875 0.240625 0.0046875 0.015625
4 0.67109375 0.24375 0.0046875 0.015625
4 0.67890625 0.246875 0.0046875 0.015625
4 0.65078125 0.2390625 0.003125 0.0109375
4 0.63828125 0.23828125 0.003125 0.0140625
4 0.63515625 0.2453125 0.0046875 0.015625
4 0.628125 0.23671875 0.003125 0.0125
4 0.62890625 0.24296875 0.003125 0.0125
4 0.61875 0.2359375 0.003125 0.0140625
4 0.62109375 0.2390625 0.003125 0.0140625
3 0.55859375 0.23828125 0.0046875 0.0171875
3 0.51015625 0.23359375 0.003125 0.015625
3 0.52265625 0.23359375 0.0046875 0.015625
3 0.528125 0.23125 0.003125 0.0140625
3 0.56640625 0.23515625 0.0046875 0.0171875
0 0.58203125 0.234375 0.003125 0.0109375
0 0.58515625 0.2359375 0.003125 0.0125
0 0.5875 0.23984375 0.0046875 0.015625
0 0.42265625 0.246875 0.0046875 0.015625
0 0.2828125 0.228125 0.0046875 0.01875
4 0.27109375 0.22578125 0.00625 0.015625
4 0.23046875 0.2171875 0.00625 0.0171875
2 0.18671875 0.21953125 0.00625 0.0203125
2 0.21328125 0.2203125 0.0046875 0.01875
2 0.19921875 0.21484375 0.00625 0.015625
4 0.12109375 0.18125 0.00625 0.01875
4 0.12421875 0.2359375 0.0078125 0.0203125
4 0.1515625 0.2359375 0.0078125 0.0203125