0 0.8328125 0.2640625 0.015625 0.04375
0 0.78125 0.28515625 0.015625 0.04375
0 0.715625 0.30390625 0.0171875 0.0546875
0 0.64765625 0.32421875 0.0203125 0.059375
0 0.5796875 0.36171875 0.021875 0.0734375
0 0.52421875 0.40703125 0.028125 0.0921875
4 0.90625 0.38203125 0.034375 0.09375
4 0.91328125 0.52265625 0.059375 0.159375
0 0.434375 0.53125 0.04375 0.1515625
0 0.86171875 0.24921875 0.0140625 0.040625
1 0.9 0.23203125 0.015625 0.0578125
1 0.9078125 0.23203125 0.0140625 0.0578125
0 0.91953125 0.234375 0.0078125 0.0375