2 0.7828125 0.76328125 0.0828125 0.1765625
2 0.59453125 0.56015625 0.03984375 0.08828125
2 0.56640625 0.48984375 0.0234375 0.05703125
4 0.5890625 0.48359375 0.02421875 0.05625
2 0.56640625 0.4640625 0.0203125 0.0453125
1 0.56328125 0.43984375 0.021875 0.06484375
1 0.5578125 0.43671875 0.01328125 0.06484375
2 0.54609375 0.4390625 0.01484375 0.03671875
4 0.540625 0.434375 0.01171875 0.03359375
2 0.14921875 0.6546875 0.08125 0.14375
2 0.26875 0.51796875 0.04453125 0.078125
2 0.34765625 0.4703125 0.028125 0.05859375
2 0.3734375 0.4484375 0.021875 0.05
1 0.39453125 0.4265625 0.02421875 0.06484375
1 0.4046875 0.42265625 0.01484375 0.06171875
2 0.41875 0.42734375 0.01484375 0.03671875
0 0.43671875 0.4234375 0.01484375 0.03203125
0 0.33046875 0.4609375 0.02109375 0.053125
2 0.23359375 0.45078125 0.0234375 0.053125
2 0.0734375 0.43359375 0.0203125 0.05