0 0.10859375 0.50390625 0.0421875 0.090625
4 0.2796875 0.36171875 0.0203125 0.05
0 0.18203125 0.57578125 0.0625 0.134375
4 0.4421875 0.34609375 0.0265625 0.059375
4 0.4296875 0.30546875 0.015625 0.0390625
4 0.484375 0.29375 0.0171875 0.0421875
0 0.553125 0.253125 0.0125 0.0296875
4 0.5578125 0.3734375 0.0390625 0.0875
4 0.753125 0.42578125 0.0609375 0.140625
0 0.05703125 0.49140625 0.0296875 0.06875
4 0.03828125 0.42890625 0.015625 0.04375
4 0.0671875 0.38828125 0.0171875 0.034375
4 0.10703125 0.3796875 0.015625 0.0375
4 0.14453125 0.39140625 0.0203125 0.04375
4 0.159375 0.36015625 0.015625 0.0328125
4 0.21953125 0.37734375 0.01875 0.0390625
4 0.2203125 0.3375 0.0140625 0.0328125
4 0.2625 0.32265625 0.015625 0.0328125
4 0.3 0.31015625 0.0140625 0.034375
4 0.33828125 0.30625 0.0125 0.03125
4 0.37421875 0.29921875 0.0125 0.028125
4 0.359375 0.35234375 0.021875 0.0515625
4 0.39609375 0.30078125 0.0140625 0.034375
4 0.8375 0.20078125 0.0234375 0.04375
0 0.80234375 0.175 0.015625 0.034375
4 0.75390625 0.21796875 0.021875 0.0453125
0 0.7078125 0.19765625 0.0125 0.025
4 0.66953125 0.24765625 0.0203125 0.05
0 0.65234375 0.21953125 0.0125 0.0296875
0 0.60234375 0.23671875 0.015625 0.0328125
4 0.5625 0.275 0.01875 0.04375
0 0.496875 0.26484375 0.0140625 0.034375
0 0.46953125 0.265625 0.0125 0.0296875
1 0.04765625 0.38203125 0.01875 0.0484375
1 0.03671875 0.3828125 0.01875 0.05
1 0.12578125 0.34296875 0.0171875 0.0421875
1 0.1359375 0.34296875 0.015625 0.0390625
0 0.19609375 0.33359375 0.0109375 0.025
0 0.44375 0.265625 0.009375 0.025
0 0.41015625 0.2671875 0.0078125 0.0203125
0 0.25390625 0.3140625 0.0078125 0.025
0 0.37109375 0.2765625 0.0078125 0.0203125
0 0.33515625 0.28359375 0.0078125 0.0203125