0 0.24765625 0.62890625 0.059375 0.19375
0 0.42578125 0.39453125 0.0171875 0.0828125
0 0.45546875 0.334375 0.009375 0.04375
4 0.70078125 0.4734375 0.0296875 0.121875
4 0.66171875 0.36875 0.01875 0.06875
4 0.61328125 0.3140625 0.0125 0.0515625
4 0.575 0.2890625 0.0078125 0.040625
4 0.06953125 0.3125 0.009375 0.0375
0 0.13671875 0.32109375 0.009375 0.040625
4 0.14453125 0.29296875 0.00625 0.03125
0 0.1953125 0.29921875 0.0078125 0.034375
4 0.203125 0.2796875 0.00625 0.025
0 0.23984375 0.2859375 0.00625 0.028125
0 0.45234375 0.303125 0.00625 0.034375