0 0.40234375 0.3078125 0.0234375 0.0546875
0 0.41875 0.27890625 0.0171875 0.04375
0 0.465625 0.2671875 0.0125 0.0328125
0 0.4984375 0.25859375 0.0109375 0.0296875
0 0.540625 0.2578125 0.0109375 0.025
0 0.4046875 0.35 0.0328125 0.078125
4 0.575 0.3046875 0.0171875 0.04375
4 0.57265625 0.328125 0.0234375 0.0546875
4 0.58984375 0.36875 0.03125 0.075
4 0.7640625 0.33125 0.01875 0.0453125
4 0.81171875 0.375 0.0265625 0.0609375
0 0.3375 0.4984375 0.075 0.15625
4 0.67421875 0.45546875 0.046875 0.1078125
4 0.7984375 0.690625 0.1109375 0.221875
4 0.590625 0.28984375 0.0140625 0.0375
4 0.61796875 0.28203125 0.0125 0.0328125
4 0.640625 0.2796875 0.0109375 0.028125
4 0.6625 0.27734375 0.009375 0.025
4 0.67265625 0.27421875 0.0078125 0.021875
0 0.5765625 0.25859375 0.009375 0.025
0 0.59609375 0.25703125 0.0078125 0.0234375
0 0.603125 0.25390625 0.0078125 0.0234375
4 0.74296875 0.309375 0.0140625 0.034375
4 0.73359375 0.29453125 0.0125 0.028125
4 0.7296875 0.2859375 0.009375 0.021875
0 0.90703125 0.3578125 0.0203125 0.046875
0 0.87578125 0.3359375 0.015625 0.0390625
0 0.86015625 0.31796875 0.0125 0.0296875