0 0.21328125 0.2578125 0.025 0.05
0 0.27109375 0.27890625 0.0265625 0.0546875
4 0.375 0.2609375 0.0171875 0.034375
0 0.37109375 0.3796875 0.0421875 0.0890625
4 0.5625 0.32890625 0.021875 0.0453125
4 0.84609375 0.421875 0.025 0.0515625
0 0.20625 0.6171875 0.1203125 0.2265625
4 0.72578125 0.45390625 0.0421875 0.084375
0 0.3515625 0.31640625 0.028125 0.059375
4 0.853125 0.39921875 0.025 0.05
4 0.83671875 0.3734375 0.01875 0.0390625
4 0.79921875 0.35 0.015625 0.0328125
4 0.63359375 0.3640625 0.0265625 0.0546875
4 0.5 0.29609375 0.0203125 0.0390625
4 0.43984375 0.27890625 0.0171875 0.0359375
4 0.3203125 0.246875 0.0171875 0.0359375
4 0.24921875 0.23203125 0.0171875 0.034375