0 0.38359375 0.271875 0.00546875 0.02890625
0 0.271875 0.49609375 0.0375 0.1265625
0 0.41953125 0.390625 0.0171875 0.08203125
0 0.465625 0.353125 0.01328125 0.0609375
0 0.46796875 0.31328125 0.0078125 0.046875
4 0.596875 0.296875 0.01015625 0.0453125
4 0.6484375 0.32421875 0.0125 0.06015625
4 0.68046875 0.36875 0.01796875 0.08046875
4 0.74609375 0.26953125 0.0078125 0.03515625
4 0.753125 0.28671875 0.0109375 0.04453125
4 0.77734375 0.31953125 0.015625 0.0625
4 0.89765625 0.37578125 0.02578125 0.0875
4 0.6984375 0.44921875 0.034375 0.11875
4 0.71328125 0.59765625 0.0515625 0.19453125
0 0.44140625 0.29609375 0.00703125 0.0375
0 0.40078125 0.28515625 0.00625 0.0296875
0 0.39609375 0.259375 0.00390625 0.02265625
0 0.425 0.25234375 0.00390625 0.0171875
4 0.54921875 0.2765625 0.0078125 0.0359375
4 0.49921875 0.2671875 0.00625 0.0296875
4 0.48984375 0.259375 0.00546875 0.02890625
4 0.52109375 0.253125 0.00390625 0.025
4 0.55703125 0.25 0.00546875 0.02421875
4 0.621875 0.2484375 0.00546875 0.025
4 0.66953125 0.2484375 0.00546875 0.0296875
4 0.78359375 0.259375 0.00703125 0.0296875
4 0.83203125 0.2515625 0.0078125 0.0328125
4 0.88828125 0.2515625 0.0078125 0.03515625
4 0.92890625 0.2515625 0.0078125 0.03125
0 0.46484375 0.24375 0.0046875 0.01953125
0 0.50859375 0.240625 0.00390625 0.01796875
0 0.53515625 0.2375 0.00390625 0.01796875
0 0.590625 0.23828125 0.003125 0.0203125
0 0.63125 0.23828125 0.00390625 0.01953125
0 0.6921875 0.2359375 0.0046875 0.01796875
0 0.746875 0.23515625 0.0046875 0.01796875
0 0.846875 0.2359375 0.00625 0.01953125
4 0.93671875 0.25078125 0.00703125 0.0296875
4 0.90234375 0.24609375 0.00703125 0.0296875
4 0.86328125 0.24296875 0.00703125 0.03125
4 0.8171875 0.24375 0.00703125 0.0296875
4 0.7875 0.24375 0.00546875 0.0265625
4 0.740625 0.24375 0.00625 0.0265625
0 0.790625 0.2328125 0.0046875 0.0203125