4 0.55234375 0.265625 0.00703125 0.03125
4 0.8625 0.26171875 0.009375 0.03359375
0 0.45546875 0.28828125 0.00703125 0.03359375
4 0.559375 0.2859375 0.01015625 0.03828125
0 0.4390625 0.31640625 0.01171875 0.04296875
4 0.57734375 0.3125 0.01484375 0.0578125
4 0.60859375 0.35546875 0.0203125 0.07421875
0 0.38046875 0.4125 0.02421875 0.08671875
4 0.65390625 0.4203125 0.02734375 0.1109375
4 0.81328125 0.67109375 0.06796875 0.23203125
0 0.19453125 0.7203125 0.071875 0.2203125
0 0.9203125 0.2546875 0.00703125 0.03359375
0 0.871875 0.2453125 0.00546875 0.02421875
4 0.809375 0.25 0.00703125 0.02890625
0 0.82265625 0.2390625 0.00546875 0.02421875
0 0.78984375 0.2359375 0.00546875 0.01953125
0 0.4640625 0.271875 0.00546875 0.02890625
0 0.4734375 0.25859375 0.00546875 0.02421875
0 0.48515625 0.2546875 0.00546875 0.02421875
0 0.51171875 0.24453125 0.0046875 0.0203125
0 0.5296875 0.23828125 0.00390625 0.0203125
0 0.55859375 0.23515625 0.0046875 0.0203125
0 0.61171875 0.228125 0.00390625 0.01953125
0 0.5828125 0.23203125 0.003125 0.0171875
0 0.64375 0.23125 0.00390625 0.01796875
4 0.56328125 0.24609375 0.00390625 0.02421875
4 0.5796875 0.24375 0.00390625 0.0171875
4 0.60390625 0.23828125 0.0046875 0.0203125
4 0.63046875 0.2375 0.00390625 0.01796875
4 0.64921875 0.2359375 0.00390625 0.0171875
4 0.678125 0.23515625 0.00546875 0.025
4 0.7125 0.2390625 0.00703125 0.02890625
4 0.7515625 0.240625 0.00625 0.0265625
4 0.54375 0.22265625 0.00390625 0.01953125