1 0.78359375 0.46171875 0.11875 0.2625
1 0.72109375 0.41328125 0.0921875 0.2078125
4 0.64765625 0.378125 0.0453125 0.0953125
4 0.56875 0.30234375 0.025 0.053125
4 0.52890625 0.2625 0.015625 0.0328125
0 0.1734375 0.80078125 0.1046875 0.20625
1 0.23515625 0.5734375 0.1109375 0.2390625
1 0.2671875 0.52578125 0.0859375 0.2046875
4 0.196875 0.46875 0.0390625 0.0671875
0 0.33671875 0.4484375 0.04375 0.0953125
0 0.3890625 0.3453125 0.0234375 0.05
0 0.42265625 0.29140625 0.0140625 0.03125
0 0.43203125 0.27265625 0.0109375 0.0265625
0 0.4359375 0.259375 0.0078125 0.0203125
4 0.50625 0.24140625 0.0109375 0.025
3 0.109375 0.43125 0.0359375 0.06875
3 0.121875 0.38125 0.01875 0.0359375
3 0.23828125 0.34765625 0.0234375 0.0453125
3 0.33359375 0.30078125 0.015625 0.0328125
3 0.37421875 0.33515625 0.021875 0.059375
0 0.28359375 0.328125 0.0140625 0.0296875
0 0.21953125 0.359375 0.0171875 0.0359375
0 0.14921875 0.39140625 0.0203125 0.040625
4 0.16875 0.36953125 0.015625 0.034375
3 0.053125 0.4375 0.025 0.046875
3 0.47421875 0.234375 0.00625 0.0140625
3 0.45703125 0.23671875 0.00625 0.0140625
3 0.4875 0.23359375 0.00625 0.015625
4 0.271875 0.3203125 0.0109375 0.0265625
4 0.29453125 0.3046875 0.0109375 0.0234375
4 0.28671875 0.3125 0.0109375 0.025
0 0.3109375 0.28359375 0.009375 0.01875
0 0.3234375 0.3046875 0.0140625 0.0296875
0 0.34765625 0.29296875 0.0125 0.028125
3 0.4140625 0.2796875 0.0140625 0.0359375
3 0.421875 0.2703125 0.0125 0.03125
4 0.51484375 0.2515625 0.009375 0.025
4 0.5015625 0.2359375 0.00625 0.0171875
4 0.096875 0.4015625 0.0140625 0.0296875
4 0.22734375 0.34453125 0.0109375 0.025
4 0.278125 0.30859375 0.009375 0.0203125
0 0.35625 0.2875 0.0078125 0.0203125
0 0.36015625 0.28359375 0.009375 0.0203125