0 0.2875 0.3390625 0.03125 0.0734375
0 0.3046875 0.296875 0.0203125 0.05
0 0.36484375 0.26640625 0.0140625 0.0375
0 0.425 0.25703125 0.0125 0.0296875
0 0.48828125 0.253125 0.009375 0.025
4 0.5046875 0.2921875 0.01875 0.04375
0 0.55078125 0.25859375 0.009375 0.0234375
4 0.559375 0.28828125 0.015625 0.0390625
0 0.5890625 0.26015625 0.0109375 0.025
0 0.303125 0.425 0.053125 0.115625
4 0.51015625 0.3171875 0.021875 0.053125
4 0.5921875 0.37890625 0.0328125 0.078125
4 0.72109375 0.55234375 0.071875 0.15625
0 0.25703125 0.60078125 0.0953125 0.20625
4 0.6171875 0.28984375 0.0171875 0.040625
0 0.6671875 0.27578125 0.0125 0.03125
4 0.71953125 0.30703125 0.0171875 0.04375
0 0.72890625 0.28828125 0.0140625 0.028125
4 0.80390625 0.32578125 0.0203125 0.0453125
0 0.81640625 0.29453125 0.0109375 0.025
0 0.8953125 0.30546875 0.0140625 0.03125
4 0.92265625 0.3390625 0.0203125 0.0453125
0 0.9546875 0.315625 0.0140625 0.0296875