0 0.51015625 0.28125 0.0109375 0.034375
4 0.61328125 0.28828125 0.0125 0.0390625
4 0.6296875 0.31171875 0.0171875 0.05
0 0.4828125 0.321875 0.0171875 0.05
4 0.65078125 0.3390625 0.021875 0.059375
4 0.6921875 0.40546875 0.03125 0.090625
4 0.7640625 0.52578125 0.05625 0.1578125
0 0.3828125 0.48828125 0.0421875 0.13125
0 0.43671875 0.38828125 0.0265625 0.0828125
0 0.51953125 0.26640625 0.0078125 0.0296875
0 0.525 0.25390625 0.0078125 0.021875
0 0.53125 0.246875 0.00625 0.0203125
0 0.54140625 0.24296875 0.00625 0.0203125
4 0.6015625 0.271875 0.0109375 0.0296875
4 0.596875 0.25546875 0.00625 0.025
0 0.56328125 0.2390625 0.0046875 0.0203125
0 0.5796875 0.2390625 0.0046875 0.015625
4 0.60859375 0.24609375 0.0046875 0.01875
4 0.6234375 0.2453125 0.0046875 0.01875
4 0.6453125 0.24453125 0.0046875 0.01875
4 0.66875 0.24453125 0.0046875 0.0171875
4 0.68671875 0.2484375 0.0046875 0.01875
4 0.94453125 0.309375 0.0109375 0.0359375
4 0.8609375 0.28046875 0.009375 0.0296875
4 0.71171875 0.24765625 0.00625 0.0203125
4 0.8234375 0.26875 0.0078125 0.0265625
4 0.778125 0.259375 0.0078125 0.0203125
4 0.7453125 0.253125 0.0046875 0.0171875
0 0.9234375 0.2796875 0.009375 0.0296875
0 0.884375 0.26796875 0.009375 0.025
0 0.84375 0.26015625 0.0078125 0.0234375
0 0.8171875 0.25546875 0.0078125 0.0234375
0 0.60546875 0.2359375 0.0046875 0.015625
0 0.628125 0.23515625 0.0046875 0.015625
0 0.65390625 0.2359375 0.0046875 0.0171875
0 0.684375 0.2375 0.0046875 0.0171875