0 0.24765625 0.571875 0.0625 0.1515625
0 0.2953125 0.43125 0.034375 0.0859375
0 0.34609375 0.346875 0.0171875 0.05
4 0.83046875 0.59296875 0.096875 0.23125
4 0.5640625 0.3765625 0.0296875 0.084375
4 0.48828125 0.31953125 0.01875 0.0546875
4 0.4578125 0.296875 0.015625 0.0421875
4 0.43515625 0.28203125 0.0109375 0.0328125
4 0.4203125 0.27265625 0.009375 0.028125
4 0.409375 0.265625 0.00625 0.0234375
4 0.40234375 0.259375 0.00625 0.0203125
4 0.3984375 0.25703125 0.00625 0.0203125
0 0.3453125 0.3125 0.0140625 0.0390625
4 0.05625 0.36171875 0.0140625 0.0375
0 0.0984375 0.3671875 0.015625 0.0390625
1 0.09765625 0.33359375 0.0125 0.0390625
1 0.1046875 0.3296875 0.0125 0.0390625
0 0.14921875 0.33828125 0.0125 0.0328125
0 0.178125 0.3203125 0.009375 0.0265625
1 0.18984375 0.30859375 0.0125 0.0390625
1 0.196875 0.3078125 0.0109375 0.0390625
3 0.834375 0.409375 0.071875 0.1765625
3 0.74453125 0.35859375 0.0484375 0.134375
0 0.2203125 0.2984375 0.0078125 0.021875
0 0.240625 0.28828125 0.0046875 0.015625
0 0.26796875 0.2796875 0.00625 0.015625
0 0.2953125 0.2734375 0.00625 0.015625
4 0.39375 0.2546875 0.0046875 0.015625