4 0.45546875 0.24140625 0.00625 0.025
0 0.38828125 0.25 0.009375 0.0296875
0 0.415625 0.2578125 0.009375 0.0265625
4 0.4625 0.24921875 0.0078125 0.0203125
4 0.49375 0.2578125 0.009375 0.025
4 0.53984375 0.26640625 0.0109375 0.03125
4 0.57890625 0.27734375 0.0109375 0.0296875
4 0.66328125 0.27421875 0.0078125 0.025
0 0.7421875 0.29140625 0.009375 0.025
0 0.45546875 0.26796875 0.009375 0.0296875
0 0.50390625 0.28046875 0.0109375 0.034375
4 0.61796875 0.2859375 0.0125 0.034375
4 0.6515625 0.2984375 0.015625 0.0375
4 0.70703125 0.29453125 0.009375 0.025
0 0.54609375 0.29765625 0.0140625 0.0359375
4 0.68515625 0.31640625 0.0140625 0.0390625
4 0.803125 0.32734375 0.0125 0.0359375
0 0.915625 0.3484375 0.0171875 0.0390625
0 0.57421875 0.32578125 0.0171875 0.0515625
4 0.721875 0.3390625 0.0171875 0.05
0 0.571875 0.3578125 0.021875 0.0640625
4 0.76015625 0.38203125 0.025 0.06875
0 0.48359375 0.40390625 0.0265625 0.0828125
4 0.78359375 0.446875 0.0375 0.096875
0 0.2546875 0.5015625 0.0578125 0.153125
4 0.7875 0.59609375 0.0625 0.1703125
4 0.84140625 0.790625 0.0640625 0.159375
4 0.4515625 0.24375 0.0046875 0.0203125
0 0.38046875 0.2453125 0.0046875 0.021875
0 0.40390625 0.234375 0.0046875 0.0171875
0 0.41875 0.2328125 0.0046875 0.0140625
0 0.44140625 0.2328125 0.0046875 0.0140625
0 0.46796875 0.23359375 0.003125 0.0140625
4 0.471875 0.240625 0.00625 0.0203125
0 0.70390625 0.2796875 0.00625 0.0203125
0 0.67578125 0.27109375 0.00625 0.0171875
0 0.64921875 0.2640625 0.0046875 0.0140625
4 0.60390625 0.25546875 0.00625 0.0171875
4 0.58203125 0.25234375 0.00625 0.0203125
4 0.56015625 0.24765625 0.0046875 0.0171875
0 0.5734375 0.246875 0.0046875 0.0140625
0 0.54453125 0.2421875 0.0046875 0.0125
4 0.53828125 0.24296875 0.0046875 0.0140625
4 0.5140625 0.240625 0.00625 0.0171875
0 0.51953125 0.2375 0.0046875 0.0140625
4 0.49140625 0.240625 0.0046875 0.0140625
0 0.80703125 0.3140625 0.009375 0.025
0 0.62421875 0.25703125 0.0046875 0.0171875
0 0.59921875 0.25078125 0.003125 0.0140625
0 0.49453125 0.23359375 0.003125 0.0140625
0 0.38203125 0.24140625 0.0046875 0.0203125
0 0.3890625 0.23671875 0.00625 0.0203125