4 0.86875 0.79609375 0.059375 0.165625
4 0.50390625 0.4734375 0.0328125 0.1125
4 0.38671875 0.3796875 0.0296875 0.078125
4 0.378125 0.3203125 0.01875 0.05
4 0.41015625 0.290625 0.0125 0.0390625
4 0.43671875 0.27421875 0.0125 0.0296875
4 0.44609375 0.26796875 0.009375 0.025
4 0.4484375 0.25625 0.0078125 0.025
4 0.43046875 0.2515625 0.0078125 0.025
4 0.41484375 0.2484375 0.0078125 0.021875
4 0.39765625 0.2453125 0.0078125 0.0203125
4 0.378125 0.24453125 0.0078125 0.0203125
4 0.34765625 0.24140625 0.00625 0.0203125
0 0.34453125 0.26015625 0.009375 0.025
0 0.328125 0.26953125 0.0109375 0.0296875
0 0.3359375 0.2546875 0.009375 0.025
0 0.3125 0.25 0.009375 0.025
4 0.31953125 0.23984375 0.0078125 0.0203125
0 0.284375 0.2484375 0.009375 0.025
0 0.27890625 0.28125 0.0140625 0.0375
0 0.23046875 0.29765625 0.01875 0.04375
0 0.24609375 0.25 0.009375 0.025
4 0.25078125 0.240625 0.0078125 0.0203125
4 0.19609375 0.2421875 0.0078125 0.021875
0 0.20625 0.253125 0.0109375 0.0265625
4 0.1578125 0.24453125 0.009375 0.025
0 0.14921875 0.25859375 0.0125 0.0296875
0 0.1484375 0.33828125 0.028125 0.0671875