0 0.70078125 0.30546875 0.0125 0.0453125
0 0.7859375 0.2984375 0.0125 0.0484375
0 0.8265625 0.2953125 0.0125 0.0484375
0 0.88359375 0.30078125 0.015625 0.05
0 0.63125 0.32109375 0.015625 0.053125
0 0.571875 0.34375 0.0171875 0.0625
4 0.928125 0.4 0.021875 0.0984375
0 0.4546875 0.41796875 0.021875 0.090625
4 0.83046875 0.43046875 0.034375 0.115625
0 0.35078125 0.49609375 0.0359375 0.1375
4 0.790625 0.55546875 0.04375 0.159375
0 0.10625 0.75078125 0.0421875 0.159375
0 0.93671875 0.30390625 0.00625 0.05