0 0.24296875 0.47890625 0.0875 0.19375
0 0.4875 0.24609375 0.0234375 0.0640625
1 0.52421875 0.2078125 0.0265625 0.08125
1 0.53125 0.20546875 0.021875 0.071875
0 0.55 0.1984375 0.0140625 0.034375
4 0.65625 0.2140625 0.0140625 0.0375
1 0.67890625 0.2390625 0.028125 0.0875
4 0.67734375 0.29140625 0.028125 0.0734375
4 0.80234375 0.62421875 0.109375 0.240625
0 0.9640625 0.2578125 0.0125 0.0265625
4 0.9796875 0.26796875 0.0171875 0.040625
4 0.81484375 0.22890625 0.0109375 0.021875
4 0.64609375 0.2 0.0109375 0.0234375
4 0.8734375 0.2421875 0.0125 0.0265625