0 0.2640625 0.4984375 0.0671875 0.1546875
0 0.4125 0.3375 0.0265625 0.0671875
0 0.45703125 0.2953125 0.015625 0.04375
0 0.4765625 0.27578125 0.0125 0.03125
0 0.48828125 0.26484375 0.0109375 0.0265625
0 0.49609375 0.25625 0.009375 0.021875
4 0.615625 0.45 0.040625 0.1078125
4 0.59296875 0.35078125 0.0234375 0.0640625
4 0.58359375 0.31484375 0.015625 0.04375
4 0.58125 0.290625 0.0125 0.034375
4 0.575 0.2765625 0.0109375 0.0296875
4 0.5703125 0.265625 0.009375 0.025
4 0.565625 0.2578125 0.0078125 0.0203125
4 0.55078125 0.25234375 0.00625 0.0203125
0 0.13359375 0.2765625 0.021875 0.0546875
1 0.2 0.2546875 0.0296875 0.06875
1 0.21875 0.253125 0.028125 0.0671875
0 0.296875 0.24921875 0.0125 0.0296875
0 0.35078125 0.2421875 0.009375 0.025
4 0.765625 0.8296875 0.0484375 0.1046875
4 0.5296875 0.24765625 0.00625 0.0203125
4 0.5046875 0.24296875 0.00625 0.01875
4 0.4515625 0.23515625 0.00625 0.0203125
4 0.42265625 0.23359375 0.00625 0.0203125
4 0.3921875 0.23203125 0.00625 0.0171875
0 0.39921875 0.23984375 0.0078125 0.0203125
0 0.4390625 0.24140625 0.0078125 0.0234375