2 0.584375 0.6859375 0.0984375 0.1890625
0 0.44453125 0.68203125 0.0875 0.171875
2 0.39609375 0.571875 0.059375 0.121875
1 0.32578125 0.496875 0.0625 0.14375
1 0.29296875 0.48359375 0.03125 0.134375
2 0.89921875 0.42578125 0.06875 0.115625
4 0.85234375 0.40078125 0.059375 0.1015625
2 0.7015625 0.396875 0.046875 0.0859375
1 0.59609375 0.36953125 0.0515625 0.109375
1 0.5609375 0.36953125 0.04375 0.0953125
2 0.51328125 0.38984375 0.0328125 0.059375
4 0.47265625 0.3875 0.028125 0.05625
2 0.2828125 0.47578125 0.0140625 0.0703125
2 0.10625 0.8421875 0.0578125 0.0953125