4 0.8171875 0.7609375 0.0546875 0.09375
0 0.42734375 0.6265625 0.02734375 0.05703125
0 0.46484375 0.57578125 0.01640625 0.034375
0 0.4609375 0.5515625 0.0109375 0.02265625
0 0.1921875 0.803125 0.07421875 0.1109375
0 0.34375 0.50078125 0.00546875 0.0140625
0 0.39453125 0.503125 0.00625 0.01328125
0 0.43203125 0.5078125 0.00625 0.0140625
2 0.23984375 0.4921875 0.00625 0.01328125
2 0.27578125 0.48828125 0.00546875 0.0109375
0 0.46328125 0.5203125 0.009375 0.01796875
0 0.45390625 0.51328125 0.00859375 0.01484375
4 0.50390625 0.5109375 0.0046875 0.01015625
4 0.3546875 0.49609375 0.00390625 0.01015625
4 0.53125 0.51640625 0.00546875 0.0109375
4 0.55 0.52578125 0.00546875 0.01171875
4 0.61328125 0.5578125 0.015625 0.03125
4 0.73984375 0.6421875 0.028125 0.053125
4 0.66640625 0.5859375 0.0140625 0.034375
4 0.584375 0.540625 0.00859375 0.0171875
4 0.4703125 0.5046875 0.0046875 0.01015625
4 0.4359375 0.5015625 0.00390625 0.009375
0 0.4640625 0.5328125 0.0078125 0.01796875
4 0.39921875 0.49921875 0.003125 0.0078125