0 0.25390625 0.5671875 0.0578125 0.1671875
0 0.37890625 0.39375 0.0265625 0.0875
0 0.434375 0.328125 0.0140625 0.053125
0 0.47578125 0.29921875 0.009375 0.04375
0 0.51171875 0.2765625 0.009375 0.034375
1 0.9078125 0.715625 0.05625 0.275
4 0.65703125 0.4453125 0.0328125 0.109375
4 0.6 0.3578125 0.0203125 0.0671875
4 0.58984375 0.315625 0.0125 0.0515625
4 0.60546875 0.29140625 0.0109375 0.0390625
4 0.615625 0.2734375 0.0078125 0.034375
0 0.5234375 0.26484375 0.00625 0.0296875
0 0.0984375 0.3296875 0.01875 0.053125
4 0.15703125 0.2828125 0.0140625 0.034375
0 0.2 0.296875 0.0125 0.0390625
4 0.2140625 0.26796875 0.0109375 0.03125
0 0.2671875 0.2734375 0.0109375 0.034375