0 0.2703125 0.56875 0.0546875 0.1703125
0 0.3515625 0.39453125 0.0234375 0.0796875
0 0.3375 0.3515625 0.0171875 0.0625
0 0.2734375 0.33828125 0.0171875 0.0578125
0 0.1265625 0.359375 0.021875 0.0625
4 0.1703125 0.3078125 0.015625 0.04375
4 0.26015625 0.29453125 0.0125 0.0390625
4 0.3421875 0.2875 0.0109375 0.0390625
4 0.4046875 0.2890625 0.0109375 0.0390625
4 0.46171875 0.29375 0.0109375 0.0390625
4 0.51875 0.31328125 0.0140625 0.0515625
4 0.58125 0.3484375 0.01875 0.0625
4 0.6671875 0.478125 0.0421875 0.1234375