0 0.3765625 0.32109375 0.0140625 0.0515625
0 0.43046875 0.2953125 0.0109375 0.040625
0 0.46640625 0.27421875 0.009375 0.03125
0 0.5125 0.2640625 0.0078125 0.0296875
0 0.35546875 0.44453125 0.025 0.0890625
0 0.35703125 0.3703125 0.01875 0.0703125
4 0.56484375 0.31484375 0.0125 0.0546875
4 0.56796875 0.3515625 0.01875 0.0671875
4 0.6078125 0.4140625 0.0234375 0.09375
4 0.79140625 0.57890625 0.0625 0.1890625
4 0.57890625 0.2921875 0.009375 0.04375
4 0.60546875 0.2734375 0.009375 0.0390625
4 0.6296875 0.265625 0.0078125 0.034375
4 0.65234375 0.2546875 0.0078125 0.0296875
4 0.66171875 0.2484375 0.0078125 0.0296875
4 0.9046875 0.35859375 0.028125 0.08125
4 0.80390625 0.30078125 0.0171875 0.053125
4 0.76171875 0.27890625 0.0109375 0.04375
4 0.74140625 0.2609375 0.009375 0.034375
4 0.73203125 0.2515625 0.0078125 0.0296875
4 0.75625 0.24296875 0.00625 0.025
0 0.93671875 0.28203125 0.0125 0.0453125
0 0.9015625 0.25625 0.0125 0.040625
0 0.9296875 0.24609375 0.009375 0.0390625
0 0.55234375 0.25546875 0.0078125 0.03125
0 0.20859375 0.7703125 0.0328125 0.1140625
0 0.5734375 0.2515625 0.00625 0.0265625
4 0.77578125 0.23515625 0.0046875 0.0265625
0 0.58046875 0.24296875 0.00625 0.0203125
4 0.63671875 0.23203125 0.003125 0.025
4 0.71015625 0.221875 0.0046875 0.0203125
4 0.746875 0.22265625 0.0046875 0.025
4 0.8296875 0.22890625 0.0078125 0.025
4 0.81796875 0.22578125 0.00625 0.0203125
4 0.66171875 0.2234375 0.0046875 0.0171875
0 0.696875 0.21796875 0.003125 0.0140625
0 0.73125 0.21875 0.003125 0.0140625
0 0.86015625 0.21796875 0.00625 0.025
0 0.60078125 0.21875 0.003125 0.0140625
4 0.87265625 0.2234375 0.00625 0.025
4 0.89140625 0.2296875 0.0078125 0.025
4 0.9125 0.225 0.0078125 0.025
4 0.6125 0.22890625 0.00625 0.021875
0 0.54453125 0.23125 0.00625 0.0203125
0 0.55390625 0.23046875 0.00625 0.0265625
0 0.571875 0.22734375 0.00625 0.0203125
0 0.79453125 0.21796875 0.0046875 0.0140625
4 0.6515625 0.2359375 0.00625 0.01875
0 0.65390625 0.21796875 0.0046875 0.01875
0 0.91796875 0.221875 0.00625 0.0234375
4 0.63359375 0.22421875 0.003125 0.0203125