2 0.42890625 0.38984375 0.028125 0.0703125
0 0.46640625 0.3375 0.0203125 0.053125
0 0.54453125 0.29609375 0.015625 0.0390625
0 0.5921875 0.2703125 0.0125 0.03125
0 0.66015625 0.25234375 0.0125 0.0328125
4 0.6703125 0.32734375 0.0296875 0.0640625
2 0.30859375 0.5828125 0.071875 0.1546875
2 0.72265625 0.421875 0.0484375 0.11875
2 0.8890625 0.66015625 0.1078125 0.21875
4 0.70390625 0.29765625 0.025 0.0609375
4 0.73671875 0.28125 0.021875 0.0546875
4 0.77890625 0.2671875 0.0234375 0.053125
0 0.75859375 0.23671875 0.0140625 0.034375
1 0.81796875 0.21953125 0.01875 0.0515625
1 0.84296875 0.21875 0.015625 0.0484375
4 0.84453125 0.25078125 0.021875 0.046875
0 0.890625 0.2234375 0.0125 0.0359375
4 0.203125 0.3953125 0.0265625 0.040625
4 0.140625 0.40703125 0.03125 0.0421875
0 0.17109375 0.4046875 0.0328125 0.05