4 0.7 0.2703125 0.0109375 0.03125
4 0.88046875 0.25859375 0.009375 0.0296875
4 0.90078125 0.2546875 0.0109375 0.0296875
4 0.86640625 0.2671875 0.0125 0.0359375
4 0.8828125 0.27890625 0.0140625 0.0390625
4 0.72421875 0.30546875 0.015625 0.046875
4 0.92265625 0.29453125 0.009375 0.04375
0 0.4390625 0.3859375 0.025 0.0734375
4 0.75859375 0.36328125 0.0234375 0.0765625
0 0.290625 0.53671875 0.046875 0.140625
0 0.5109375 0.3234375 0.015625 0.05
0 0.55546875 0.2875 0.0109375 0.0359375
0 0.58125 0.265625 0.009375 0.0265625
0 0.59765625 0.2515625 0.0078125 0.025
0 0.6125 0.2390625 0.0046875 0.0203125
0 0.61875 0.234375 0.0046875 0.0140625
4 0.91328125 0.65625 0.0875 0.2296875
4 0.68984375 0.253125 0.009375 0.0265625
4 0.6796875 0.228125 0.0046875 0.0171875
3 0.78203125 0.3484375 0.034375 0.0953125
3 0.91484375 0.53046875 0.071875 0.2203125
3 0.82109375 0.2859375 0.0203125 0.0578125
3 0.7390625 0.2890625 0.01875 0.059375
3 0.72265625 0.26953125 0.0140625 0.0453125
3 0.71328125 0.25703125 0.0109375 0.0359375
3 0.696875 0.2359375 0.009375 0.0265625
3 0.8421875 0.2609375 0.015625 0.04375
3 0.9171875 0.346875 0.034375 0.0984375