0 0.13671875 0.6921875 0.065625 0.228125
0 0.35234375 0.46640625 0.034375 0.115625
0 0.48046875 0.38203125 0.021875 0.0765625
0 0.5828125 0.34765625 0.01875 0.059375
0 0.66171875 0.3296875 0.0171875 0.0515625
0 0.74375 0.32421875 0.015625 0.05
0 0.8296875 0.33125 0.015625 0.046875
4 0.8828125 0.50390625 0.0421875 0.134375
3 0.84453125 0.3078125 0.0171875 0.05
3 0.8265625 0.30234375 0.0125 0.05
3 0.60703125 0.29375 0.0125 0.0515625
3 0.61875 0.29765625 0.015625 0.053125
3 0.49609375 0.32578125 0.01875 0.06875
3 0.73671875 0.28125 0.009375 0.0375
3 0.5703125 0.28203125 0.0125 0.0421875
3 0.5421875 0.2671875 0.0078125 0.034375
3 0.51796875 0.25390625 0.00625 0.028125
3 0.66328125 0.2640625 0.0078125 0.0296875
3 0.62265625 0.253125 0.00625 0.025
3 0.5828125 0.24609375 0.00625 0.021875
3 0.5015625 0.2453125 0.00625 0.025
3 0.4921875 0.240625 0.00625 0.0203125
3 0.5578125 0.240625 0.00625 0.01875
4 0.92734375 0.4359375 0.025 0.096875