0 0.32421875 0.60859375 0.0640625 0.1671875
0 0.46796875 0.4125 0.0328125 0.084375
0 0.51875 0.3390625 0.021875 0.0609375
0 0.5171875 0.30234375 0.0171875 0.04375
0 0.49140625 0.28203125 0.0140625 0.034375
0 0.47265625 0.2734375 0.0109375 0.0296875
0 0.453125 0.2640625 0.00625 0.0203125
0 0.440625 0.26015625 0.009375 0.021875
0 0.43515625 0.25859375 0.00625 0.0203125
4 0.83046875 0.390625 0.0375 0.109375
4 0.79375 0.32421875 0.034375 0.075
4 0.6828125 0.28125 0.0203125 0.05
4 0.5984375 0.265625 0.0140625 0.034375
4 0.5421875 0.2546875 0.0109375 0.025
4 0.51328125 0.25078125 0.0109375 0.025
4 0.496875 0.24765625 0.009375 0.025
4 0.48671875 0.246875 0.00625 0.0203125
4 0.4765625 0.24453125 0.00625 0.0171875
4 0.46953125 0.24296875 0.00625 0.0171875
4 0.46015625 0.24375 0.0046875 0.0140625
0 0.0453125 0.40234375 0.0125 0.0328125
4 0.07578125 0.37578125 0.0109375 0.0265625
0 0.0890625 0.38203125 0.0109375 0.0296875
4 0.115625 0.36171875 0.0109375 0.025
0 0.1453125 0.3640625 0.0125 0.025
4 0.1515625 0.34765625 0.009375 0.025
0 0.18359375 0.35078125 0.0109375 0.025
4 0.1828125 0.3375 0.009375 0.021875
4 0.21796875 0.32578125 0.0078125 0.0203125
0 0.22578125 0.33125 0.009375 0.025
4 0.2515625 0.31328125 0.0078125 0.0203125
0 0.27265625 0.31484375 0.009375 0.025
4 0.28359375 0.3015625 0.0078125 0.0203125
0 0.3140625 0.2984375 0.009375 0.021875
4 0.3234375 0.284375 0.00625 0.0171875
4 0.3296875 0.28046875 0.0046875 0.0140625
4 0.334375 0.27578125 0.00625 0.0171875
0 0.3453125 0.2859375 0.0078125 0.0203125
4 0.3453125 0.27109375 0.0046875 0.0140625
0 0.365625 0.2765625 0.00625 0.0203125
4 0.3640625 0.2609375 0.0078125 0.0171875
4 0.3828125 0.25703125 0.00625 0.0140625
0 0.37421875 0.26875 0.00625 0.015625
0 0.3890625 0.25859375 0.00625 0.015625
4 0.446875 0.24375 0.00625 0.0171875
4 0.40546875 0.2515625 0.00625 0.015625
4 0.4265625 0.246875 0.00625 0.015625