0 0.309375 0.703125 0.0734375 0.096875
0 0.328125 0.59453125 0.034375 0.05
0 0.34453125 0.54765625 0.021875 0.034375
0 0.35234375 0.52109375 0.0140625 0.021875
0 0.34140625 0.51171875 0.0125 0.01875
0 0.3140625 0.51015625 0.0109375 0.0171875
4 0.71640625 0.58359375 0.0546875 0.0765625
4 0.57734375 0.53046875 0.028125 0.0390625
4 0.51953125 0.5078125 0.0203125 0.03125
4 0.47109375 0.49453125 0.009375 0.015625
0 0.2640625 0.51796875 0.0125 0.0171875
0 0.1859375 0.5375 0.015625 0.0203125
4 0.4453125 0.48671875 0.0109375 0.0140625
4 0.41015625 0.48828125 0.0109375 0.0140625
2 0.09765625 0.53984375 0.0109375 0.015625
4 0.21328125 0.52109375 0.0109375 0.0140625
4 0.27578125 0.5078125 0.0078125 0.0125
4 0.36875 0.4921875 0.0078125 0.0125
4 0.32421875 0.4984375 0.009375 0.0125