0 0.4 0.5921875 0.04140625 0.178125
0 0.49296875 0.4046875 0.01875 0.0875
0 0.51796875 0.35 0.01484375 0.0625
0 0.5453125 0.30546875 0.01015625 0.0453125
0 0.56484375 0.27421875 0.00703125 0.03125
0 0.57109375 0.26015625 0.00546875 0.0296875
0 0.58046875 0.240625 0.00546875 0.02265625
0 0.575 0.25078125 0.00390625 0.02734375
0 0.5890625 0.23828125 0.0046875 0.02265625
4 0.7921875 0.43515625 0.0328125 0.11328125
4 0.73671875 0.36015625 0.02109375 0.078125
4 0.6984375 0.3140625 0.015625 0.0578125
4 0.6796875 0.29140625 0.01015625 0.04453125
4 0.6625 0.271875 0.00859375 0.03984375
4 0.6515625 0.259375 0.00625 0.03125
0 0.6109375 0.2328125 0.0046875 0.02265625
4 0.85234375 0.24140625 0.00703125 0.02890625
4 0.6453125 0.2453125 0.00546875 0.02890625
4 0.9109375 0.24609375 0.0078125 0.0265625
4 0.81171875 0.2359375 0.00546875 0.01953125