4 0.82734375 0.74375 0.04375 0.175
4 0.6796875 0.4515625 0.028125 0.115625
4 0.6 0.353125 0.015625 0.0671875
4 0.54921875 0.31015625 0.009375 0.0453125
4 0.52265625 0.2859375 0.009375 0.0359375
4 0.4953125 0.2640625 0.00625 0.0265625
0 0.38984375 0.38203125 0.0171875 0.071875
0 0.396875 0.33046875 0.0125 0.05
0 0.40625 0.2984375 0.009375 0.0375
0 0.31015625 0.52890625 0.0375 0.1390625
0 0.06484375 0.33203125 0.009375 0.04375
4 0.0953125 0.2984375 0.009375 0.03125
0 0.13359375 0.30859375 0.009375 0.034375
4 0.1734375 0.28125 0.00625 0.0265625
0 0.20234375 0.2921875 0.00625 0.0265625