0 0.16484375 0.69609375 0.06875 0.1734375
0 0.37421875 0.4453125 0.040625 0.1078125
0 0.4375 0.375 0.03125 0.0734375
4 0.096875 0.30546875 0.0203125 0.046875
4 0.2515625 0.29296875 0.0171875 0.0390625
0 0.2828125 0.321875 0.0203125 0.0515625
4 0.3875 0.28046875 0.0109375 0.0296875
0 0.44609375 0.296875 0.0140625 0.034375
4 0.465625 0.2734375 0.009375 0.025
0 0.503125 0.34296875 0.0234375 0.05625
0 0.53203125 0.28359375 0.0109375 0.0296875
4 0.540625 0.26484375 0.0078125 0.0203125
0 0.55234375 0.32578125 0.01875 0.05
0 0.61015625 0.31796875 0.0171875 0.04375
4 0.5765625 0.26328125 0.00625 0.0203125
1 0.58671875 0.25703125 0.0078125 0.025
1 0.590625 0.25703125 0.00625 0.025
0 0.60234375 0.275 0.00625 0.0203125
4 0.603125 0.2609375 0.0046875 0.0140625
0 0.6328125 0.26796875 0.00625 0.0203125
1 0.6453125 0.26328125 0.0078125 0.0265625
1 0.6484375 0.26328125 0.0078125 0.0296875
0 0.67109375 0.3125 0.0140625 0.0390625
0 0.73671875 0.315625 0.0140625 0.0390625
4 0.73046875 0.371875 0.025 0.0640625
4 0.7296875 0.4390625 0.0359375 0.09375
4 0.7390625 0.58359375 0.0703125 0.159375
4 0.8125 0.36953125 0.025 0.0546875
0 0.79453125 0.32109375 0.015625 0.0359375
0 0.7875 0.2890625 0.009375 0.0234375
4 0.81015625 0.27890625 0.00625 0.0171875
4 0.8140625 0.284375 0.0078125 0.01875
4 0.82890625 0.27890625 0.0078125 0.0171875
0 0.8296875 0.30390625 0.009375 0.025
0 0.8453125 0.32109375 0.0125 0.034375
0 0.85703125 0.31640625 0.0109375 0.028125
4 0.8578125 0.29375 0.009375 0.0234375
4 0.86875 0.28125 0.0078125 0.015625
4 0.90078125 0.375 0.021875 0.0515625
4 0.91171875 0.3109375 0.0109375 0.0265625
4 0.89375 0.284375 0.0078125 0.0171875
4 0.9 0.28046875 0.0046875 0.0140625
4 0.90546875 0.28359375 0.00625 0.0140625
4 0.96015625 0.32578125 0.0140625 0.0296875
3 0.21953125 0.59140625 0.0953125 0.265625
3 0.1390625 0.378125 0.05 0.1140625
3 0.3359375 0.3109375 0.025 0.0671875
3 0.4375 0.2953125 0.015625 0.0515625
3 0.428125 0.31875 0.025 0.065625
3 0.5015625 0.28828125 0.015625 0.04375
3 0.59765625 0.30625 0.0203125 0.053125
3 0.70546875 0.29765625 0.015625 0.0421875
3 0.7375 0.2859375 0.0125 0.034375
3 0.75625 0.27734375 0.0109375 0.028125
3 0.80546875 0.45625 0.05625 0.1359375
3 0.871875 0.39921875 0.0421875 0.090625
0 0.65078125 0.2640625 0.0046875 0.0203125
0 0.6671875 0.2640625 0.0046875 0.0140625
0 0.67421875 0.26015625 0.0046875 0.0140625
3 0.66875 0.275 0.009375 0.01875
0 0.6828125 0.26171875 0.0046875 0.0140625
0 0.68671875 0.25859375 0.0046875 0.0125
0 0.6890625 0.25859375 0.0046875 0.0125
3 0.69609375 0.253125 0.00625 0.0171875
3 0.69609375 0.26953125 0.009375 0.0171875
3 0.7078125 0.26328125 0.0109375 0.01875
0 0.7390625 0.26640625 0.0046875 0.0140625
0 0.734375 0.27109375 0.00625 0.015625
0 0.75390625 0.26484375 0.0046875 0.0125
0 0.75078125 0.27734375 0.0078125 0.0203125
3 0.7625 0.2625 0.00625 0.01875
0 0.77578125 0.26875 0.00625 0.015625
0 0.803125 0.26953125 0.00625 0.015625
3 0.84375 0.278125 0.00625 0.0203125
3 0.84765625 0.284375 0.0109375 0.0265625
3 0.840625 0.30625 0.0140625 0.040625
3 0.9265625 0.3015625 0.0109375 0.0296875
4 0.6265625 0.2546875 0.0046875 0.0109375
4 0.62109375 0.2578125 0.00625 0.0140625
4 0.63671875 0.25546875 0.0046875 0.0140625