2 0.71875 0.696875 0.0828125 0.1625
4 0.765625 0.67734375 0.059375 0.140625
2 0.675 0.6125 0.0484375 0.0984375
1 0.65 0.56171875 0.0421875 0.115625
1 0.6421875 0.55234375 0.0359375 0.1015625
2 0.615625 0.5578125 0.028125 0.0625
4 0.603125 0.54765625 0.0203125 0.053125
2 0.17109375 0.57109375 0.0875 0.14375
0 0.16875 0.54296875 0.075 0.115625
2 0.29453125 0.53359375 0.0546875 0.09375
1 0.35703125 0.50234375 0.0515625 0.1109375
1 0.38203125 0.5 0.0265625 0.1015625
2 0.409375 0.51328125 0.0296875 0.0578125
0 0.43984375 0.5125 0.025 0.0515625