4 0.48515625 0.2578125 0.009375 0.025
4 0.50546875 0.265625 0.009375 0.0265625
0 0.87109375 0.32578125 0.0109375 0.025
4 0.5359375 0.2734375 0.0109375 0.028125
4 0.57265625 0.28359375 0.0125 0.0296875
4 0.77734375 0.321875 0.0125 0.034375
0 0.45390625 0.28984375 0.015625 0.0390625
4 0.609375 0.3171875 0.0171875 0.0390625
4 0.78515625 0.33984375 0.0171875 0.0390625
0 0.9109375 0.3640625 0.0171875 0.0390625
4 0.82265625 0.36875 0.0234375 0.0546875
0 0.9609375 0.39296875 0.0171875 0.04375
0 0.425 0.328125 0.0234375 0.059375
4 0.63515625 0.3671875 0.0265625 0.0640625
0 0.3359375 0.41484375 0.04375 0.103125
4 0.6890625 0.48984375 0.053125 0.1171875
1 0.19375 0.5 0.1203125 0.2734375
1 0.0953125 0.5859375 0.159375 0.346875
0 0.41484375 0.2671875 0.0140625 0.034375
0 0.38984375 0.2546875 0.009375 0.0265625
0 0.37734375 0.246875 0.009375 0.025
1 0.7796875 0.56953125 0.115625 0.2640625
1 0.8265625 0.63828125 0.1453125 0.321875
4 0.46640625 0.25 0.009375 0.025
4 0.46328125 0.246875 0.00625 0.021875
4 0.4703125 0.24296875 0.0078125 0.025
4 0.48046875 0.240625 0.00625 0.0203125
4 0.7890625 0.31796875 0.0125 0.0296875
4 0.80625 0.3140625 0.0109375 0.025
4 0.803125 0.309375 0.009375 0.025
0 0.915625 0.3515625 0.015625 0.0375
0 0.8140625 0.30390625 0.0078125 0.0203125
4 0.7734375 0.296875 0.009375 0.025
0 0.76796875 0.28828125 0.00625 0.0203125
4 0.740625 0.2859375 0.0078125 0.0203125
4 0.71953125 0.27734375 0.00625 0.0203125
0 0.40859375 0.23671875 0.0078125 0.0203125
0 0.42109375 0.234375 0.0078125 0.0203125
0 0.4328125 0.2328125 0.00625 0.01875
0 0.4453125 0.23203125 0.00625 0.0171875
0 0.4546875 0.23046875 0.00625 0.015625
0 0.55 0.23828125 0.0046875 0.0140625
0 0.709375 0.26796875 0.00625 0.015625
0 0.73984375 0.278125 0.00625 0.015625
0 0.72265625 0.27109375 0.00625 0.015625
4 0.70078125 0.26875 0.00625 0.01875
4 0.6859375 0.2625 0.00625 0.01875
4 0.62578125 0.24921875 0.0046875 0.0140625
4 0.6640625 0.2546875 0.0046875 0.0125
4 0.615625 0.24921875 0.00625 0.0140625
4 0.6 0.24765625 0.00625 0.0171875
4 0.58125 0.24609375 0.00625 0.01875
4 0.5578125 0.24375 0.00625 0.01875
4 0.5375 0.2421875 0.00625 0.01875
4 0.4890625 0.23828125 0.0078125 0.01875
4 0.5046875 0.2390625 0.00625 0.01875
4 0.65859375 0.2515625 0.0046875 0.0140625