0 0.384375 0.36953125 0.028125 0.0546875
0 0.39375 0.3296875 0.01875 0.0390625
0 0.4078125 0.30546875 0.0140625 0.0296875
4 0.52421875 0.2625 0.015625 0.03125
4 0.5703125 0.31015625 0.0296875 0.059375
0 0.3703125 0.45546875 0.0421875 0.0890625
4 0.6796875 0.36875 0.0546875 0.109375
0 0.33046875 0.70234375 0.1046875 0.2046875
0 0.43515625 0.28125 0.0140625 0.0296875
0 0.48125 0.2578125 0.0125 0.0265625
0 0.525 0.23671875 0.0109375 0.025
4 0.53046875 0.2796875 0.0203125 0.04375
4 0.56640625 0.23984375 0.0171875 0.034375
4 0.62265625 0.21796875 0.0171875 0.034375
4 0.69765625 0.19296875 0.0203125 0.0390625
2 0.80078125 0.1671875 0.025 0.046875
2 0.83984375 0.13828125 0.0234375 0.0453125
0 0.7390625 0.16328125 0.015625 0.0328125
0 0.5859375 0.215625 0.0140625 0.0296875
0 0.65 0.19140625 0.0140625 0.0296875