4 0.709375 0.46953125 0.08125 0.1515625
4 0.52734375 0.390625 0.04375 0.084375
4 0.4359375 0.371875 0.0328125 0.0625
4 0.37578125 0.37109375 0.0265625 0.0515625
4 0.30859375 0.38203125 0.021875 0.0421875
4 0.24921875 0.40078125 0.021875 0.0421875
4 0.171875 0.43671875 0.0234375 0.0421875
4 0.0828125 0.478125 0.0234375 0.0453125
0 0.09765625 0.54921875 0.04375 0.078125
0 0.16953125 0.54453125 0.046875 0.090625
0 0.2328125 0.596875 0.0671875 0.128125
0 0.2390625 0.80859375 0.11875 0.2140625
3 0.73984375 0.321875 0.0640625 0.1328125
3 0.7375 0.24609375 0.0375 0.071875
3 0.7375 0.203125 0.0234375 0.05
3 0.7375 0.1828125 0.0171875 0.0375
3 0.4375 0.31953125 0.025 0.0546875
3 0.4453125 0.31640625 0.021875 0.0484375
3 0.46953125 0.28984375 0.0234375 0.0453125
3 0.51640625 0.259375 0.0203125 0.0375
3 0.55859375 0.2328125 0.0140625 0.028125
3 0.70859375 0.1765625 0.0171875 0.034375