0 0.65546875 0.27109375 0.0140625 0.0390625
0 0.71796875 0.2609375 0.0140625 0.0390625
0 0.79921875 0.25390625 0.0140625 0.040625
0 0.89375 0.25390625 0.015625 0.04375
0 0.60703125 0.284375 0.0140625 0.04375
0 0.48515625 0.3328125 0.01875 0.0546875
0 0.53125 0.31171875 0.015625 0.0484375
4 0.7546875 0.31015625 0.021875 0.0640625
4 0.84609375 0.3 0.0234375 0.059375
0 0.43203125 0.37265625 0.0234375 0.0734375
0 0.38203125 0.42265625 0.0328125 0.0984375
4 0.678125 0.45 0.0390625 0.1234375
0 0.3171875 0.521875 0.0484375 0.1390625
4 0.6890625 0.34375 0.0265625 0.0703125
0 0.84140625 0.253125 0.0140625 0.0390625