2 0.43203125 0.3984375 0.0328125 0.090625
2 0.52421875 0.33671875 0.01875 0.05625
0 0.56328125 0.31640625 0.0140625 0.04375
0 0.63828125 0.30859375 0.0125 0.0359375
2 0.24609375 0.55859375 0.06875 0.178125
2 0.728125 0.4140625 0.028125 0.078125
2 0.74140625 0.52734375 0.0515625 0.1375
0 0.68984375 0.30546875 0.0109375 0.034375
0 0.7609375 0.31171875 0.0125 0.0328125
0 0.8640625 0.32890625 0.0125 0.0296875
4 0.93203125 0.3640625 0.0203125 0.04375
1 0.928125 0.33203125 0.01875 0.0546875
1 0.9546875 0.33515625 0.0203125 0.0609375
4 0.85859375 0.35078125 0.0171875 0.05
4 0.81015625 0.346875 0.0203125 0.0546875
4 0.771875 0.3515625 0.0234375 0.0546875
4 0.72890625 0.3609375 0.0234375 0.059375
4 0.3171875 0.28515625 0.01875 0.0296875
0 0.33984375 0.290625 0.01875 0.03125
4 0.36015625 0.29375 0.0171875 0.028125
4 0.20078125 0.29296875 0.0171875 0.0453125