0 0.23125 0.63359375 0.0828125 0.1890625
0 0.44453125 0.38046875 0.0265625 0.0796875
0 0.509375 0.30390625 0.0171875 0.0515625
0 0.5890625 0.2703125 0.015625 0.040625
0 0.68984375 0.2484375 0.0125 0.0359375
4 0.75546875 0.340625 0.028125 0.08125
4 0.7484375 0.40234375 0.04375 0.1125
4 0.78359375 0.5609375 0.0703125 0.196875
1 0.740625 0.22890625 0.0171875 0.0578125
1 0.7609375 0.225 0.01875 0.0609375
0 0.79921875 0.228125 0.0140625 0.0390625
0 0.84921875 0.2171875 0.0140625 0.0375
1 0.88203125 0.24375 0.0296875 0.0859375
4 0.81953125 0.27578125 0.0265625 0.059375
4 0.77578125 0.30390625 0.0296875 0.0734375
1 0.90625 0.23828125 0.0203125 0.0828125
0 0.8734375 0.190625 0.009375 0.025
0 0.86484375 0.1984375 0.0109375 0.03125