4 0.77890625 0.6140625 0.071875 0.1828125
4 0.61640625 0.440625 0.0375 0.103125
4 0.53046875 0.3734375 0.028125 0.071875
4 0.45390625 0.33203125 0.01875 0.05625
4 0.46484375 0.3078125 0.0140625 0.04375
4 0.47578125 0.2890625 0.0125 0.034375
4 0.52109375 0.28203125 0.0109375 0.0296875
4 0.56328125 0.27734375 0.009375 0.0296875
4 0.6015625 0.27109375 0.009375 0.0296875
4 0.63359375 0.26875 0.00625 0.021875
4 0.62734375 0.25546875 0.0078125 0.021875
4 0.6171875 0.25234375 0.00625 0.0203125
4 0.59921875 0.25 0.00625 0.0203125
4 0.5765625 0.24453125 0.0046875 0.0140625
0 0.56640625 0.2578125 0.0078125 0.0203125
0 0.55703125 0.259375 0.00625 0.0203125
0 0.52734375 0.26328125 0.0078125 0.025
0 0.49140625 0.265625 0.0078125 0.0265625
0 0.4484375 0.2703125 0.0078125 0.0296875
0 0.4046875 0.27734375 0.0109375 0.0296875
0 0.36328125 0.28828125 0.0125 0.0359375
0 0.32890625 0.30078125 0.0140625 0.0390625
0 0.290625 0.31875 0.01875 0.04375
0 0.2734375 0.34140625 0.0203125 0.0546875
0 0.25234375 0.38671875 0.03125 0.078125
0 0.23125 0.49375 0.046875 0.128125
0 0.0984375 0.32734375 0.0171875 0.05
4 0.16953125 0.290625 0.0125 0.0296875
0 0.25390625 0.290625 0.009375 0.03125
4 0.259375 0.27421875 0.0078125 0.0203125
0 0.334375 0.271875 0.0078125 0.021875
1 0.38125 0.246875 0.00625 0.025
1 0.38515625 0.24609375 0.0078125 0.025
4 0.37109375 0.25234375 0.0078125 0.0171875
1 0.43515625 0.24375 0.00625 0.0265625
1 0.4375 0.24375 0.00625 0.0265625
4 0.58828125 0.23671875 0.0046875 0.015625
4 0.5671875 0.2375 0.0046875 0.0140625
4 0.55546875 0.24140625 0.00625 0.0140625
0 0.534375 0.246875 0.00625 0.01875
0 0.5046875 0.240625 0.003125 0.0140625
0 0.51328125 0.24296875 0.003125 0.0140625
0 0.50859375 0.23828125 0.0046875 0.0140625
0 0.51953125 0.2375 0.0046875 0.0140625
0 0.4234375 0.24921875 0.0046875 0.0203125