0 0.24375 0.55859375 0.05625 0.15
0 0.29921875 0.4203125 0.0296875 0.084375
0 0.35390625 0.33828125 0.0140625 0.05
4 0.825 0.61015625 0.0859375 0.228125
4 0.5703125 0.38046875 0.0265625 0.0828125
4 0.49765625 0.31875 0.015625 0.0546875
4 0.46875 0.29453125 0.0125 0.040625
4 0.446875 0.27890625 0.009375 0.0328125
4 0.43203125 0.26875 0.0078125 0.028125
4 0.421875 0.26171875 0.00625 0.0234375
4 0.41484375 0.2546875 0.0046875 0.0203125
4 0.41171875 0.25234375 0.0046875 0.0203125
0 0.35546875 0.3046875 0.0125 0.0390625
4 0.0640625 0.3390625 0.0125 0.0359375
0 0.10625 0.34609375 0.0140625 0.0390625
1 0.10703125 0.3125 0.0109375 0.0390625
1 0.1140625 0.309375 0.0109375 0.0390625
0 0.1578125 0.31953125 0.0109375 0.03125
0 0.18828125 0.30390625 0.0078125 0.0265625
1 0.2 0.2921875 0.0109375 0.0390625
1 0.20703125 0.2921875 0.009375 0.0390625
3 0.8390625 0.42734375 0.0625 0.175
3 0.7515625 0.37109375 0.040625 0.1328125
0 0.23125 0.284375 0.00625 0.021875
0 0.25234375 0.275 0.0046875 0.015625
0 0.2796875 0.2671875 0.0046875 0.015625
0 0.3078125 0.2625 0.0046875 0.015625
4 0.40703125 0.24921875 0.0046875 0.015625