0 0.13046875 0.36875 0.0203125 0.0578125
0 0.18828125 0.38125 0.0203125 0.0671875
4 0.27578125 0.3109375 0.0109375 0.0390625
0 0.2671875 0.43515625 0.0265625 0.0921875
4 0.41171875 0.31328125 0.0109375 0.0453125
4 0.47890625 0.28515625 0.009375 0.034375
4 0.48828125 0.32109375 0.0140625 0.0453125
4 0.53046875 0.29375 0.0109375 0.0390625
4 0.60234375 0.28984375 0.009375 0.0359375
0 0.225 0.67578125 0.065625 0.221875
4 0.58203125 0.35703125 0.01875 0.0671875
4 0.7171875 0.4078125 0.028125 0.096875
4 0.0921875 0.31953125 0.0140625 0.04375
1 0.084375 0.2859375 0.0109375 0.0453125
1 0.09609375 0.2859375 0.009375 0.04375
1 0.17421875 0.26875 0.009375 0.04375
1 0.18515625 0.26875 0.009375 0.0390625
4 0.92890625 0.29140625 0.0171875 0.053125
4 0.8453125 0.27578125 0.0140625 0.040625
4 0.7734375 0.27890625 0.0109375 0.04375
4 0.696875 0.284375 0.0109375 0.0390625
4 0.44765625 0.28046875 0.009375 0.034375
4 0.42734375 0.275 0.0078125 0.034375
4 0.33671875 0.30703125 0.0125 0.0484375
4 0.39140625 0.2734375 0.009375 0.0296875
4 0.353125 0.271875 0.0078125 0.0296875
4 0.315625 0.27421875 0.0078125 0.0265625
4 0.2734375 0.27734375 0.009375 0.0296875
4 0.20390625 0.309375 0.0109375 0.040625
4 0.2125 0.28828125 0.0078125 0.0296875
4 0.159375 0.2921875 0.0109375 0.034375
4 0.115625 0.2921875 0.0109375 0.03125
0 0.54453125 0.26796875 0.00625 0.034375
0 0.596875 0.26796875 0.0078125 0.028125
0 0.51875 0.2640625 0.00625 0.028125
0 0.49375 0.26171875 0.00625 0.021875
0 0.46171875 0.25390625 0.0078125 0.021875
0 0.3875 0.25546875 0.00625 0.0234375
0 0.34609375 0.259375 0.0078125 0.021875
0 0.3046875 0.2640625 0.00625 0.01875
0 0.24609375 0.2703125 0.0078125 0.025
0 0.2046875 0.27265625 0.0078125 0.025
0 0.146875 0.2734375 0.0078125 0.028125
0 0.74296875 0.25078125 0.00625 0.028125
0 0.690625 0.25703125 0.00625 0.0265625
0 0.64296875 0.2640625 0.0046875 0.028125
0 0.82734375 0.253125 0.00625 0.021875
0 0.921875 0.2625 0.00625 0.025