0 0.21484375 0.5140625 0.05 0.1453125
0 0.3921875 0.38125 0.0234375 0.0859375
0 0.46796875 0.325 0.015625 0.0578125
0 0.5421875 0.30234375 0.0125 0.0484375
0 0.60078125 0.2890625 0.0109375 0.0390625
0 0.62890625 0.27890625 0.0109375 0.0390625
4 0.7375 0.26875 0.0078125 0.03125
4 0.715625 0.3453125 0.01875 0.065625
4 0.69140625 0.40625 0.0296875 0.0921875
4 0.71796875 0.54765625 0.0515625 0.1625
0 0.634375 0.265625 0.0078125 0.034375
0 0.6171875 0.25625 0.009375 0.0296875
4 0.7453125 0.325 0.0171875 0.0609375
4 0.76875 0.30234375 0.0140625 0.0484375
4 0.765625 0.284375 0.009375 0.04375
4 0.7046875 0.2546875 0.0078125 0.0296875
0 0.5890625 0.246875 0.00625 0.0265625
4 0.8953125 0.30234375 0.0171875 0.0484375
4 0.91171875 0.284375 0.0140625 0.040625
4 0.92578125 0.27421875 0.0125 0.0359375
0 0.57578125 0.240625 0.0046875 0.021875
0 0.58359375 0.2328125 0.0046875 0.0171875
0 0.60625 0.2296875 0.003125 0.0171875
0 0.68046875 0.228125 0.0046875 0.01875
0 0.7078125 0.2296875 0.0046875 0.0171875
0 0.76640625 0.234375 0.00625 0.021875
0 0.81640625 0.23515625 0.00625 0.0234375
0 0.9046875 0.24140625 0.00625 0.025
4 0.85234375 0.246875 0.0078125 0.03125
4 0.79453125 0.24140625 0.00625 0.028125
4 0.725 0.23828125 0.00625 0.025
4 0.68828125 0.23671875 0.0046875 0.0234375
4 0.65859375 0.234375 0.0046875 0.0203125
4 0.665625 0.24140625 0.0046875 0.021875