0 0.25625 0.8453125 0.04375 0.1109375
0 0.63203125 0.81171875 0.0484375 0.103125
0 0.83671875 0.7390625 0.03125 0.0796875
0 0.88984375 0.69453125 0.021875 0.0625
0 0.90703125 0.6609375 0.025 0.053125
0 0.89609375 0.63359375 0.0171875 0.0484375
0 0.8828125 0.6140625 0.0171875 0.04375
0 0.871875 0.5953125 0.015625 0.040625
0 0.8859375 0.5703125 0.0125 0.034375
0 0.9046875 0.55859375 0.0125 0.0296875
0 0.91484375 0.54609375 0.0109375 0.0328125
0 0.8671875 0.5328125 0.009375 0.0234375
0 0.8140625 0.528125 0.0078125 0.0203125
4 0.26640625 0.71953125 0.0359375 0.08125
4 0.0125 0.7359375 0.025 0.0875
4 0.42421875 0.5140625 0.009375 0.0265625
4 0.3515625 0.5109375 0.009375 0.021875
4 0.27421875 0.5078125 0.0109375 0.0234375
0 0.47734375 0.51015625 0.009375 0.0203125
0 0.39921875 0.50703125 0.0078125 0.021875
0 0.33046875 0.5046875 0.0078125 0.021875
0 0.2453125 0.50078125 0.0078125 0.01875
0 0.1578125 0.49765625 0.0078125 0.01875
4 0.196875 0.503125 0.0125 0.025
4 0.10703125 0.49921875 0.0109375 0.0234375
0 0.071875 0.49453125 0.0078125 0.01875
0 0.734375 0.5203125 0.0078125 0.0203125
4 0.03359375 0.49609375 0.009375 0.0234375
4 0.709375 0.5609375 0.0140625 0.0359375
4 0.7015625 0.52890625 0.009375 0.025
4 0.7171875 0.5484375 0.0125 0.03125
4 0.73359375 0.54140625 0.0109375 0.0265625
4 0.72421875 0.53203125 0.009375 0.025
4 0.7296875 0.53515625 0.009375 0.025