0 0.31484375 0.72265625 0.05625 0.1640625
0 0.0484375 0.35234375 0.0203125 0.0765625
0 0.2484375 0.36015625 0.0203125 0.075
0 0.4453125 0.3765625 0.01875 0.0765625
0 0.5703125 0.7296875 0.046875 0.1609375
0 0.80703125 0.72890625 0.0515625 0.1578125
0 0.9671875 0.715625 0.0453125 0.15
0 0.98046875 0.40859375 0.0203125 0.075
0 0.79296875 0.39609375 0.021875 0.071875
4 0.17109375 0.6078125 0.0390625 0.1421875
4 0.2453125 0.39765625 0.025 0.0859375
4 0.01328125 0.3859375 0.0171875 0.0796875
4 0.43046875 0.40703125 0.0234375 0.08125
4 0.76328125 0.58046875 0.0328125 0.1203125
4 0.82265625 0.434375 0.025 0.0796875
4 0.89765625 0.5640625 0.03125 0.109375