0 0.190625 0.74765625 0.0625 0.14609375
0 0.1046875 0.7203125 0.05078125 0.13046875
0 0.7890625 0.6765625 0.04140625 0.10234375
4 0.65234375 0.821875 0.075 0.1734375
4 0.7515625 0.73203125 0.053125 0.12578125
4 0.7421875 0.578125 0.0265625 0.06484375
4 0.94765625 0.771875 0.05703125 0.14140625
4 0.24921875 0.70234375 0.04453125 0.11484375
4 0.13828125 0.66796875 0.0421875 0.10703125
4 0.0125 0.6375 0.021875 0.10078125
4 0.02734375 0.61328125 0.0296875 0.08984375
4 0.03828125 0.5953125 0.03046875 0.08359375
4 0.040625 0.5578125 0.01953125 0.0625