0 0.1703125 0.71953125 0.075 0.1515625
0 0.08671875 0.68515625 0.0625 0.134375
0 0.77265625 0.70078125 0.05 0.10625
4 0.6234375 0.83359375 0.0890625 0.1796875
4 0.73046875 0.753125 0.0640625 0.1296875
4 0.734375 0.59921875 0.0328125 0.0671875
4 0.921875 0.81015625 0.06875 0.1453125
4 0.2328125 0.6796875 0.0546875 0.11875
4 0.125 0.6359375 0.0515625 0.1109375
4 0.00859375 0.59453125 0.0171875 0.1015625
4 0.01953125 0.571875 0.0375 0.0921875
4 0.03203125 0.5546875 0.0375 0.0859375
4 0.0375 0.5171875 0.025 0.0640625