0 0.1515625 0.4703125 0.021875 0.0421875
0 0.18984375 0.45390625 0.021875 0.0375
0 0.1046875 0.42265625 0.0171875 0.0296875
0 0.13125 0.4078125 0.0109375 0.021875
0 0.26484375 0.4140625 0.0109375 0.0234375
0 0.42890625 0.44765625 0.015625 0.0296875
0 0.48515625 0.45859375 0.015625 0.0328125
0 0.553125 0.52421875 0.021875 0.05
0 0.59765625 0.45234375 0.015625 0.028125
0 0.65 0.4515625 0.0140625 0.0265625
0 0.6328125 0.446875 0.0125 0.0265625
0 0.5546875 0.4421875 0.0171875 0.0140625
0 0.71640625 0.4734375 0.015625 0.0328125
0 0.6625 0.45390625 0.0171875 0.015625
0 0.73203125 0.403125 0.0046875 0.0109375
0 0.72734375 0.403125 0.00625 0.0109375
0 0.671875 0.396875 0.0046875 0.0109375
0 0.6 0.38828125 0.0046875 0.009375
0 0.56015625 0.384375 0.0046875 0.009375
0 0.50625 0.37734375 0.0046875 0.0078125
0 0.04921875 0.4078125 0.0140625 0.0234375
0 0.01484375 0.41328125 0.0109375 0.0265625
0 0.85546875 0.53984375 0.025 0.05
0 0.8875 0.4875 0.0171875 0.0328125
0 0.9421875 0.425 0.00625 0.0140625
0 0.8203125 0.4125 0.00625 0.0125