0 0.87109375 0.4265625 0.00625 0.0078125
4 0.88203125 0.4296875 0.00625 0.0109375
0 0.7984375 0.4171875 0.0046875 0.0078125
0 0.7546875 0.41328125 0.00625 0.009375
4 0.8375 0.42734375 0.00625 0.0109375
0 0.72578125 0.4125 0.00625 0.009375
4 0.8046875 0.4265625 0.0078125 0.0125
0 0.7015625 0.4109375 0.00625 0.0109375
4 0.79453125 0.42734375 0.009375 0.0140625
0 0.68515625 0.41171875 0.0078125 0.0125
4 0.77265625 0.42734375 0.009375 0.015625
0 0.66015625 0.41171875 0.009375 0.015625
4 0.7234375 0.4265625 0.0125 0.01875
0 0.590625 0.40625 0.0109375 0.0171875
0 0.48125 0.3953125 0.0125 0.0171875
4 0.62109375 0.41875 0.0125 0.01875
0 0.34296875 0.3796875 0.0125 0.0171875
4 0.4640625 0.4015625 0.0140625 0.021875
0 0.1734375 0.35859375 0.0140625 0.01875
4 0.27578125 0.38125 0.015625 0.0234375
4 0.153125 0.590625 0.0953125 0.1296875