0 0.84453125 0.30625 0.0078125 0.0109375
0 0.76328125 0.3234375 0.00625 0.009375
4 0.871875 0.3046875 0.009375 0.0125
4 0.7921875 0.31953125 0.009375 0.0109375
0 0.6890625 0.3390625 0.00625 0.009375
4 0.7171875 0.33515625 0.0078125 0.0109375
0 0.615625 0.35625 0.00625 0.009375
4 0.665625 0.346875 0.0078125 0.0109375
0 0.565625 0.36796875 0.0078125 0.0109375
4 0.61875 0.35859375 0.0078125 0.0125
0 0.50078125 0.38359375 0.0078125 0.0109375
4 0.5484375 0.37578125 0.009375 0.0125
0 0.415625 0.403125 0.009375 0.0109375
4 0.471875 0.39375 0.009375 0.0140625
0 0.3234375 0.42421875 0.009375 0.0109375
0 0.23671875 0.44296875 0.009375 0.0125
4 0.36953125 0.41796875 0.009375 0.0140625
4 0.253125 0.44296875 0.0109375 0.0140625
0 0.1390625 0.4640625 0.0078125 0.0109375
4 0.115625 0.4734375 0.0109375 0.0140625
4 0.265625 0.6828125 0.1015625 0.1296875