0 0.875 0.29140625 0.0078125 0.009375
0 0.8296875 0.3046875 0.009375 0.0125
0 0.7515625 0.32578125 0.009375 0.0125
4 0.85234375 0.30390625 0.0109375 0.0140625
0 0.65078125 0.35234375 0.009375 0.0125
4 0.7390625 0.334375 0.0109375 0.015625
0 0.43125 0.40625 0.009375 0.0125
0 0.5453125 0.378125 0.009375 0.0125
4 0.60703125 0.36796875 0.0109375 0.015625
0 0.33203125 0.43046875 0.009375 0.0125
4 0.4765625 0.40078125 0.0109375 0.0140625
0 0.234375 0.45703125 0.0078125 0.0125
4 0.3390625 0.434375 0.009375 0.015625
0 0.13203125 0.48515625 0.009375 0.0140625
4 0.221875 0.46484375 0.0109375 0.015625
4 0.0953125 0.5 0.0125 0.0171875
4 0.11171875 0.52734375 0.0234375 0.0328125
4 0.2484375 0.50546875 0.03125 0.0375
4 0.36875 0.503125 0.040625 0.05
4 0.50546875 0.54765625 0.059375 0.0859375