0 0.78046875 0.41328125 0.0046875 0.00625
0 0.8609375 0.42421875 0.00625 0.0078125
0 0.7078125 0.4046875 0.0046875 0.009375
4 0.80546875 0.41875 0.00625 0.0109375
4 0.88203125 0.4296875 0.0078125 0.0125
4 0.7328125 0.409375 0.0078125 0.0109375
4 0.68046875 0.40390625 0.00625 0.0109375
0 0.634375 0.396875 0.0046875 0.0078125
0 0.58125 0.39140625 0.00625 0.009375
4 0.6328125 0.39921875 0.00625 0.0109375
0 0.51640625 0.38515625 0.00625 0.009375
4 0.56015625 0.3921875 0.009375 0.0125
0 0.4296875 0.3765625 0.0078125 0.0109375
4 0.48359375 0.3859375 0.0078125 0.0125
0 0.3375 0.365625 0.0078125 0.0109375
0 0.25234375 0.35546875 0.0078125 0.0109375
4 0.38046875 0.375 0.009375 0.0125
0 0.1546875 0.34453125 0.0078125 0.0109375
4 0.2640625 0.36015625 0.009375 0.0125
4 0.1265625 0.3453125 0.009375 0.0140625
4 0.1015625 0.53125 0.0703125 0.1