4 0.18515625 0.6125 0.0171875 0.0265625
2 0.2234375 0.6234375 0.025 0.0375
4 0.24296875 0.621875 0.0265625 0.040625
0 0.3203125 0.59921875 0.0171875 0.0265625
2 0.26484375 0.6203125 0.028125 0.0421875
2 0.39140625 0.59375 0.0203125 0.03125
0 0.41015625 0.58984375 0.0203125 0.0328125
2 0.43203125 0.5890625 0.0203125 0.03125
4 0.3671875 0.615625 0.0359375 0.053125
0 0.59296875 0.5703125 0.021875 0.0359375
4 0.45234375 0.6296875 0.0515625 0.08125
0 0.8859375 0.56484375 0.053125 0.075
4 0.3359375 0.7578125 0.1515625 0.2140625