2 0.1234375 0.56484375 0.0125 0.0234375
0 0.14609375 0.56484375 0.0125 0.025
2 0.16875 0.565625 0.0125 0.025
4 0.1890625 0.57109375 0.01875 0.0359375
0 0.31640625 0.56796875 0.009375 0.025
4 0.3234375 0.57734375 0.0234375 0.04375
4 0.4203125 0.58984375 0.0296875 0.0640625
0 0.540625 0.5765625 0.0171875 0.034375
4 0.54921875 0.5734375 0.009375 0.025
2 0.7078125 0.57578125 0.0140625 0.025
2 0.72734375 0.5828125 0.01875 0.034375
0 0.784375 0.5921875 0.0328125 0.0546875
4 0.39609375 0.66328125 0.0734375 0.134375