0 0.384375 0.3390625 0.00625 0.009375
0 0.47890625 0.33203125 0.00625 0.009375
0 0.30234375 0.3453125 0.00625 0.0109375
0 0.58046875 0.32578125 0.00625 0.009375
4 0.3984375 0.340625 0.0078125 0.0125
4 0.5046875 0.3328125 0.0078125 0.0109375
0 0.67265625 0.3203125 0.00625 0.0109375
0 0.78671875 0.31328125 0.0078125 0.0125
0 0.2328125 0.35234375 0.0078125 0.0109375
4 0.61796875 0.3265625 0.00625 0.0109375
0 0.87421875 0.309375 0.0078125 0.0109375
0 0.17890625 0.359375 0.0078125 0.0125
4 0.31796875 0.34921875 0.0078125 0.0125
4 0.81484375 0.31484375 0.009375 0.0140625
0 0.165625 0.36328125 0.009375 0.0140625
4 0.3484375 0.3515625 0.0109375 0.015625
0 0.18671875 0.36640625 0.0109375 0.015625
4 0.40703125 0.35390625 0.0109375 0.0171875
0 0.21953125 0.36953125 0.0125 0.0171875
4 0.475 0.353125 0.0125 0.01875
4 0.5484375 0.35234375 0.015625 0.0234375
0 0.3015625 0.36953125 0.0125 0.01875
0 0.41484375 0.36953125 0.015625 0.0234375
4 0.68828125 0.35546875 0.01875 0.0265625
0 0.47265625 0.37890625 0.0203125 0.028125
4 0.8484375 0.3640625 0.025 0.0359375
0 0.48828125 0.4015625 0.025 0.0390625
0 0.390625 0.453125 0.040625 0.059375