4 0.31953125 0.5171875 0.0109375 0.015625
4 0.35078125 0.509375 0.009375 0.015625
4 0.37109375 0.50703125 0.0109375 0.015625
4 0.38671875 0.5078125 0.009375 0.0171875
0 0.1765625 0.559375 0.0125 0.01875
4 0.39296875 0.51015625 0.0125 0.0203125
0 0.1984375 0.56015625 0.0125 0.01875
4 0.3828125 0.51796875 0.0140625 0.0234375
4 0.3625 0.53203125 0.0171875 0.0265625
0 0.17109375 0.575 0.015625 0.0234375
4 0.32734375 0.5515625 0.0203125 0.03125
4 0.33046875 0.56484375 0.0234375 0.0375
4 0.40703125 0.55859375 0.0296875 0.04375
4 0.5203125 0.53671875 0.0296875 0.046875
4 0.6734375 0.52109375 0.0421875 0.059375
4 0.89375 0.5375 0.0765625 0.096875
4 0.29296875 0.521875 0.0109375 0.015625
4 0.246875 0.5328125 0.009375 0.015625
4 0.19921875 0.54453125 0.009375 0.0140625
4 0.1421875 0.5578125 0.009375 0.015625
0 0.12421875 0.5734375 0.0109375 0.015625