4 0.11328125 0.49296875 0.0171875 0.028125
0 0.184375 0.503125 0.0125 0.021875
4 0.265625 0.51953125 0.0171875 0.0296875
0 0.36484375 0.534375 0.0125 0.0234375
4 0.39765625 0.54453125 0.0203125 0.0328125
2 0.553125 0.5625 0.009375 0.015625
4 0.57109375 0.56484375 0.0109375 0.01875
4 0.5109375 0.56875 0.0265625 0.040625
0 0.5375 0.56640625 0.0171875 0.028125
0 0.61328125 0.57265625 0.0109375 0.01875
0 0.725 0.6078125 0.021875 0.0359375
4 0.5953125 0.61015625 0.0421875 0.0640625
4 0.5546875 0.671875 0.0890625 0.13125