0 0.75703125 0.31953125 0.0078125 0.0140625
0 0.88046875 0.3109375 0.0078125 0.0140625
0 0.6328125 0.32890625 0.0078125 0.0125
0 0.53203125 0.3375 0.009375 0.0140625
4 0.8421875 0.31875 0.0109375 0.015625
0 0.46328125 0.346875 0.0109375 0.015625
4 0.70703125 0.32890625 0.009375 0.015625
4 0.6421875 0.33671875 0.0078125 0.01875
0 0.446875 0.3546875 0.0125 0.01875
4 0.6484375 0.34140625 0.0125 0.01875
0 0.48984375 0.3609375 0.015625 0.0234375
4 0.7296875 0.34375 0.015625 0.0234375
0 0.56484375 0.36953125 0.01875 0.0296875
4 0.8578125 0.35 0.0203125 0.0296875
0 0.59921875 0.3921875 0.0265625 0.0390625
0 0.49609375 0.44375 0.0390625 0.0578125
0 0.103125 0.58046875 0.040625 0.0828125