2 0.79921875 0.421875 0.0109375 0.01875
4 0.91328125 0.44375 0.01015625 0.0296875
2 0.7 0.42734375 0.0125 0.01953125
2 0.5640625 0.42265625 0.01015625 0.01796875
0 0.40703125 0.45 0.01640625 0.028125
0 0.8421875 0.43203125 0.015625 0.0234375
0 0.62265625 0.4375 0.01484375 0.02421875
4 0.72421875 0.4484375 0.01875 0.03125
4 0.5609375 0.459375 0.01953125 0.03515625
0 0.1625 0.475 0.02578125 0.0375
4 0.41015625 0.48359375 0.02421875 0.04375
4 0.27421875 0.53203125 0.03671875 0.06484375
4 0.24921875 0.6578125 0.08515625 0.12109375
3 0.65078125 0.41875 0.009375 0.01640625
4 0.88515625 0.41640625 0.01015625 0.01796875
4 0.91640625 0.4125 0.00390625 0.01171875