0 0.8859375 0.45078125 0.0078125 0.0125
0 0.77890625 0.434375 0.0078125 0.0125
0 0.6703125 0.415625 0.009375 0.0125
0 0.55546875 0.39609375 0.009375 0.0125
4 0.865625 0.45234375 0.0109375 0.015625
0 0.4578125 0.38046875 0.00625 0.0125
4 0.728125 0.43046875 0.009375 0.015625
0 0.36328125 0.36640625 0.0078125 0.0125
4 0.59453125 0.40859375 0.009375 0.0140625
0 0.26484375 0.35234375 0.0078125 0.0125
4 0.46015625 0.38671875 0.009375 0.0140625
4 0.34609375 0.36796875 0.009375 0.0140625
0 0.14609375 0.33515625 0.009375 0.0140625
4 0.2265625 0.3515625 0.0109375 0.015625
4 0.10703125 0.35078125 0.0140625 0.0234375
4 0.221875 0.37890625 0.01875 0.028125
4 0.33671875 0.40859375 0.025 0.034375
4 0.425 0.4484375 0.034375 0.0453125
4 0.48515625 0.52265625 0.0515625 0.0734375