4 0.25625 0.51484375 0.0125 0.021875
4 0.28515625 0.5125 0.0125 0.021875
4 0.32109375 0.5125 0.0109375 0.01875
4 0.3671875 0.51015625 0.0125 0.0234375
4 0.41875 0.51328125 0.0140625 0.025
4 0.4625 0.51484375 0.0140625 0.0265625
4 0.4921875 0.52109375 0.01875 0.0328125
0 0.10234375 0.56953125 0.01875 0.0375
4 0.553125 0.53515625 0.0234375 0.0453125
0 0.1484375 0.5734375 0.0265625 0.040625
4 0.603125 0.5484375 0.034375 0.053125
0 0.17578125 0.5859375 0.0296875 0.0484375
4 0.63515625 0.57109375 0.0359375 0.0640625
0 0.13828125 0.6328125 0.046875 0.075
4 0.1796875 0.52578125 0.0125 0.021875
4 0.09609375 0.5375 0.0109375 0.025