4 0.11171875 0.4671875 0.009375 0.025
4 0.25625 0.49921875 0.015625 0.025
0 0.28671875 0.50390625 0.0109375 0.01875
4 0.38828125 0.52890625 0.015625 0.0234375
0 0.44453125 0.53984375 0.0109375 0.01875
4 0.50859375 0.55859375 0.015625 0.0265625
2 0.571875 0.565625 0.0078125 0.0125
4 0.58984375 0.5703125 0.0078125 0.0140625
0 0.628125 0.578125 0.0078125 0.0140625
0 0.59921875 0.57578125 0.0125 0.0203125
4 0.62109375 0.58671875 0.021875 0.03125
0 0.7625 0.61875 0.0171875 0.028125
4 0.72421875 0.62421875 0.025 0.0421875
4 0.78125 0.66171875 0.0484375 0.0640625
2 0.74453125 0.68671875 0.0734375 0.0984375
4 0.6984375 0.684375 0.078125 0.1078125
2 0.65 0.68359375 0.0859375 0.1203125