0 0.81484375 0.35859375 0.0078125 0.0109375
4 0.88515625 0.35625 0.0078125 0.0125
0 0.72578125 0.36796875 0.00625 0.0109375
4 0.78125 0.36484375 0.0078125 0.0125
0 0.62890625 0.37734375 0.00625 0.0109375
4 0.6765625 0.37578125 0.0078125 0.0125
0 0.528125 0.3875 0.00625 0.0109375
4 0.57109375 0.38671875 0.0078125 0.0125
0 0.4453125 0.39765625 0.00625 0.0109375
4 0.5125 0.39453125 0.0078125 0.0125
4 0.50546875 0.39765625 0.009375 0.015625
0 0.38515625 0.40625 0.0078125 0.0125
4 0.54375 0.3984375 0.0109375 0.015625
0 0.3609375 0.41171875 0.009375 0.0140625
0 0.37734375 0.41484375 0.0109375 0.015625
4 0.59296875 0.39921875 0.0109375 0.01875
0 0.40546875 0.4171875 0.0109375 0.01875
4 0.6359375 0.40390625 0.0140625 0.021875
0 0.39140625 0.42890625 0.015625 0.021875
4 0.62578125 0.41796875 0.01875 0.028125
0 0.29296875 0.44921875 0.01875 0.028125
4 0.528125 0.44765625 0.025 0.0375
0 0.09609375 0.48671875 0.0234375 0.0359375
4 0.39609375 0.5125 0.0421875 0.0609375
4 0.60234375 0.621875 0.0859375 0.1234375