0 0.82890625 0.421875 0.00625 0.0109375
4 0.8421875 0.42578125 0.009375 0.0140625
0 0.70703125 0.40859375 0.00625 0.0109375
4 0.71015625 0.4125 0.0078125 0.0125
0 0.59375 0.39921875 0.0078125 0.0109375
4 0.57890625 0.4 0.0078125 0.0125
0 0.48125 0.38828125 0.0078125 0.0109375
0 0.38203125 0.378125 0.0078125 0.0109375
4 0.44609375 0.38671875 0.0078125 0.0125
4 0.34375 0.3765625 0.0078125 0.0125
0 0.284375 0.36953125 0.00625 0.009375
0 0.20625 0.36171875 0.00625 0.0109375
4 0.22890625 0.365625 0.00625 0.0125
4 0.134375 0.35703125 0.00625 0.0109375
4 0.215625 0.40625 0.0203125 0.03125
4 0.28828125 0.43515625 0.0265625 0.040625
4 0.36171875 0.48828125 0.0390625 0.0609375
4 0.62890625 0.6703125 0.1 0.1359375