2 0.14765625 0.53359375 0.0109375 0.021875
0 0.1765625 0.53984375 0.0125 0.02421875
2 0.3046875 0.540625 0.009375 0.01953125
4 0.20234375 0.55390625 0.01953125 0.0359375
4 0.36640625 0.546875 0.0109375 0.021875
2 0.31484375 0.56953125 0.01796875 0.0421875
0 0.4828125 0.5625 0.0140625 0.02890625
4 0.3296875 0.57265625 0.02109375 0.04609375
2 0.34921875 0.5765625 0.02421875 0.046875
2 0.546875 0.575 0.0171875 0.0359375
0 0.5671875 0.57734375 0.0171875 0.03828125
2 0.590625 0.58046875 0.01953125 0.03828125
4 0.41015625 0.60625 0.04375 0.06953125
0 0.81015625 0.60625 0.0234375 0.04921875
4 0.30703125 0.70546875 0.096875 0.1671875
2 0.246875 0.53359375 0.0078125 0.0171875
2 0.1984375 0.52578125 0.00625 0.01328125
2 0.16796875 0.52265625 0.00625 0.0109375
2 0.11484375 0.525 0.00625 0.0203125