0 0.73046875 0.3765625 0.0078125 0.0109375
0 0.82265625 0.39609375 0.0078125 0.0109375
0 0.628125 0.35625 0.0078125 0.0109375
0 0.92734375 0.41953125 0.009375 0.0109375
0 0.55546875 0.34296875 0.009375 0.0125
4 0.79609375 0.39453125 0.009375 0.0125
4 0.8984375 0.4171875 0.0109375 0.0140625
0 0.4921875 0.3328125 0.0109375 0.0140625
4 0.7015625 0.3765625 0.009375 0.0140625
4 0.62734375 0.36328125 0.0109375 0.0140625
0 0.45234375 0.33046875 0.0109375 0.0171875
4 0.5984375 0.36171875 0.0109375 0.0171875
0 0.434375 0.3328125 0.0140625 0.0203125
4 0.60546875 0.36875 0.0140625 0.01875
0 0.41328125 0.3390625 0.0171875 0.025
4 0.61640625 0.3828125 0.0171875 0.025
4 0.64140625 0.4046875 0.025 0.0328125
0 0.3765625 0.3484375 0.021875 0.03125
0 0.31640625 0.36328125 0.03125 0.04375
4 0.696875 0.45234375 0.0359375 0.0484375
0 0.2 0.3984375 0.05625 0.071875
4 0.79296875 0.53671875 0.0640625 0.078125