4 0.13359375 0.5421875 0.01640625 0.02890625
4 0.14765625 0.53984375 0.01171875 0.02421875
4 0.20859375 0.5453125 0.01953125 0.03515625
0 0.21796875 0.53515625 0.00703125 0.015625
4 0.29140625 0.53671875 0.0078125 0.01796875
0 0.34453125 0.53515625 0.0078125 0.01484375
4 0.3828125 0.5375 0.0078125 0.01484375
0 0.4625 0.53515625 0.00625 0.01484375
0 0.58046875 0.53671875 0.00703125 0.01328125
2 0.6328125 0.53515625 0.00546875 0.0109375
0 0.6796875 0.53515625 0.00546875 0.01171875
4 0.39296875 0.5484375 0.021875 0.03984375
4 0.47578125 0.5375 0.0078125 0.01484375
2 0.51953125 0.540625 0.0109375 0.021875
4 0.56796875 0.5375 0.0078125 0.01484375
4 0.65 0.53515625 0.00625 0.0109375
0 0.70078125 0.53828125 0.0078125 0.015625
4 0.66171875 0.53984375 0.00703125 0.01484375
4 0.75234375 0.540625 0.00859375 0.01796875
0 0.82421875 0.54140625 0.00625 0.015625
0 0.23203125 0.565625 0.034375 0.06171875
4 0.8359375 0.54765625 0.00703125 0.0203125
4 0.63828125 0.5609375 0.0203125 0.03984375
4 0.828125 0.565625 0.01953125 0.03515625
0 0.778125 0.59375 0.03515625 0.0625
2 0.65546875 0.6296875 0.05859375 0.1