4 0.29296875 0.47890625 0.0109375 0.0203125
4 0.35703125 0.4859375 0.0109375 0.0203125
4 0.21328125 0.4765625 0.0109375 0.021875
4 0.10703125 0.471875 0.0140625 0.0234375
4 0.14921875 0.47578125 0.0140625 0.025
4 0.41953125 0.49765625 0.0140625 0.025
4 0.4734375 0.51015625 0.0140625 0.0296875
4 0.52578125 0.52578125 0.0171875 0.0328125
0 0.1359375 0.51015625 0.0234375 0.0359375
0 0.19765625 0.53359375 0.0265625 0.0453125
4 0.6 0.5640625 0.0328125 0.0515625
4 0.66953125 0.63515625 0.05 0.0859375
0 0.14453125 0.625 0.0640625 0.0921875