4 0.44296875 0.365625 0.0140625 0.0234375
0 0.24453125 0.415625 0.015625 0.021875
0 0.73359375 0.27578125 0.0140625 0.01875
4 0.77109375 0.27421875 0.0171875 0.021875
0 0.175 0.44296875 0.01875 0.025
4 0.44140625 0.3859375 0.0234375 0.0328125
0 0.1359375 0.46875 0.0234375 0.0328125
0 0.1 0.50078125 0.034375 0.0421875
4 0.48984375 0.40234375 0.0375 0.046875
0 0.10625 0.54453125 0.0546875 0.06875
4 0.83359375 0.43203125 0.090625 0.1078125
0 0.35390625 0.3796875 0.0125 0.0171875
0 0.4640625 0.346875 0.0125 0.0171875
0 0.5890625 0.31171875 0.0109375 0.015625
4 0.590625 0.3203125 0.015625 0.0203125
4 0.61171875 0.40625 0.0453125 0.0609375