0 0.915625 0.3765625 0.0046875 0.01171875
0 0.80234375 0.3796875 0.0078125 0.01171875
4 0.83203125 0.38203125 0.00859375 0.01328125
0 0.6984375 0.3828125 0.00703125 0.0109375
4 0.715625 0.3859375 0.0078125 0.0125
0 0.57890625 0.38671875 0.00625 0.0109375
4 0.5859375 0.38984375 0.00703125 0.01328125
0 0.46328125 0.390625 0.00703125 0.0109375
4 0.453125 0.39296875 0.0078125 0.0140625
0 0.3453125 0.39375 0.0078125 0.01171875
4 0.31171875 0.39765625 0.0078125 0.01328125
0 0.23671875 0.39765625 0.0078125 0.01171875
0 0.1265625 0.40078125 0.00703125 0.0109375
4 0.19765625 0.4015625 0.00859375 0.01328125
4 0.09296875 0.45625 0.02265625 0.03515625
4 0.21171875 0.48046875 0.02578125 0.04609375
4 0.371875 0.540625 0.0421875 0.07578125