0 0.82734375 0.3796875 0.00625 0.01015625
4 0.884375 0.38203125 0.0078125 0.0140625
0 0.7609375 0.38203125 0.0078125 0.01171875
4 0.865625 0.38515625 0.00859375 0.01484375
0 0.725 0.3859375 0.00546875 0.01171875
4 0.8921875 0.38828125 0.01015625 0.015625
0 0.7296875 0.38984375 0.0078125 0.01328125
0 0.73671875 0.39453125 0.01015625 0.01640625
0 0.69921875 0.40234375 0.01171875 0.01875
4 0.87890625 0.4109375 0.01484375 0.025
0 0.59140625 0.4109375 0.01328125 0.02109375
0 0.4296875 0.4203125 0.015625 0.02421875
4 0.7296875 0.425 0.01953125 0.02890625
0 0.234375 0.43515625 0.01796875 0.02890625
4 0.53125 0.45 0.0203125 0.03828125
4 0.47265625 0.496875 0.0375 0.05703125
4 0.690625 0.646875 0.07109375 0.1296875
4 0.915625 0.39453125 0.00546875 0.01875