4 0.8046875 0.40859375 0.0140625 0.0203125
0 0.834375 0.39375 0.00625 0.009375
4 0.7984375 0.3953125 0.0078125 0.0140625
0 0.63671875 0.371875 0.0140625 0.01875
0 0.6109375 0.37578125 0.0171875 0.0234375
4 0.815625 0.4203125 0.01875 0.0265625
4 0.83828125 0.44453125 0.025 0.0328125
0 0.57578125 0.38203125 0.0203125 0.0296875
0 0.52265625 0.39296875 0.0265625 0.0390625
4 0.86640625 0.47578125 0.034375 0.0453125
0 0.4046875 0.4109375 0.0453125 0.059375
0 0.22421875 0.45703125 0.0828125 0.1015625
0 0.65390625 0.36796875 0.0109375 0.0140625
0 0.66953125 0.36640625 0.009375 0.0140625
0 0.70546875 0.37109375 0.0078125 0.0125
0 0.76484375 0.38125 0.0078125 0.0125
4 0.80078125 0.4 0.009375 0.0171875
4 0.828125 0.3984375 0.009375 0.0125
4 0.90234375 0.4125 0.009375 0.0140625
0 0.93671875 0.415625 0.00625 0.009375