0 0.88671875 0.4578125 0.0078125 0.0125
0 0.7796875 0.4390625 0.0078125 0.0125
0 0.671875 0.41875 0.009375 0.0125
0 0.55703125 0.39765625 0.009375 0.0125
4 0.86640625 0.45859375 0.0109375 0.015625
0 0.459375 0.3796875 0.00625 0.0125
4 0.72890625 0.434375 0.009375 0.015625
0 0.365625 0.3640625 0.0078125 0.0125
4 0.59609375 0.41015625 0.0109375 0.0140625
0 0.26796875 0.3484375 0.0078125 0.0125
4 0.4625 0.3859375 0.009375 0.0140625
4 0.3484375 0.365625 0.0109375 0.0140625
0 0.1484375 0.32890625 0.0109375 0.0140625
4 0.22890625 0.346875 0.0109375 0.015625
4 0.109375 0.34375 0.0140625 0.0234375
4 0.2234375 0.37421875 0.01875 0.028125
4 0.33828125 0.40546875 0.0265625 0.034375
4 0.42578125 0.44765625 0.0359375 0.0453125
4 0.484375 0.52265625 0.053125 0.075