0 0.85703125 0.334375 0.00625 0.009375
0 0.75390625 0.33515625 0.00390625 0.01015625
0 0.68203125 0.33671875 0.00625 0.0109375
4 0.825 0.33828125 0.0078125 0.0125
0 0.621875 0.3390625 0.00703125 0.0125
4 0.75 0.340625 0.0078125 0.0125
0 0.58515625 0.34375 0.0078125 0.01328125
4 0.721875 0.34375 0.00625 0.0140625
0 0.57109375 0.3484375 0.009375 0.015625
4 0.728125 0.34921875 0.009375 0.01640625
0 0.5546875 0.35625 0.01015625 0.01796875
4 0.7359375 0.35625 0.01171875 0.01875
0 0.5296875 0.36796875 0.0140625 0.0234375
4 0.75546875 0.36875 0.01484375 0.025
0 0.49375 0.38359375 0.0171875 0.0296875
4 0.79453125 0.390625 0.02109375 0.03359375
0 0.43828125 0.4125 0.02578125 0.04140625
4 0.846875 0.4234375 0.03359375 0.04765625
0 0.29453125 0.475 0.046875 0.06875