0 0.88359375 0.46171875 0.0046875 0.0078125
0 0.8078125 0.44375 0.00625 0.0078125
4 0.9203125 0.4734375 0.0078125 0.009375
4 0.8375 0.45390625 0.00625 0.009375
0 0.74140625 0.4296875 0.00625 0.0078125
4 0.746875 0.43359375 0.00625 0.0078125
0 0.63203125 0.40859375 0.0046875 0.00625
0 0.675 0.415625 0.0046875 0.00625
4 0.70234375 0.4265625 0.0078125 0.009375
0 0.60234375 0.40234375 0.00625 0.009375
4 0.66953125 0.42109375 0.0078125 0.0109375
0 0.57734375 0.39921875 0.0078125 0.009375
4 0.65625 0.4203125 0.009375 0.0125
4 0.63125 0.41875 0.009375 0.0140625
0 0.55859375 0.3984375 0.0078125 0.0109375
0 0.5296875 0.3953125 0.009375 0.0125
4 0.5796875 0.4109375 0.0109375 0.015625
0 0.46015625 0.38203125 0.0109375 0.015625
0 0.3515625 0.36171875 0.0109375 0.015625
4 0.478125 0.39453125 0.0140625 0.0203125
0 0.21796875 0.33359375 0.0125 0.01875
4 0.3265625 0.36484375 0.0140625 0.0203125
4 0.14140625 0.32734375 0.015625 0.0203125
4 0.53359375 0.71328125 0.115625 0.1640625