0 0.93671875 0.4734375 0.0046875 0.009375
4 0.890625 0.46484375 0.0078125 0.009375
0 0.78828125 0.43984375 0.00625 0.0078125
0 0.85703125 0.45546875 0.00625 0.009375
4 0.79609375 0.44375 0.00625 0.0078125
0 0.7203125 0.42578125 0.0046875 0.00625
4 0.75234375 0.4375 0.0078125 0.0109375
0 0.67734375 0.4171875 0.00625 0.0078125
0 0.65 0.41328125 0.0046875 0.009375
4 0.7203125 0.43359375 0.0078125 0.0109375
0 0.625 0.409375 0.00625 0.009375
4 0.70859375 0.4328125 0.009375 0.0125
0 0.60625 0.40859375 0.0078125 0.0109375
4 0.68515625 0.43046875 0.009375 0.0140625
0 0.58046875 0.40625 0.009375 0.0140625
4 0.63515625 0.42421875 0.0125 0.0171875
0 0.5109375 0.39375 0.0109375 0.015625
0 0.403125 0.3734375 0.0109375 0.0171875
4 0.53359375 0.4078125 0.0125 0.01875
0 0.26796875 0.3453125 0.0125 0.01875
4 0.38046875 0.378125 0.0140625 0.0203125
4 0.19453125 0.33984375 0.015625 0.021875
4 0.80859375 0.8890625 0.090625 0.1828125