2 0.16171875 0.51328125 0.00625 0.0109375
2 0.17421875 0.5171875 0.00625 0.0140625
2 0.25546875 0.51875 0.00625 0.0109375
2 0.1921875 0.521875 0.0078125 0.01875
2 0.28125 0.52109375 0.00625 0.015625
2 0.2171875 0.528125 0.0125 0.0234375
2 0.3234375 0.52734375 0.0109375 0.015625
0 0.2375 0.534375 0.0109375 0.025
2 0.375 0.5359375 0.0125 0.0203125
4 0.434375 0.54140625 0.0125 0.025
4 0.2453125 0.54921875 0.0203125 0.040625
0 0.5484375 0.55703125 0.0171875 0.0328125
2 0.34921875 0.56484375 0.01875 0.046875
4 0.359375 0.56875 0.01875 0.0515625
2 0.37890625 0.57265625 0.028125 0.0546875
2 0.61171875 0.5703125 0.021875 0.0421875
0 0.63515625 0.5734375 0.0234375 0.04375
2 0.66015625 0.578125 0.025 0.046875
4 0.4140625 0.61015625 0.053125 0.0875