2 0.78515625 0.38125 0.0140625 0.0203125
4 0.9015625 0.38671875 0.0140625 0.03125
2 0.68828125 0.4 0.015625 0.0203125
2 0.55234375 0.41484375 0.0125 0.01875
0 0.40078125 0.46328125 0.0203125 0.0296875
0 0.8296875 0.38515625 0.01875 0.025
0 0.6125 0.42109375 0.01875 0.0265625
4 0.71484375 0.41796875 0.0234375 0.0328125
4 0.5546875 0.4515625 0.025 0.0375
0 0.1625 0.521875 0.03125 0.040625
4 0.40859375 0.49609375 0.0296875 0.046875
4 0.28125 0.56328125 0.0453125 0.06875
4 0.2734375 0.69140625 0.1015625 0.13125
3 0.63828125 0.3984375 0.0109375 0.0171875
4 0.86953125 0.36328125 0.0125 0.01875
4 0.9 0.35546875 0.00625 0.0125