2 0.6203125 0.57109375 0.02109375 0.03515625
2 0.51484375 0.54921875 0.00859375 0.0171875
2 0.76328125 0.61484375 0.04921875 0.078125
2 0.57421875 0.55703125 0.015625 0.0234375
2 0.484375 0.5453125 0.00703125 0.01328125
2 0.2234375 0.540625 0.00703125 0.01171875
2 0.44296875 0.54453125 0.00625 0.01171875
2 0.1765625 0.5375 0.0046875 0.0078125
2 0.23125 0.53515625 0.00234375 0.0046875
2 0.240625 0.53671875 0.00234375 0.00546875
2 0.196875 0.53984375 0.00390625 0.00859375
2 0.25625 0.5375 0.00390625 0.00703125
4 0.19140625 0.540625 0.00390625 0.00625
2 0.39921875 0.540625 0.00234375 0.00546875