4 0.74765625 0.621875 0.04375 0.0640625
4 0.6546875 0.55390625 0.0171875 0.028125
4 0.6328125 0.5359375 0.009375 0.015625
4 0.9171875 0.559375 0.00625 0.009375
4 0.884375 0.55390625 0.00625 0.009375
2 0.5265625 0.51171875 0.00625 0.0109375
4 0.85625 0.5484375 0.00625 0.009375
4 0.603125 0.52109375 0.00625 0.0125
4 0.58984375 0.51484375 0.0046875 0.009375
4 0.8328125 0.5453125 0.00625 0.009375
4 0.93359375 0.56640625 0.003125 0.0125
4 0.5796875 0.5109375 0.003125 0.0078125
4 0.78671875 0.5390625 0.00625 0.009375
4 0.74765625 0.53359375 0.00625 0.009375
2 0.53125 0.50703125 0.003125 0.0078125
4 0.571875 0.5078125 0.003125 0.00625