4 0.66953125 0.4359375 0.01875 0.04296875
0 0.40625 0.44296875 0.0203125 0.046875
0 0.5328125 0.3609375 0.01015625 0.0203125
0 0.4640625 0.40390625 0.0171875 0.03359375
0 0.50078125 0.3734375 0.0125 0.0265625
4 0.6859375 0.48046875 0.02421875 0.05390625
0 0.584375 0.346875 0.00625 0.01484375
4 0.65234375 0.3984375 0.01640625 0.03125
0 0.61796875 0.34609375 0.00625 0.01328125
4 0.64609375 0.378125 0.01171875 0.0203125
4 0.68125 0.36171875 0.0078125 0.01484375
4 0.73828125 0.36875 0.00625 0.01328125
4 0.65390625 0.3671875 0.009375 0.01875
0 0.2125 0.6328125 0.05078125 0.1140625
0 0.64921875 0.35 0.00703125 0.01171875
0 0.56171875 0.35234375 0.0078125 0.01640625
0 0.69765625 0.35625 0.00546875 0.01171875
4 0.71953125 0.365625 0.00625 0.015625
4 0.821875 0.73046875 0.04921875 0.12578125
4 0.85078125 0.3921875 0.0078125 0.01796875
4 0.78671875 0.378125 0.0078125 0.01328125
0 0.9046875 0.40703125 0.00546875 0.01171875
0 0.80390625 0.37578125 0.00625 0.01171875
4 0.66328125 0.36171875 0.0078125 0.01484375
0 0.74765625 0.3640625 0.00703125 0.01171875