4 0.22890625 0.53125 0.0125 0.025
2 0.4515625 0.5375 0.0125 0.028125
2 0.6265625 0.58359375 0.0265625 0.053125
2 0.3375 0.52265625 0.0078125 0.01953125
4 0.2796875 0.55078125 0.015625 0.0359375
4 0.27734375 0.5953125 0.0140625 0.03828125
2 0.2390625 0.51484375 0.00625 0.01640625
0 0.29140625 0.51171875 0.003125 0.0125
0 0.31015625 0.5078125 0.00390625 0.01015625
0 0.26171875 0.50859375 0.00234375 0.01015625
0 0.33125 0.50859375 0.003125 0.01171875
0 0.28046875 0.5046875 0.00234375 0.0078125
0 0.21875 0.5046875 0.00234375 0.00859375
0 0.23984375 0.50546875 0.0015625 0.00703125
0 0.19140625 0.5015625 0.00234375 0.009375