4 0.8328125 0.59375 0.028125 0.04296875
4 0.540625 0.53125 0.01484375 0.0296875
4 0.5546875 0.5234375 0.009375 0.0203125
4 0.6046875 0.5203125 0.00390625 0.01015625
2 0.28125 0.4953125 0.0109375 0.01875
4 0.909375 0.59453125 0.02890625 0.04296875
4 0.63671875 0.56171875 0.0234375 0.0453125
2 0.58984375 0.5125 0.00625 0.01171875
2 0.540625 0.51015625 0.00546875 0.01328125
4 0.7234375 0.52734375 0.00625 0.01015625
2 0.26953125 0.49921875 0.0171875 0.01640625
4 0.26640625 0.48984375 0.01015625 0.0109375
2 0.63671875 0.5171875 0.00546875 0.01328125
4 0.734375 0.5265625 0.0046875 0.0109375