2 0.70234375 0.553125 0.021875 0.0359375
2 0.6765625 0.53984375 0.015625 0.025
2 0.74296875 0.51875 0.0078125 0.0125
2 0.70078125 0.52734375 0.0109375 0.015625
2 0.68125 0.51953125 0.0078125 0.0109375
2 0.91953125 0.56640625 0.0390625 0.06875
2 0.79140625 0.51015625 0.0078125 0.0125
2 0.57109375 0.53515625 0.009375 0.0140625
2 0.86484375 0.49453125 0.0046875 0.0078125
2 0.84296875 0.50234375 0.0046875 0.009375
2 0.753125 0.51015625 0.0046875 0.009375
2 0.46328125 0.55 0.0109375 0.0171875
2 0.88046875 0.496875 0.0078125 0.009375
2 0.9296875 0.4859375 0.003125 0.0078125
2 0.80859375 0.503125 0.0046875 0.0078125
2 0.64921875 0.52421875 0.0078125 0.0125
2 0.51875 0.54140625 0.009375 0.015625
2 0.1046875 0.55625 0.003125 0.0078125
2 0.61328125 0.52890625 0.0078125 0.0125
2 0.91484375 0.49140625 0.0046875 0.0078125
2 0.77890625 0.5078125 0.00625 0.0078125
2 0.18046875 0.5515625 0.0046875 0.0078125
2 0.2390625 0.54609375 0.0046875 0.0078125
2 0.1140625 0.5546875 0.003125 0.0046875
2 0.83203125 0.5 0.0046875 0.0078125
2 0.153125 0.553125 0.003125 0.0078125
2 0.171875 0.55078125 0.003125 0.00625
2 0.7171875 0.5140625 0.0046875 0.0109375
2 0.89921875 0.49140625 0.0046875 0.00625
2 0.1375 0.553125 0.003125 0.0046875
2 0.09296875 0.55546875 0.0046875 0.0046875
2 0.2546875 0.54765625 0.0046875 0.009375
2 0.3953125 0.534375 0.003125 0.0078125
2 0.2140625 0.55 0.003125 0.0078125
2 0.2046875 0.5484375 0.003125 0.00625
2 0.40078125 0.53671875 0.0046875 0.0078125
2 0.0828125 0.55546875 0.0046875 0.0046875
2 0.275 0.54375 0.0046875 0.0078125
2 0.19609375 0.5875 0.0078125 0.015625