4 0.4375 0.4890625 0.00625 0.0125
2 0.54375 0.51484375 0.009375 0.01875
2 0.68125 0.57265625 0.0171875 0.0375
2 0.8265625 0.6359375 0.03125 0.0625
4 0.453125 0.48671875 0.0046875 0.0125
4 0.4109375 0.51640625 0.0125 0.0296875
4 0.42265625 0.49296875 0.0078125 0.015625
4 0.4140625 0.50078125 0.009375 0.0203125
4 0.296875 0.55078125 0.015625 0.0421875
4 0.42265625 0.47109375 0.0046875 0.0078125
2 0.5921875 0.53515625 0.0125 0.0265625
2 0.4953125 0.48203125 0.0046875 0.0078125
4 0.45703125 0.48046875 0.003125 0.0078125
4 0.4390625 0.47578125 0.0046875 0.009375
2 0.52265625 0.48984375 0.003125 0.00625
2 0.47109375 0.47578125 0.003125 0.0078125
4 0.4015625 0.4671875 0.0046875 0.0078125
2 0.44609375 0.47109375 0.003125 0.00625
4 0.365625 0.46171875 0.003125 0.00625
4 0.33046875 0.4578125 0.003125 0.00625
4 0.45859375 0.48359375 0.003125 0.0109375
2 0.90859375 0.646875 0.0328125 0.0453125
2 0.52890625 0.50625 0.0046875 0.0140625
2 0.52265625 0.49921875 0.0046875 0.0109375
2 0.52734375 0.49765625 0.003125 0.0078125