4 0.86328125 0.534375 0.0375 0.0640625
4 0.878125 0.48671875 0.025 0.0390625
2 0.5390625 0.52109375 0.009375 0.01875
2 0.5546875 0.53046875 0.015625 0.028125
2 0.5890625 0.553125 0.0234375 0.0421875
2 0.4 0.5609375 0.0140625 0.025
2 0.7203125 0.5 0.015625 0.028125
4 0.934375 0.45859375 0.0140625 0.03125
2 0.428125 0.54375 0.0109375 0.01875
2 0.82734375 0.46796875 0.0109375 0.0203125
0 0.4125 0.53828125 0.00625 0.0125
2 0.33515625 0.590625 0.0109375 0.0171875
2 0.93203125 0.44140625 0.00625 0.0171875
2 0.609375 0.52421875 0.015625 0.01875
0 0.503125 0.51875 0.00625 0.0140625
0 0.4671875 0.52109375 0.0046875 0.0109375
0 0.3703125 0.54140625 0.00625 0.0109375