4 0.71171875 0.53671875 0.0171875 0.0328125
4 0.775 0.54375 0.01171875 0.0234375
4 0.54921875 0.4703125 0.009375 0.02265625
4 0.75234375 0.51875 0.00390625 0.01171875
4 0.88671875 0.56953125 0.01171875 0.01640625
4 0.6625 0.54921875 0.025 0.05234375
4 0.66328125 0.496875 0.0078125 0.015625
4 0.7578125 0.71015625 0.08125 0.13671875
4 0.90078125 0.56875 0.01015625 0.01171875
4 0.8671875 0.5515625 0.00703125 0.01171875
4 0.7734375 0.521875 0.0046875 0.0109375
4 0.63046875 0.46953125 0.0046875 0.00703125
4 0.71875 0.50078125 0.00390625 0.0078125
4 0.646875 0.471875 0.003125 0.00859375
4 0.66875 0.4828125 0.00390625 0.0078125