4 0.740625 0.67734375 0.04375 0.059375
4 0.62890625 0.5734375 0.009375 0.015625
2 0.53125 0.5296875 0.0109375 0.0140625
4 0.6671875 0.609375 0.0234375 0.03125
2 0.5484375 0.5296875 0.0078125 0.0109375
4 0.71171875 0.5984375 0.0078125 0.0109375
4 0.60703125 0.55 0.00625 0.0078125
4 0.6921875 0.5890625 0.00625 0.009375
4 0.603125 0.54609375 0.0046875 0.00625
4 0.61484375 0.55859375 0.00625 0.0109375
4 0.6859375 0.58359375 0.0046875 0.00625
4 0.60390625 0.546875 0.00625 0.0078125
4 0.7484375 0.88203125 0.1546875 0.1921875
2 0.55625 0.52890625 0.0046875 0.0078125
4 0.66015625 0.56953125 0.003125 0.0046875
2 0.89453125 0.6765625 0.009375 0.0140625
4 0.68125 0.5796875 0.0046875 0.00625
2 0.56796875 0.52890625 0.003125 0.00625
4 0.6703125 0.575 0.0046875 0.00625
2 0.5609375 0.528125 0.0046875 0.0078125