4 0.7640625 0.63203125 0.046875 0.0671875
4 0.66328125 0.5390625 0.009375 0.01875
4 0.6921875 0.5390625 0.009375 0.0171875
4 0.62265625 0.5390625 0.0140625 0.025
4 0.70859375 0.53828125 0.00625 0.0140625
4 0.66015625 0.57109375 0.021875 0.040625
2 0.56640625 0.51484375 0.003125 0.0125
2 0.59453125 0.51875 0.0046875 0.0125
4 0.675 0.52421875 0.0046875 0.0078125
2 0.63203125 0.51875 0.003125 0.00625
2 0.6375 0.5234375 0.003125 0.009375
0 0.56171875 0.515625 0.00625 0.00625
4 0.69140625 0.5296875 0.00625 0.009375
4 0.65 0.51875 0.003125 0.00625
4 0.66171875 0.5203125 0.003125 0.00625
0 0.55078125 0.503125 0.0046875 0.0078125
0 0.55859375 0.5078125 0.00625 0.009375