4 0.54609375 0.5015625 0.009375 0.015625
4 0.43359375 0.5109375 0.0203125 0.0328125
4 0.5015625 0.51015625 0.015625 0.028125
2 0.6328125 0.5734375 0.025 0.046875
2 0.6296875 0.63125 0.04375 0.084375
2 0.64296875 0.521875 0.009375 0.0171875
2 0.65859375 0.55078125 0.01875 0.0328125
2 0.65 0.53203125 0.0109375 0.0203125
4 0.52890625 0.50546875 0.009375 0.01875
2 0.62890625 0.51171875 0.00625 0.0109375
4 0.5515625 0.4984375 0.00625 0.0125
2 0.8421875 0.81171875 0.0921875 0.1671875
2 0.6046875 0.50234375 0.003125 0.009375
4 0.5546875 0.4953125 0.0046875 0.0109375
4 0.54375 0.49140625 0.0046875 0.009375
2 0.58046875 0.496875 0.003125 0.0078125
2 0.59375 0.4984375 0.003125 0.00625
2 0.60234375 0.49921875 0.003125 0.0078125
4 0.54140625 0.48515625 0.003125 0.0078125
4 0.52890625 0.484375 0.003125 0.009375
4 0.559375 0.4890625 0.003125 0.00625
4 0.56328125 0.4890625 0.003125 0.00625
4 0.56875 0.48828125 0.0015625 0.00625