4 0.371875 0.48359375 0.0171875 0.0265625
4 0.50390625 0.49375 0.0109375 0.01875
4 0.33515625 0.49453125 0.0125 0.021875
2 0.578125 0.54609375 0.025 0.0390625
2 0.61796875 0.50859375 0.0078125 0.0109375
4 0.4390625 0.48515625 0.0140625 0.0203125
4 0.5296875 0.484375 0.00625 0.0109375
4 0.53984375 0.4890625 0.0078125 0.0125
2 0.6453125 0.51796875 0.009375 0.0140625
2 0.6796875 0.53125 0.0109375 0.015625
2 0.69765625 0.6109375 0.0375 0.059375
2 0.5484375 0.525 0.0203125 0.03125
4 0.55078125 0.49609375 0.009375 0.015625
2 0.5953125 0.49609375 0.0078125 0.009375
2 0.6578125 0.53984375 0.015625 0.0234375
4 0.54609375 0.5 0.009375 0.015625
4 0.3578125 0.45859375 0.0078125 0.0125
2 0.3484375 0.45390625 0.0078125 0.009375
2 0.30078125 0.44921875 0.0078125 0.0109375
2 0.58203125 0.490625 0.00625 0.009375
4 0.41015625 0.4640625 0.00625 0.009375
2 0.42578125 0.4625 0.0046875 0.009375
4 0.5234375 0.47578125 0.0046875 0.0078125
2 0.43671875 0.46171875 0.00625 0.009375
4 0.52578125 0.48046875 0.00625 0.0078125
2 0.56953125 0.484375 0.003125 0.00625
2 0.3828125 0.4578125 0.00625 0.0078125
4 0.2921875 0.53359375 0.0140625 0.021875