2 0.5328125 0.5078125 0.009375 0.015625
4 0.7671875 0.6390625 0.071875 0.10625
4 0.6390625 0.534375 0.021875 0.0359375
4 0.71171875 0.50703125 0.0078125 0.0140625
4 0.68828125 0.51171875 0.009375 0.0171875
2 0.603125 0.5046875 0.00625 0.0109375
4 0.7578125 0.50390625 0.00625 0.009375
4 0.65234375 0.51796875 0.0140625 0.021875
4 0.73046875 0.5046875 0.00625 0.0109375
4 0.85703125 0.50546875 0.00625 0.009375
4 0.81171875 0.50390625 0.0078125 0.0109375
2 0.8328125 0.50078125 0.0046875 0.0078125
2 0.646875 0.5 0.00625 0.0109375
2 0.67734375 0.4984375 0.00625 0.0078125
2 0.6421875 0.49609375 0.00625 0.009375
2 0.7828125 0.5 0.00625 0.009375
4 0.65 0.49453125 0.003125 0.009375
2 0.7203125 0.4984375 0.0046875 0.0078125