4 0.5578125 0.4984375 0.0109375 0.01875
2 0.66796875 0.5140625 0.0125 0.0234375
4 0.46015625 0.5078125 0.0125 0.025
2 0.69609375 0.50703125 0.0078125 0.0171875
4 0.58671875 0.4953125 0.0078125 0.015625
2 0.6125 0.53046875 0.015625 0.0328125
2 0.5890625 0.55390625 0.0234375 0.046875
2 0.625 0.51875 0.0140625 0.028125
4 0.4984375 0.50078125 0.0109375 0.0203125
4 0.60390625 0.4890625 0.0046875 0.009375
4 0.59609375 0.49140625 0.00625 0.0140625
2 0.68828125 0.50078125 0.00625 0.0125
2 0.6765625 0.49296875 0.0046875 0.009375
2 0.78828125 0.75859375 0.0859375 0.1703125
2 0.65234375 0.48515625 0.003125 0.0078125
2 0.63125 0.4828125 0.003125 0.0078125
2 0.68359375 0.49609375 0.0046875 0.009375
4 0.5328125 0.47578125 0.0046875 0.0078125
0 0.4171875 0.484375 0.0046875 0.0125
2 0.665625 0.48828125 0.0046875 0.009375
2 0.46484375 0.47421875 0.0046875 0.0078125
4 0.4734375 0.475 0.0046875 0.00625
4 0.60859375 0.4859375 0.0046875 0.0078125
4 0.60390625 0.48203125 0.0046875 0.0078125
4 0.53984375 0.47578125 0.0046875 0.00625
2 0.46953125 0.475 0.0046875 0.00625
2 0.92109375 0.54140625 0.0109375 0.025
2 0.6703125 0.48984375 0.0046875 0.0078125
2 0.31875 0.47734375 0.00625 0.0078125
0 0.3296875 0.48984375 0.00625 0.0140625
0 0.434375 0.51015625 0.0078125 0.0203125
0 0.4484375 0.51328125 0.0140625 0.015625
0 0.43828125 0.496875 0.0078125 0.0171875
0 0.45546875 0.48125 0.0046875 0.009375
0 0.47734375 0.48984375 0.00625 0.0140625
0 0.521875 0.48671875 0.0046875 0.0109375
0 0.5484375 0.484375 0.0046875 0.009375