4 0.3859375 0.51796875 0.0109375 0.025
4 0.4 0.503125 0.00625 0.0171875
2 0.5609375 0.52109375 0.0140625 0.0265625
2 0.65859375 0.5671875 0.0234375 0.0484375
2 0.51640625 0.50234375 0.0078125 0.0171875
4 0.40625 0.49453125 0.0046875 0.0140625
2 0.48984375 0.49375 0.0046875 0.0125
4 0.33203125 0.534375 0.0078125 0.01875
4 0.4109375 0.4890625 0.003125 0.009375
2 0.48125 0.4890625 0.003125 0.0109375
4 0.4296875 0.48515625 0.0015625 0.0078125
2 0.48828125 0.4859375 0.003125 0.0078125
4 0.44921875 0.4828125 0.0015625 0.00625
4 0.4625 0.48046875 0.0015625 0.0078125