4 0.7125 0.58125 0.0359375 0.0578125
4 0.6859375 0.5453125 0.0203125 0.0328125
4 0.75859375 0.53046875 0.0109375 0.01875
4 0.78125 0.528125 0.009375 0.0140625
2 0.6171875 0.51484375 0.0109375 0.0171875
4 0.728125 0.534375 0.0140625 0.0234375
2 0.52265625 0.51171875 0.0125 0.0203125
2 0.6703125 0.515625 0.00625 0.0109375
4 0.753125 0.51328125 0.00625 0.009375
4 0.74140625 0.5109375 0.0046875 0.009375
4 0.73203125 0.50703125 0.0046875 0.009375
2 0.6828125 0.51328125 0.00625 0.0109375
4 0.775 0.521875 0.00625 0.0125
4 0.7234375 0.50390625 0.0046875 0.0078125
4 0.70546875 0.5015625 0.0046875 0.00625