4 0.24453125 0.45703125 0.02578125 0.046875
4 0.60859375 0.51328125 0.01640625 0.0390625
4 0.55078125 0.46171875 0.00625 0.0125
4 0.6046875 0.46640625 0.00390625 0.00859375
4 0.91796875 0.65703125 0.03671875 0.10625
4 0.640625 0.46953125 0.00390625 0.00703125
4 0.62578125 0.46796875 0.00390625 0.00625
4 0.653125 0.47109375 0.003125 0.00625
4 0.5640625 0.45390625 0.0046875 0.00703125
4 0.6609375 0.471875 0.003125 0.00625
4 0.60703125 0.4609375 0.00234375 0.00546875
1 0.30234375 0.4125 0.0078125 0.02578125
1 0.3109375 0.41328125 0.00703125 0.0234375
4 0.53515625 0.44921875 0.00390625 0.00859375
4 0.3265625 0.41875 0.0046875 0.01171875