0 0.3890625 0.71796875 0.04375 0.0671875
0 0.5734375 0.76875 0.05 0.08125
0 0.78125 0.840625 0.053125 0.1
0 0.78125 0.79453125 0.003125 0.003125
0 0.75703125 0.65625 0.03125 0.0515625
0 0.8328125 0.6671875 0.0328125 0.0546875
0 0.6609375 0.6390625 0.03125 0.046875
0 0.55078125 0.628125 0.028125 0.04375
0 0.18125 0.8765625 0.040625 0.0515625
0 0.240625 0.8046875 0.05 0.0890625
0 0.26328125 0.74140625 0.0390625 0.06875
0 0.2140625 0.6875 0.0375 0.0578125
0 0.1859375 0.66875 0.0359375 0.053125
0 0.225 0.65546875 0.0328125 0.0515625
0 0.475 0.61171875 0.025 0.040625
0 0.4734375 0.60390625 0.025 0.0375
0 0.528125 0.55625 0.015625 0.0265625
0 0.62578125 0.5640625 0.0140625 0.028125
0 0.59765625 0.55859375 0.01875 0.028125
0 0.30234375 0.684375 0.0375 0.059375