2 0.575 0.5578125 0.015625 0.028125
2 0.40625 0.52578125 0.0078125 0.015625
2 0.6828125 0.62109375 0.04375 0.0671875
2 0.64296875 0.5453125 0.009375 0.0171875
2 0.68984375 0.540625 0.00625 0.0125
2 0.6109375 0.5484375 0.0125 0.0203125
2 0.49921875 0.5265625 0.00625 0.0125
2 0.471875 0.525 0.00625 0.0140625
2 0.42734375 0.51484375 0.0046875 0.0078125
2 0.51796875 0.5265625 0.0046875 0.0109375
2 0.671875 0.5359375 0.0046875 0.0109375
2 0.525 0.528125 0.0046875 0.0125
2 0.4421875 0.52578125 0.0078125 0.0125
2 0.528125 0.52734375 0.003125 0.0125
2 0.63046875 0.53125 0.0046875 0.0109375
2 0.53125 0.528125 0.0046875 0.0109375
2 0.578125 0.5265625 0.003125 0.0078125
2 0.49375 0.5234375 0.0046875 0.0109375
2 0.48203125 0.51875 0.003125 0.0078125