4 0.77421875 0.61875 0.034375 0.053125
4 0.6421875 0.5421875 0.00625 0.015625
2 0.5375 0.521875 0.0078125 0.0140625
4 0.68671875 0.56875 0.0171875 0.0296875
2 0.55390625 0.51796875 0.00625 0.0109375
4 0.72890625 0.5484375 0.00625 0.0109375
4 0.61484375 0.525 0.0046875 0.0078125
4 0.70703125 0.54375 0.0046875 0.009375
4 0.6109375 0.52109375 0.0046875 0.00625
4 0.625 0.53125 0.0046875 0.0109375
4 0.7 0.5390625 0.0046875 0.00625
4 0.6125 0.52265625 0.0046875 0.0078125
4 0.828125 0.81640625 0.1203125 0.1703125
2 0.56171875 0.51484375 0.003125 0.0078125
4 0.671875 0.53203125 0.003125 0.0046875
2 0.92421875 0.5828125 0.0078125 0.0140625
4 0.69453125 0.53671875 0.0046875 0.00625
2 0.57265625 0.51328125 0.003125 0.00625
4 0.6828125 0.534375 0.003125 0.00625
2 0.565625 0.51328125 0.003125 0.0078125