0 0.71015625 0.80234375 0.05390625 0.09921875
0 0.63046875 0.61484375 0.0296875 0.05546875
0 0.521875 0.59140625 0.02734375 0.05
0 0.475 0.57578125 0.02578125 0.046875
0 0.428125 0.565625 0.0234375 0.04375
0 0.36796875 0.55234375 0.02265625 0.04375
0 0.40078125 0.51171875 0.0203125 0.0359375
0 0.3796875 0.5421875 0.021875 0.04140625
0 0.28203125 0.53515625 0.021875 0.04140625
0 0.20703125 0.50078125 0.01875 0.03515625
0 0.153125 0.61875 0.021875 0.0625
0 0.39296875 0.7765625 0.05859375 0.0953125
0 0.14296875 0.65 0.02734375 0.07421875
0 0.72421875 0.63828125 0.021875 0.059375
0 0.58046875 0.55703125 0.02109375 0.0421875
0 0.66953125 0.56328125 0.02265625 0.0453125
0 0.68828125 0.64609375 0.01484375 0.04140625
0 0.709375 0.6546875 0.0140625 0.02890625
0 0.77578125 0.70234375 0.02734375 0.07265625
0 0.7953125 0.70703125 0.028125 0.06953125
0 0.90625 0.72578125 0.03203125 0.078125
2 0.784375 0.5734375 0.0234375 0.04375
0 0.79375 0.540625 0.015625 0.03515625
2 0.91171875 0.5703125 0.02109375 0.03984375
3 0.89296875 0.58125 0.02421875 0.0453125
0 0.1375 0.59296875 0.01484375 0.05546875
0 0.828125 0.684375 0.0125 0.01953125
0 0.65703125 0.65703125 0.00859375 0.0109375