0 0.85234375 0.36796875 0.0125 0.0203125
0 0.39140625 0.48046875 0.0234375 0.04375
0 0.4921875 0.4921875 0.03125 0.053125
4 0.0984375 0.56953125 0.0328125 0.053125
4 0.20703125 0.64375 0.053125 0.0859375
4 0.17578125 0.59609375 0.0421875 0.065625
0 0.1078125 0.4609375 0.009375 0.01875
4 0.8296875 0.35859375 0.009375 0.01875
0 0.1375 0.446875 0.0078125 0.0140625
0 0.18828125 0.4828125 0.0203125 0.03125
0 0.64375 0.5578125 0.0546875 0.0859375
0 0.27421875 0.4109375 0.0078125 0.0140625
0 0.27421875 0.47890625 0.021875 0.0390625
4 0.1703125 0.7515625 0.06875 0.11875
0 0.5578125 0.38046875 0.0109375 0.0203125
4 0.57421875 0.36953125 0.009375 0.015625
2 0.43671875 0.390625 0.0078125 0.0171875
0 0.2078125 0.42265625 0.00625 0.015625
4 0.07890625 0.459375 0.009375 0.015625
4 0.31015625 0.39921875 0.0078125 0.0125
0 0.1328125 0.47734375 0.015625 0.0265625
0 0.11796875 0.46953125 0.0109375 0.021875
2 0.47734375 0.37734375 0.0078125 0.0140625
4 0.1375 0.4359375 0.0078125 0.0125
4 0.4046875 0.384375 0.0078125 0.0140625
4 0.2125 0.41640625 0.0078125 0.0125
0 0.1734375 0.43203125 0.00625 0.0140625
0 0.72109375 0.371875 0.0109375 0.0203125
2 0.428125 0.3921875 0.009375 0.0171875
4 0.7171875 0.3609375 0.009375 0.0171875
0 0.35625 0.40078125 0.009375 0.0171875
2 0.46640625 0.37890625 0.0078125 0.0140625
0 0.93203125 0.7765625 0.075 0.10625