4 0.71328125 0.5375 0.0171875 0.0296875
4 0.56171875 0.4984375 0.009375 0.01875
4 0.5328125 0.49375 0.009375 0.01875
4 0.57578125 0.50390625 0.0109375 0.021875
4 0.64609375 0.53828125 0.0171875 0.0328125
4 0.684375 0.51953125 0.0109375 0.0203125
2 0.78046875 0.528125 0.009375 0.01875
2 0.8609375 0.6328125 0.0359375 0.0671875
2 0.85078125 0.5484375 0.0109375 0.021875
2 0.7484375 0.51953125 0.0078125 0.015625
4 0.59609375 0.50859375 0.0109375 0.0203125
4 0.615625 0.5109375 0.0109375 0.0203125
4 0.76796875 0.51796875 0.0078125 0.0140625
4 0.44609375 0.4796875 0.009375 0.0171875
4 0.48984375 0.48671875 0.009375 0.0171875
4 0.62578125 0.51015625 0.009375 0.0203125
4 0.6109375 0.50390625 0.009375 0.01875
2 0.725 0.51640625 0.0078125 0.0171875
4 0.721875 0.5328125 0.0125 0.025
4 0.48828125 0.5265625 0.0203125 0.040625
2 0.915625 0.5859375 0.01875 0.0359375
2 0.309375 0.4625 0.0046875 0.0125
4 0.65078125 0.51015625 0.009375 0.01875
4 0.5359375 0.4765625 0.0046875 0.009375
2 0.66328125 0.50078125 0.0078125 0.0125
2 0.38125 0.46875 0.00625 0.0125
4 0.375 0.47421875 0.0078125 0.015625
2 0.90859375 0.55 0.0078125 0.0203125
2 0.7078125 0.503125 0.00625 0.009375
2 0.7125 0.83125 0.08125 0.165625
2 0.453125 0.47578125 0.00625 0.0125
4 0.36171875 0.5125 0.009375 0.0234375
4 0.7890625 0.5203125 0.0046875 0.0109375
2 0.696875 0.50234375 0.0046875 0.009375
4 0.553125 0.478125 0.0046875 0.0078125
2 0.68046875 0.50078125 0.0046875 0.0109375
4 0.5296875 0.47734375 0.0046875 0.009375
2 0.63515625 0.496875 0.00625 0.0125
4 0.78203125 0.5109375 0.00625 0.0125
3 0.46015625 0.46171875 0.0078125 0.021875
2 0.7421875 0.5078125 0.0046875 0.0109375
4 0.56640625 0.478125 0.003125 0.0078125
4 0.76015625 0.5078125 0.0046875 0.0078125
2 0.52421875 0.48046875 0.0046875 0.009375
4 0.57578125 0.47890625 0.0046875 0.0078125
4 0.79765625 0.5203125 0.0046875 0.0109375
2 0.50625 0.4796875 0.00625 0.0140625
4 0.76328125 0.5078125 0.0046875 0.0078125
2 0.68515625 0.50078125 0.00625 0.0109375
2 0.6421875 0.49921875 0.0078125 0.0078125
4 0.56953125 0.5015625 0.0078125 0.0125
4 0.53984375 0.49765625 0.0078125 0.0125
4 0.88828125 0.54375 0.0078125 0.0171875
4 0.8640625 0.5375 0.0078125 0.0171875