4 0.78828125 0.58984375 0.0375 0.071875
4 0.78984375 0.51796875 0.0078125 0.01953125
4 0.60546875 0.47734375 0.00625 0.01875
4 0.63671875 0.49609375 0.0109375 0.02734375
4 0.63203125 0.4671875 0.00234375 0.0078125
2 0.68125 0.49296875 0.0078125 0.01953125
4 0.88125 0.54921875 0.0125 0.0234375
4 0.5921875 0.4578125 0.003125 0.00703125
4 0.6640625 0.48203125 0.00859375 0.00859375
4 0.6375 0.4734375 0.00390625 0.0109375
4 0.621875 0.4703125 0.00703125 0.00703125
4 0.64453125 0.4734375 0.00625 0.0046875
4 0.60859375 0.4640625 0.00390625 0.0078125
4 0.61640625 0.46484375 0.00390625 0.0078125
4 0.80546875 0.49375 0.00625 0.01328125
4 0.5796875 0.4546875 0.00234375 0.00625
4 0.5765625 0.453125 0.0015625 0.00546875
4 0.57421875 0.4515625 0.0015625 0.00546875
4 0.5640625 0.44921875 0.0015625 0.00390625
4 0.56171875 0.4484375 0.0015625 0.00390625