4 0.378125 0.49296875 0.01875 0.0328125
2 0.52109375 0.515625 0.0125 0.021875
2 0.63828125 0.596875 0.0328125 0.0546875
2 0.5828125 0.54921875 0.0203125 0.0328125
2 0.4921875 0.5 0.0109375 0.01875
4 0.365625 0.47421875 0.0109375 0.0203125
4 0.3734375 0.4625 0.0078125 0.015625
2 0.46640625 0.48671875 0.00625 0.0140625
2 0.80625 0.88671875 0.1328125 0.20625
2 0.50390625 0.4875 0.0046875 0.009375
4 0.40859375 0.4640625 0.00625 0.0109375
2 0.5390625 0.49375 0.0046875 0.009375
4 0.38203125 0.4609375 0.00625 0.0125
4 0.37265625 0.49765625 0.0125 0.01875
2 0.46640625 0.48046875 0.0046875 0.0109375
4 0.44921875 0.47109375 0.0046875 0.009375