4 0.50859375 0.5078125 0.0078125 0.0171875
4 0.46484375 0.525 0.0125 0.0265625
2 0.7140625 0.56484375 0.025 0.0546875
2 0.65078125 0.528125 0.0125 0.0296875
4 0.54453125 0.50234375 0.00625 0.0140625
4 0.584375 0.50078125 0.0046875 0.0109375
2 0.60859375 0.5125 0.0078125 0.01875
2 0.6828125 0.503125 0.0046875 0.0125
2 0.6328125 0.5046875 0.0046875 0.0140625
2 0.67890625 0.4984375 0.003125 0.0078125
2 0.70234375 0.50078125 0.003125 0.009375
4 0.61875 0.49609375 0.003125 0.0078125
4 0.6265625 0.4984375 0.003125 0.009375
4 0.58671875 0.49296875 0.003125 0.0078125
4 0.59765625 0.4953125 0.003125 0.0078125
4 0.61171875 0.4921875 0.003125 0.00625
4 0.39609375 0.5421875 0.0046875 0.009375
4 0.5953125 0.4921875 0.0015625 0.00625
4 0.6265625 0.4921875 0.0015625 0.00625