4 0.6515625 0.434375 0.025 0.040625
0 0.4765625 0.3828125 0.01875 0.0328125
0 0.36640625 0.40390625 0.0234375 0.04375
4 0.6921875 0.4140625 0.01875 0.0328125
0 0.5609375 0.37421875 0.0140625 0.0265625
0 0.65234375 0.37265625 0.0109375 0.01875
0 0.61875 0.371875 0.0125 0.021875
4 0.72421875 0.40390625 0.0140625 0.025
4 0.7640625 0.39765625 0.0125 0.01875
4 0.78046875 0.396875 0.009375 0.015625
0 0.17421875 0.53671875 0.053125 0.0953125
0 0.68359375 0.371875 0.009375 0.015625
4 0.653125 0.59140625 0.0484375 0.0890625
4 0.8859375 0.41953125 0.0078125 0.0125
0 0.90625 0.4234375 0.0078125 0.0125
4 0.80234375 0.3984375 0.0078125 0.0140625
4 0.609375 0.46484375 0.0328125 0.05625
0 0.7671875 0.38046875 0.0078125 0.0125
4 0.81875 0.40078125 0.0078125 0.0125
4 0.83515625 0.403125 0.0078125 0.0125
0 0.796875 0.38671875 0.0078125 0.0109375
4 0.92421875 0.434375 0.0078125 0.0125
0 0.74140625 0.3765625 0.0078125 0.0125
0 0.7125 0.37421875 0.0078125 0.0140625
4 0.74453125 0.4015625 0.0125 0.021875
0 0.82421875 0.3953125 0.00625 0.009375
4 0.86875 0.4140625 0.0078125 0.0125
0 0.865625 0.4078125 0.00625 0.009375