2 0.38515625 0.4984375 0.0046875 0.015625
2 0.5203125 0.50859375 0.0125 0.0265625
2 0.4359375 0.503125 0.0078125 0.0203125
2 0.6125 0.5296875 0.0171875 0.0375
2 0.775 0.58125 0.028125 0.06875
4 0.303125 0.52578125 0.0125 0.028125
4 0.2765625 0.5078125 0.00625 0.0125
2 0.37109375 0.49765625 0.0046875 0.0109375
4 0.3328125 0.5375 0.00625 0.015625
4 0.29296875 0.49921875 0.003125 0.009375
4 0.3015625 0.49609375 0.003125 0.009375
4 0.28125 0.50234375 0.003125 0.009375
2 0.35703125 0.49140625 0.003125 0.0078125
2 0.90703125 0.49609375 0.0046875 0.0109375
4 0.31484375 0.4921875 0.003125 0.0078125
4 0.3234375 0.4890625 0.003125 0.0078125
2 0.89296875 0.4953125 0.003125 0.009375
2 0.88046875 0.49375 0.0046875 0.0109375
4 0.27578125 0.50078125 0.0046875 0.009375
4 0.27734375 0.59296875 0.009375 0.0234375
2 0.91796875 0.49609375 0.0046875 0.0125
4 0.296875 0.49375 0.003125 0.00625
4 0.3296875 0.4890625 0.003125 0.0078125
2 0.365625 0.48671875 0.003125 0.0078125
2 0.36015625 0.49375 0.003125 0.0125
2 0.378125 0.48359375 0.0015625 0.00625
4 0.3109375 0.49140625 0.003125 0.00625