4 0.725 0.553125 0.015625 0.034375
4 0.678125 0.59140625 0.028125 0.0578125
4 0.5875 0.53203125 0.015625 0.03125
4 0.43828125 0.53515625 0.01875 0.034375
4 0.803125 0.54140625 0.0125 0.0265625
4 0.8796875 0.540625 0.009375 0.021875
4 0.63984375 0.52421875 0.0078125 0.0203125
2 0.91875 0.53203125 0.00625 0.015625
2 0.753125 0.5171875 0.0046875 0.0125
2 0.7234375 0.52109375 0.0046875 0.015625
4 0.7546875 0.79609375 0.1015625 0.165625
4 0.42578125 0.49296875 0.00625 0.0125
4 0.615625 0.51015625 0.0046875 0.0125
4 0.575 0.5046875 0.00625 0.0109375
2 0.81484375 0.528125 0.0046875 0.0171875
2 0.67421875 0.51171875 0.0046875 0.0109375
2 0.82890625 0.5234375 0.0046875 0.0140625
2 0.77265625 0.515625 0.003125 0.0109375
4 0.5265625 0.49921875 0.00625 0.0125
4 0.478125 0.4953125 0.00625 0.0109375
2 0.8390625 0.5203125 0.0046875 0.0125
2 0.55234375 0.49765625 0.0046875 0.0109375
4 0.3765625 0.4921875 0.0046875 0.0109375
0 0.74453125 0.5265625 0.00625 0.0171875
4 0.640625 0.515625 0.0046875 0.015625
2 0.6171875 0.50390625 0.003125 0.0109375
0 0.74296875 0.50859375 0.003125 0.0078125
0 0.76875 0.51328125 0.0015625 0.0078125
0 0.83125 0.51640625 0.0015625 0.0078125
0 0.8125 0.5125 0.0015625 0.00625