2 0.559375 0.515625 0.0109375 0.0203125
4 0.42578125 0.49609375 0.0109375 0.021875
2 0.60546875 0.54765625 0.01875 0.0359375
4 0.37265625 0.4984375 0.0140625 0.028125
2 0.79453125 0.64140625 0.0453125 0.075
2 0.52421875 0.5203125 0.0140625 0.0265625
2 0.57890625 0.5109375 0.0078125 0.015625
4 0.49375 0.49375 0.00625 0.0140625
4 0.47734375 0.496875 0.0078125 0.015625
4 0.509375 0.4921875 0.0046875 0.0125
4 0.3671875 0.51328125 0.0078125 0.015625
2 0.58828125 0.50390625 0.0046875 0.0125
2 0.584375 0.50703125 0.00625 0.0140625
2 0.57734375 0.4984375 0.003125 0.009375
2 0.56640625 0.49453125 0.003125 0.009375
2 0.56484375 0.49140625 0.003125 0.009375
4 0.50859375 0.48671875 0.003125 0.009375
4 0.51328125 0.48359375 0.003125 0.00625
4 0.51171875 0.48203125 0.0015625 0.00625
4 0.5109375 0.48125 0.0015625 0.00625