2 0.58671875 0.53125 0.0125 0.0328125
4 0.3828125 0.5296875 0.009375 0.025
2 0.56328125 0.5171875 0.009375 0.0265625
4 0.4796875 0.5 0.0046875 0.0109375
4 0.42421875 0.5140625 0.0078125 0.0171875
2 0.76484375 0.61796875 0.0421875 0.090625
4 0.4578125 0.50625 0.0046875 0.0125
2 0.33046875 0.5078125 0.003125 0.009375
2 0.553125 0.50546875 0.0046875 0.01875
2 0.56171875 0.49453125 0.0046875 0.0125
4 0.50546875 0.49453125 0.003125 0.0109375
4 0.4875 0.49296875 0.003125 0.0078125
4 0.3515625 0.50859375 0.0046875 0.0109375
4 0.52734375 0.490625 0.003125 0.009375
4 0.521875 0.490625 0.003125 0.0078125
2 0.57265625 0.48984375 0.003125 0.0109375
4 0.41171875 0.5015625 0.0046875 0.009375
2 0.59453125 0.48515625 0.003125 0.009375
4 0.4578125 0.496875 0.003125 0.009375
2 0.5921875 0.48671875 0.003125 0.0109375
2 0.58203125 0.48359375 0.0015625 0.0078125
2 0.55546875 0.4984375 0.0046875 0.015625
2 0.37890625 0.50234375 0.003125 0.009375
2 0.43125 0.49609375 0.003125 0.0078125
2 0.47421875 0.49140625 0.003125 0.0078125
4 0.50546875 0.49140625 0.003125 0.009375
4 0.2953125 0.56796875 0.0078125 0.0328125