4 0.5359375 0.5515625 0.025 0.0390625
4 0.6390625 0.55546875 0.0109375 0.0203125
4 0.65703125 0.55625 0.0109375 0.0171875
2 0.77265625 0.6171875 0.0171875 0.028125
2 0.76484375 0.6015625 0.0109375 0.0203125
2 0.76328125 0.6578125 0.0359375 0.05625
4 0.609375 0.553125 0.015625 0.0265625
2 0.753125 0.58984375 0.009375 0.0171875
4 0.36015625 0.46015625 0.0078125 0.0125
2 0.3390625 0.45234375 0.00625 0.009375
4 0.5484375 0.5046875 0.0046875 0.0078125
4 0.575 0.51640625 0.0078125 0.0109375
4 0.39609375 0.46796875 0.00625 0.0109375
2 0.80625 0.78671875 0.0765625 0.1234375
4 0.5609375 0.51015625 0.0078125 0.009375
4 0.64765625 0.54453125 0.0078125 0.0140625
2 0.74765625 0.5828125 0.0078125 0.0125
2 0.69296875 0.55625 0.00625 0.009375
4 0.42265625 0.47265625 0.00625 0.009375
4 0.54453125 0.50390625 0.003125 0.00625
2 0.65546875 0.54140625 0.00625 0.009375
4 0.61484375 0.53203125 0.0078125 0.0125
2 0.72109375 0.56875 0.00625 0.0109375
4 0.6609375 0.553125 0.0109375 0.015625
4 0.4390625 0.47578125 0.00625 0.0078125
2 0.3734375 0.45859375 0.0046875 0.0078125
4 0.5234375 0.49375 0.003125 0.00625
2 0.62265625 0.52890625 0.0046875 0.0078125
4 0.45546875 0.47890625 0.00625 0.0078125
4 0.475 0.48359375 0.00625 0.0078125
2 0.60859375 0.5234375 0.0046875 0.0078125
4 0.5109375 0.490625 0.003125 0.00625
4 0.4953125 0.4875 0.003125 0.00625
4 0.334375 0.475 0.0125 0.0171875
2 0.403125 0.465625 0.00625 0.0078125