4 0.66875 0.62265625 0.0265625 0.04375
4 0.73359375 0.62265625 0.015625 0.0296875
2 0.62890625 0.57265625 0.0125 0.0203125
2 0.503125 0.5453125 0.0171875 0.03125
2 0.73125 0.6015625 0.009375 0.01875
4 0.621875 0.69375 0.05625 0.0921875
4 0.8046875 0.63671875 0.0125 0.0234375
2 0.8296875 0.63125 0.0078125 0.015625
2 0.859375 0.63515625 0.0078125 0.0140625
2 0.89609375 0.64296875 0.00625 0.0125
4 0.8828125 0.66171875 0.0140625 0.0234375
2 0.5109375 0.49375 0.0046875 0.009375
2 0.80078125 0.609375 0.00625 0.0109375
2 0.8453125 0.62109375 0.00625 0.0109375
2 0.553125 0.51328125 0.003125 0.0078125
2 0.5359375 0.5046875 0.0046875 0.009375