4 0.67734375 0.6171875 0.04375 0.0703125
4 0.6546875 0.5609375 0.01875 0.0359375
2 0.509375 0.50859375 0.0078125 0.015625
4 0.90234375 0.5734375 0.0109375 0.0171875
4 0.62421875 0.5328125 0.0109375 0.0203125
2 0.565625 0.50703125 0.00625 0.0109375
4 0.8578125 0.5609375 0.0078125 0.0140625
2 0.51953125 0.50625 0.00625 0.0125
2 0.54140625 0.50546875 0.00625 0.0109375
4 0.6421875 0.51875 0.00625 0.0109375
4 0.61484375 0.51484375 0.00625 0.0109375
2 0.89609375 0.56015625 0.0078125 0.0109375
4 0.60546875 0.52265625 0.0078125 0.0171875
4 0.69296875 0.5234375 0.0046875 0.0078125
4 0.60078125 0.5171875 0.00625 0.0140625
2 0.63046875 0.51328125 0.0046875 0.009375
2 0.65078125 0.5140625 0.00625 0.009375
2 0.87890625 0.5515625 0.0046875 0.0078125
2 0.24296875 0.55 0.0234375 0.0703125
2 0.609375 0.51171875 0.00625 0.0109375
4 0.70390625 0.52109375 0.0046875 0.0078125
4 0.6984375 0.51953125 0.0046875 0.0078125