4 0.7234375 0.49921875 0.0171875 0.0296875
4 0.71171875 0.4875 0.0140625 0.025
4 0.65546875 0.478125 0.0078125 0.0203125
4 0.76015625 0.490625 0.0078125 0.015625
4 0.6234375 0.4640625 0.0078125 0.0125
4 0.90234375 0.55 0.0265625 0.04375
0 0.91640625 0.51484375 0.0078125 0.0140625
4 0.88671875 0.5234375 0.0140625 0.025
0 0.90625 0.5140625 0.00625 0.0140625
4 0.59375 0.45703125 0.00625 0.0125
4 0.56953125 0.44765625 0.003125 0.0078125
4 0.57890625 0.4515625 0.003125 0.0078125
4 0.55625 0.4453125 0.0015625 0.0046875
4 0.584375 0.453125 0.0046875 0.009375
4 0.5609375 0.4453125 0.0015625 0.00625
0 0.890625 0.50703125 0.003125 0.0078125
4 0.66484375 0.47265625 0.0046875 0.0140625
4 0.553125 0.44375 0.0015625 0.0046875
4 0.7921875 0.52421875 0.03125 0.028125
4 0.79140625 0.50703125 0.0203125 0.015625
4 0.67421875 0.4875 0.0171875 0.0171875
4 0.65703125 0.4828125 0.015625 0.0140625
0 0.8828125 0.5046875 0.0046875 0.009375
0 0.50625 0.440625 0.0015625 0.00625
0 0.50859375 0.440625 0.0015625 0.0046875
0 0.5109375 0.43984375 0.0015625 0.0046875