4 0.29921875 0.615625 0.0359375 0.0609375
4 0.35 0.5609375 0.01875 0.0328125
2 0.39375 0.5046875 0.009375 0.01875
4 0.309375 0.540625 0.0125 0.0234375
4 0.3375 0.540625 0.0140625 0.0265625
2 0.44765625 0.49609375 0.0125 0.0203125
2 0.60234375 0.48203125 0.01875 0.0296875
4 0.275 0.54375 0.0125 0.021875
2 0.6703125 0.51015625 0.034375 0.0546875
2 0.51015625 0.48984375 0.015625 0.0265625
2 0.346875 0.51171875 0.0078125 0.0171875
2 0.784375 0.58828125 0.0703125 0.1171875
2 0.6375 0.4234375 0.0046875 0.009375
2 0.5203125 0.4609375 0.0078125 0.0125
2 0.6203125 0.4328125 0.00625 0.0109375
2 0.64453125 0.41796875 0.00625 0.0078125
4 0.546875 0.44375 0.00625 0.0109375
4 0.59609375 0.425 0.00625 0.009375
2 0.41875 0.48203125 0.00625 0.0109375
2 0.57109375 0.446875 0.00625 0.0125
2 0.465625 0.4734375 0.009375 0.0125
2 0.33203125 0.50625 0.00625 0.0078125
4 0.51796875 0.4515625 0.00625 0.0125
4 0.48359375 0.45859375 0.00625 0.0109375
4 0.56953125 0.4359375 0.00625 0.009375
4 0.59921875 0.42265625 0.00625 0.009375
2 0.3875 0.4875 0.00625 0.0109375
2 0.653125 0.4140625 0.003125 0.0078125
4 0.58125 0.43046875 0.00625 0.009375
2 0.27578125 0.53125 0.00625 0.0125
4 0.5921875 0.42265625 0.0046875 0.00625
4 0.26875 0.5265625 0.00625 0.009375
4 0.35390625 0.49609375 0.0046875 0.0078125
4 0.40859375 0.4765625 0.0046875 0.0078125
4 0.43125 0.46796875 0.003125 0.0078125
4 0.446875 0.46640625 0.00625 0.009375
2 0.66015625 0.41015625 0.003125 0.00625