0 0.85859375 0.74375 0.0984375 0.184375
0 0.76171875 0.60390625 0.05625 0.096875
0 0.60390625 0.525 0.028125 0.053125
0 0.47265625 0.50546875 0.0203125 0.0390625
0 0.40625 0.5046875 0.021875 0.0390625
0 0.303125 0.5109375 0.0203125 0.0359375
0 0.10546875 0.540625 0.034375 0.046875
0 0.1203125 0.4765625 0.009375 0.0140625
0 0.078125 0.46875 0.0078125 0.0140625
4 0.259375 0.73828125 0.08125 0.1625
4 0.3546875 0.59453125 0.046875 0.078125
4 0.24375 0.55703125 0.0375 0.059375
4 0.15078125 0.565625 0.0390625 0.059375
0 0.22265625 0.5203125 0.021875 0.0359375
0 0.06015625 0.4671875 0.003125 0.0109375
4 0.29921875 0.56875 0.040625 0.0640625
0 0.090625 0.484375 0.0109375 0.0171875
0 0.10234375 0.47265625 0.0078125 0.0125