4 0.61328125 0.5390625 0.009375 0.021875
4 0.53046875 0.52265625 0.0078125 0.0171875
4 0.41015625 0.5015625 0.0046875 0.015625
4 0.728125 0.55546875 0.0109375 0.021875
2 0.6421875 0.60703125 0.028125 0.05625
2 0.78671875 0.58359375 0.0171875 0.0328125
4 0.284375 0.50546875 0.0125 0.0234375
4 0.496875 0.51171875 0.0046875 0.0140625
2 0.35078125 0.5265625 0.0109375 0.025
4 0.3734375 0.50703125 0.0078125 0.01875
2 0.55234375 0.54765625 0.0140625 0.0296875
4 0.78984375 0.53515625 0.0046875 0.0125
4 0.50390625 0.50625 0.003125 0.0109375
2 0.7671875 0.52890625 0.003125 0.009375
4 0.52890625 0.50625 0.0046875 0.009375
4 0.40234375 0.4953125 0.003125 0.0125
2 0.93125 0.56171875 0.0046875 0.0171875
4 0.74609375 0.52890625 0.003125 0.009375
4 0.60703125 0.5109375 0.003125 0.009375
4 0.56484375 0.5078125 0.003125 0.009375
4 0.7 0.521875 0.0046875 0.009375
2 0.47734375 0.49609375 0.003125 0.009375
4 0.375 0.48984375 0.003125 0.0109375
2 0.58984375 0.5078125 0.003125 0.0078125
2 0.82578125 0.5375 0.003125 0.009375
2 0.42265625 0.49375 0.003125 0.009375
2 0.4265625 0.49140625 0.003125 0.009375
2 0.93046875 0.59140625 0.0046875 0.021875
2 0.47421875 0.49453125 0.003125 0.00625
2 0.48203125 0.49921875 0.003125 0.009375
2 0.5328125 0.50234375 0.003125 0.009375
2 0.25859375 0.56640625 0.015625 0.0375
2 0.64765625 0.5140625 0.003125 0.009375
2 0.4296875 0.48984375 0.0015625 0.00625
2 0.70703125 0.5203125 0.0015625 0.0078125
4 0.33828125 0.48359375 0.003125 0.0109375
2 0.3703125 0.48515625 0.003125 0.009375
2 0.3125 0.4765625 0.003125 0.009375
4 0.92890625 0.5421875 0.00625 0.009375
0 0.45078125 0.49765625 0.003125 0.0109375
0 0.459375 0.490625 0.0015625 0.00625
0 0.4390625 0.4875 0.0015625 0.00625
0 0.4171875 0.4859375 0.0015625 0.00625
0 0.38828125 0.48125 0.0015625 0.00625