4 0.64453125 0.5890625 0.0359375 0.0609375
4 0.75234375 0.5296875 0.0140625 0.028125
0 0.9046875 0.61015625 0.015625 0.03125
4 0.71484375 0.4796875 0.0078125 0.0171875
4 0.6875 0.46171875 0.00625 0.0140625
4 0.6671875 0.4484375 0.00625 0.0140625
4 0.74296875 0.50703125 0.009375 0.021875
4 0.75234375 0.56015625 0.015625 0.0359375
0 0.72109375 0.46640625 0.00625 0.0125
0 0.803125 0.51875 0.009375 0.0171875
4 0.74609375 0.59140625 0.0265625 0.0484375
0 0.85234375 0.55546875 0.0109375 0.0234375
4 0.34453125 0.61796875 0.0625 0.1046875
0 0.7640625 0.4921875 0.0078125 0.015625