2 0.38515625 0.4921875 0.0046875 0.015625
2 0.51953125 0.509375 0.0140625 0.0265625
2 0.4359375 0.5 0.009375 0.0203125
2 0.6109375 0.53515625 0.01875 0.0390625
2 0.7703125 0.5953125 0.03125 0.06875
4 0.30234375 0.515625 0.0140625 0.028125
4 0.2765625 0.49609375 0.00625 0.0125
2 0.37109375 0.490625 0.0046875 0.0109375
4 0.33125 0.52890625 0.0078125 0.015625
4 0.29296875 0.48828125 0.0046875 0.0109375
4 0.30234375 0.4859375 0.0046875 0.009375
4 0.28125 0.490625 0.0046875 0.0109375
2 0.3578125 0.48359375 0.003125 0.0078125
2 0.90703125 0.5171875 0.0046875 0.0109375
4 0.315625 0.4828125 0.003125 0.0078125
4 0.32421875 0.4796875 0.0046875 0.0078125
2 0.89296875 0.515625 0.0046875 0.009375
2 0.88046875 0.51328125 0.0046875 0.0109375
4 0.27578125 0.4890625 0.0046875 0.0109375
4 0.27265625 0.58125 0.009375 0.0234375
2 0.91796875 0.51796875 0.0046875 0.0125
4 0.29765625 0.4828125 0.003125 0.00625
4 0.33046875 0.48046875 0.003125 0.0078125
2 0.36640625 0.4796875 0.003125 0.0078125
2 0.3609375 0.48671875 0.0046875 0.0125
2 0.37890625 0.47734375 0.0015625 0.00625
4 0.31171875 0.48125 0.003125 0.00625