0 0.71015625 0.53125 0.01875 0.034375
0 0.7390625 0.5203125 0.0125 0.0203125
0 0.87734375 0.5390625 0.0046875 0.0109375
0 0.20546875 0.434375 0.0109375 0.021875
0 0.75390625 0.6375 0.0578125 0.0984375
0 0.7921875 0.521875 0.0078125 0.0140625
4 0.26640625 0.4203125 0.0078125 0.0125
0 0.57421875 0.46875 0.0046875 0.0140625
4 0.21953125 0.4234375 0.0078125 0.015625
0 0.78125 0.51171875 0.00625 0.009375
0 0.93359375 0.54921875 0.00625 0.0109375
0 0.709375 0.4984375 0.00625 0.0109375
0 0.6734375 0.48984375 0.00625 0.0109375
0 0.84921875 0.5265625 0.0046875 0.0078125
0 0.91015625 0.5390625 0.0046875 0.009375
0 0.62890625 0.48125 0.0046875 0.009375
0 0.6390625 0.48359375 0.009375 0.0109375
0 0.60546875 0.4765625 0.0078125 0.009375
2 0.23125 0.4203125 0.00625 0.0140625
2 0.2109375 0.42734375 0.00625 0.0171875
0 0.521875 0.475 0.00625 0.025
0 0.58125 0.47109375 0.0078125 0.009375
4 0.678125 0.48515625 0.0046875 0.00625