4 0.37734375 0.496875 0.01875 0.0328125
2 0.521875 0.51484375 0.0125 0.021875
2 0.6421875 0.59140625 0.03125 0.0546875
2 0.584375 0.54609375 0.01875 0.0328125
2 0.4921875 0.5 0.009375 0.01875
4 0.36484375 0.47890625 0.0109375 0.0203125
4 0.371875 0.4671875 0.0078125 0.015625
2 0.465625 0.48828125 0.00625 0.0140625
2 0.81953125 0.8765625 0.128125 0.2046875
2 0.50390625 0.4875 0.0046875 0.009375
4 0.40703125 0.4671875 0.00625 0.0109375
2 0.5390625 0.4921875 0.0046875 0.009375
4 0.38046875 0.46484375 0.00625 0.0125
4 0.37265625 0.50234375 0.0109375 0.01875
2 0.465625 0.48125 0.0046875 0.0109375
4 0.4484375 0.47265625 0.0046875 0.009375