0 0.2234375 0.41328125 0.025 0.04375
4 0.446875 0.409375 0.025 0.0390625
4 0.553125 0.484375 0.0390625 0.0609375
0 0.2890625 0.34921875 0.0109375 0.0203125
0 0.34140625 0.3453125 0.0109375 0.01875
0 0.178125 0.49375 0.040625 0.0671875
0 0.21640625 0.38515625 0.01875 0.0328125
0 0.403125 0.34296875 0.009375 0.015625
0 0.37265625 0.34453125 0.009375 0.0171875
0 0.2234375 0.365625 0.015625 0.025
4 0.36484375 0.36796875 0.01875 0.0296875
4 0.3921875 0.359375 0.015625 0.0234375
0 0.45234375 0.34375 0.009375 0.015625
0 0.2421875 0.35703125 0.0125 0.0234375
4 0.4203125 0.35859375 0.0140625 0.021875
4 0.47734375 0.3578125 0.0125 0.01875
4 0.50625 0.3578125 0.0109375 0.0171875
4 0.384375 0.38203125 0.0203125 0.0328125
4 0.52734375 0.35390625 0.009375 0.0125
0 0.4765625 0.33984375 0.0078125 0.0125
0 0.48984375 0.3359375 0.0078125 0.0125
4 0.8390625 0.8375 0.0984375 0.1625
0 0.4828125 0.32890625 0.0078125 0.009375
4 0.37109375 0.3640625 0.015625 0.0234375
0 0.5015625 0.33359375 0.00625 0.009375
4 0.5578125 0.3515625 0.0078125 0.0125
4 0.50546875 0.33046875 0.0046875 0.0078125
4 0.5453125 0.33828125 0.00625 0.009375
4 0.5609375 0.3453125 0.0078125 0.0109375