4 0.6375 0.5328125 0.0296875 0.04375
4 0.640625 0.4984375 0.0109375 0.0171875
2 0.51875 0.49453125 0.0078125 0.0140625
4 0.6125 0.51171875 0.01875 0.0265625
4 0.6328125 0.490625 0.0078125 0.0140625
4 0.93828125 0.64140625 0.0765625 0.1265625
4 0.60859375 0.484375 0.0078125 0.0125
4 0.9328125 0.4796875 0.0078125 0.0109375
2 0.49921875 0.4890625 0.00625 0.0109375
4 0.571875 0.48203125 0.00625 0.009375
4 0.5421875 0.48125 0.0046875 0.0078125
4 0.88828125 0.4796875 0.0078125 0.0125
4 0.84921875 0.48125 0.0078125 0.0109375
2 0.49921875 0.5 0.00625 0.0109375
2 0.45078125 0.48828125 0.00625 0.009375
4 0.45546875 0.48203125 0.0046875 0.0078125
4 0.5046875 0.48046875 0.003125 0.00625
4 0.41484375 0.48359375 0.0046875 0.009375
2 0.4734375 0.4875 0.00625 0.0078125
4 0.82578125 0.48046875 0.00625 0.009375
4 0.815625 0.4796875 0.00625 0.009375