4 0.40625 0.5015625 0.0140625 0.0234375
2 0.603125 0.5578125 0.025 0.0421875
4 0.478125 0.5 0.0125 0.0203125
4 0.5859375 0.509375 0.009375 0.015625
2 0.57890625 0.5375 0.01875 0.03125
4 0.5328125 0.503125 0.0109375 0.0171875
4 0.64921875 0.5171875 0.009375 0.015625
2 0.7421875 0.53828125 0.0109375 0.01875
4 0.7 0.52265625 0.00625 0.0109375
2 0.6265625 0.525 0.0125 0.0203125
2 0.57265625 0.52421875 0.015625 0.025
2 0.7375 0.66953125 0.0578125 0.096875
2 0.78046875 0.5421875 0.009375 0.0171875
4 0.38046875 0.50234375 0.0140625 0.0265625
4 0.29375 0.54140625 0.0203125 0.0515625
2 0.77421875 0.5328125 0.0078125 0.0125
4 0.62734375 0.4984375 0.0046875 0.0078125
2 0.759375 0.5265625 0.00625 0.0109375
4 0.68203125 0.51328125 0.0046875 0.009375
4 0.69140625 0.521875 0.00625 0.0125
2 0.740625 0.52265625 0.00625 0.0109375
2 0.78984375 0.5390625 0.009375 0.015625
4 0.66484375 0.50859375 0.0046875 0.0078125
2 0.6890625 0.53203125 0.0109375 0.0171875
4 0.6453125 0.503125 0.0046875 0.0078125
2 0.58828125 0.4859375 0.0046875 0.0078125
2 0.71953125 0.51640625 0.0046875 0.009375
4 0.64296875 0.4984375 0.00625 0.009375
4 0.6140625 0.4921875 0.0046875 0.0078125
4 0.39375 0.47265625 0.0046875 0.0078125
4 0.56640625 0.48671875 0.00625 0.0078125
4 0.69921875 0.51796875 0.00625 0.0109375
2 0.69375 0.50859375 0.0046875 0.0078125
4 0.59296875 0.490625 0.0046875 0.00625