4 0.6921875 0.5921875 0.0265625 0.046875
4 0.81640625 0.58515625 0.0171875 0.0234375
4 0.721875 0.65078125 0.05 0.0796875
4 0.75625 0.58515625 0.021875 0.0328125
4 0.84296875 0.58359375 0.0125 0.01875
2 0.69140625 0.553125 0.009375 0.015625
2 0.62734375 0.54453125 0.0125 0.0171875
2 0.746875 0.55859375 0.0078125 0.0125
4 0.86640625 0.58046875 0.0078125 0.0140625
4 0.8953125 0.58203125 0.00625 0.0109375
2 0.77109375 0.56015625 0.0078125 0.0140625
2 0.79296875 0.5625 0.00625 0.0125
4 0.85703125 0.58203125 0.0109375 0.0171875
4 0.875 0.58046875 0.0078125 0.0140625
4 0.88046875 0.58046875 0.00625 0.0125
2 0.2015625 0.4921875 0.0234375 0.0453125
2 0.8140625 0.565625 0.0046875 0.009375