4 0.63828125 0.596875 0.03125 0.040625
4 0.565625 0.534375 0.0125 0.0171875
4 0.584375 0.5515625 0.015625 0.0234375
4 0.6203125 0.55 0.0078125 0.0109375
2 0.51171875 0.5046875 0.0078125 0.0125
4 0.5859375 0.528125 0.00625 0.009375
4 0.71796875 0.5875 0.009375 0.0125
4 0.69609375 0.5734375 0.0078125 0.0125
4 0.68515625 0.5671875 0.0078125 0.0109375
4 0.584375 0.5375 0.009375 0.0125
2 0.553125 0.5171875 0.00625 0.009375
2 0.54375 0.515625 0.00625 0.009375
4 0.60703125 0.5390625 0.00625 0.009375
4 0.6796875 0.56328125 0.00625 0.0078125
2 0.53984375 0.50859375 0.00625 0.0078125
2 0.53046875 0.5015625 0.003125 0.00625
4 0.6203125 0.54609375 0.0078125 0.0109375
4 0.571875 0.51953125 0.00625 0.0078125