4 0.7765625 0.6140625 0.0328125 0.05234375
4 0.64296875 0.53984375 0.00625 0.01484375
2 0.5375 0.52109375 0.0078125 0.01328125
4 0.68828125 0.565625 0.01640625 0.02890625
2 0.55390625 0.5171875 0.00546875 0.01015625
4 0.7296875 0.54453125 0.00546875 0.01015625
4 0.615625 0.52265625 0.0046875 0.00703125
4 0.7078125 0.53984375 0.00390625 0.00859375
4 0.6109375 0.51953125 0.00390625 0.00625
4 0.62578125 0.52890625 0.00390625 0.01015625
4 0.70078125 0.5359375 0.00390625 0.00625
4 0.6125 0.5203125 0.00390625 0.00703125
4 0.83359375 0.8109375 0.1171875 0.16875
2 0.56171875 0.5140625 0.003125 0.0078125
4 0.67265625 0.52890625 0.00234375 0.0046875
2 0.92578125 0.57578125 0.00703125 0.01328125
4 0.6953125 0.53359375 0.00390625 0.00625
2 0.57265625 0.51171875 0.00234375 0.00625
4 0.68359375 0.53125 0.003125 0.00625
2 0.565625 0.5125 0.00234375 0.00703125