4 0.675 0.6203125 0.0421875 0.0703125
4 0.65390625 0.56328125 0.01875 0.03515625
2 0.509375 0.50859375 0.00703125 0.01484375
4 0.90078125 0.58046875 0.0109375 0.01640625
4 0.6234375 0.53515625 0.0109375 0.0203125
2 0.565625 0.5078125 0.00546875 0.01015625
4 0.85703125 0.5671875 0.00703125 0.01328125
2 0.51953125 0.50625 0.00625 0.01171875
2 0.54140625 0.50625 0.00546875 0.0109375
4 0.6421875 0.52109375 0.00546875 0.01015625
4 0.61484375 0.5171875 0.00625 0.0109375
2 0.8953125 0.5671875 0.00703125 0.01015625
4 0.6046875 0.52421875 0.00703125 0.01640625
4 0.6921875 0.5265625 0.00390625 0.0078125
4 0.60078125 0.51875 0.00625 0.01328125
2 0.63046875 0.515625 0.0046875 0.00859375
2 0.65078125 0.51640625 0.00546875 0.00859375
2 0.878125 0.5578125 0.00390625 0.00703125
2 0.2421875 0.5453125 0.02265625 0.0703125
2 0.609375 0.51328125 0.00546875 0.01015625
4 0.703125 0.525 0.00390625 0.0078125
4 0.6984375 0.52265625 0.00390625 0.0078125