2 0.603125 0.6 0.0203125 0.0328125
2 0.45546875 0.5484375 0.009375 0.0171875
2 0.61328125 0.58828125 0.0109375 0.0203125
2 0.6515625 0.5890625 0.0078125 0.0125
2 0.5421875 0.56171875 0.00625 0.0109375
2 0.70390625 0.59609375 0.0046875 0.0078125
2 0.7453125 0.74765625 0.1015625 0.14375
2 0.6328125 0.57734375 0.00625 0.0078125
2 0.6828125 0.59296875 0.00625 0.009375
2 0.72265625 0.596875 0.0046875 0.00625
2 0.59453125 0.571875 0.0046875 0.009375
2 0.73984375 0.59375 0.003125 0.0046875
2 0.75625 0.59375 0.003125 0.003125
2 0.6625 0.58203125 0.003125 0.003125
2 0.7703125 0.5875 0.003125 0.003125
4 0.484375 0.55234375 0.0140625 0.0125