0 0.678125 0.60078125 0.0421875 0.0625
0 0.62734375 0.53125 0.01875 0.028125
0 0.6140625 0.509375 0.0109375 0.0171875
2 0.65546875 0.521875 0.0140625 0.0140625
4 0.55234375 0.475 0.0078125 0.0109375
0 0.28203125 0.4265625 0.0125 0.0203125
2 0.65 0.51953125 0.00625 0.0125
4 0.58515625 0.48359375 0.00625 0.009375
4 0.603125 0.49921875 0.00625 0.0125
4 0.52578125 0.46953125 0.009375 0.015625
4 0.62109375 0.5015625 0.0078125 0.009375
4 0.63515625 0.50390625 0.0046875 0.009375
4 0.74453125 0.5421875 0.0078125 0.0078125
4 0.61953125 0.49296875 0.00625 0.0078125
2 0.65 0.5109375 0.009375 0.0125
4 0.60625 0.4890625 0.00625 0.0078125
2 0.81484375 0.57421875 0.0046875 0.0078125
4 0.64765625 0.50703125 0.0078125 0.009375
2 0.646875 0.51875 0.0078125 0.0140625