4 0.7421875 0.6125 0.0375 0.06875
4 0.75390625 0.50546875 0.021875 0.0359375
0 0.5734375 0.44453125 0.01875 0.034375
0 0.46796875 0.47890625 0.0296875 0.053125
0 0.65078125 0.43515625 0.0109375 0.021875
4 0.83984375 0.5078125 0.0140625 0.021875
0 0.18359375 0.34453125 0.0171875 0.03125
0 0.5828125 0.39296875 0.0078125 0.0171875
4 0.8359375 0.4953125 0.009375 0.0171875
0 0.734375 0.4484375 0.009375 0.0171875
4 0.7421875 0.53359375 0.025 0.04375
0 0.69375 0.43046875 0.009375 0.0171875
4 0.1609375 0.32265625 0.015625 0.0265625
0 0.62265625 0.43984375 0.015625 0.0265625
0 0.42578125 0.3671875 0.0125 0.021875
0 0.70234375 0.44453125 0.0109375 0.01875
4 0.76171875 0.49453125 0.015625 0.0265625
0 0.74375 0.45390625 0.0078125 0.0171875
4 0.80234375 0.503125 0.0140625 0.025
0 0.54765625 0.3859375 0.009375 0.0171875
4 0.36328125 0.34296875 0.0125 0.021875
4 0.7953125 0.46875 0.0078125 0.015625
4 0.484375 0.3625 0.0109375 0.0171875
4 0.70859375 0.42890625 0.0078125 0.015625
4 0.559375 0.37890625 0.0078125 0.0140625
0 0.63671875 0.41015625 0.0078125 0.0171875
0 0.1359375 0.696875 0.0921875 0.1578125
0 0.73671875 0.4546875 0.0109375 0.01875