4 0.38984375 0.53515625 0.0125 0.025
4 0.4015625 0.51875 0.0078125 0.0171875
2 0.56328125 0.5109375 0.0171875 0.028125
2 0.6671875 0.54140625 0.0265625 0.05
2 0.51640625 0.49921875 0.009375 0.0171875
4 0.40703125 0.509375 0.00625 0.0140625
2 0.4890625 0.4953125 0.0046875 0.0125
4 0.33984375 0.56015625 0.009375 0.01875
4 0.4109375 0.503125 0.0046875 0.009375
2 0.48046875 0.4921875 0.0046875 0.0109375
4 0.428125 0.49609375 0.003125 0.0078125
2 0.4859375 0.48828125 0.003125 0.0078125
4 0.446875 0.490625 0.0015625 0.00625
4 0.46015625 0.48671875 0.003125 0.0078125