1 0.66640625 0.52890625 0.02109375 0.03984375
3 0.36875 0.45390625 0.01953125 0.03515625
3 0.2640625 0.41328125 0.0078125 0.01875
1 0.39921875 0.4515625 0.01484375 0.0328125
1 0.6296875 0.50625 0.01484375 0.034375
4 0.5875 0.4875 0.01171875 0.0125
0 0.44453125 0.45078125 0.00859375 0.0171875
1 0.88515625 0.60625 0.0515625 0.13671875
3 0.915625 0.65078125 0.0328125 0.05546875
2 0.175 0.403125 0.01015625 0.0203125
3 0.38046875 0.428125 0.0046875 0.0046875
3 0.40390625 0.43203125 0.00390625 0.0078125
2 0.33984375 0.425 0.0078125 0.0078125
2 0.37265625 0.428125 0.00703125 0.00625
0 0.46484375 0.4515625 0.0046875 0.009375
0 0.4734375 0.45234375 0.00625 0.00703125
4 0.55390625 0.475 0.00625 0.00703125