4 0.21484375 0.55859375 0.04609375 0.08515625
4 0.4234375 0.52421875 0.015625 0.02734375
0 0.72578125 0.54453125 0.01875 0.034375
0 0.6921875 0.53359375 0.009375 0.02109375
0 0.86484375 0.5765625 0.03125 0.05546875
4 0.55234375 0.52578125 0.00703125 0.015625
4 0.634375 0.52578125 0.00703125 0.01328125
4 0.68046875 0.52734375 0.00390625 0.0109375
4 0.6546875 0.525 0.00390625 0.0078125
0 0.73828125 0.5359375 0.00546875 0.01796875
0 0.78203125 0.5375 0.0046875 0.0125
1 0.7578125 0.52421875 0.00390625 0.0125