4 0.675 0.53359375 0.01875 0.0296875
4 0.4703125 0.54296875 0.009375 0.015625
2 0.278125 0.5515625 0.0109375 0.01875
2 0.484375 0.5421875 0.0078125 0.0140625
2 0.5640625 0.5375 0.0078125 0.0140625
2 0.36640625 0.5453125 0.00625 0.0109375
2 0.39765625 0.54375 0.00625 0.009375
3 0.25546875 0.5484375 0.0078125 0.015625
1 0.37734375 0.54453125 0.009375 0.0171875
1 0.6421875 0.53125 0.0140625 0.021875
0 0.43203125 0.546875 0.015625 0.025
3 0.45078125 0.54140625 0.003125 0.009375
3 0.72578125 0.5265625 0.003125 0.0078125
3 0.63203125 0.53203125 0.0046875 0.00625
2 0.596875 0.53671875 0.0078125 0.0078125
2 0.5796875 0.5359375 0.00625 0.00625
2 0.53984375 0.53828125 0.0046875 0.009375
2 0.534375 0.5375 0.0046875 0.0078125
2 0.503125 0.5390625 0.0046875 0.0078125
2 0.40625 0.54296875 0.0046875 0.0078125
2 0.4234375 0.5421875 0.0046875 0.009375
2 0.3578125 0.54453125 0.0046875 0.009375
2 0.2734375 0.54765625 0.00625 0.0125
1 0.45859375 0.5390625 0.003125 0.0109375
2 0.646875 0.53359375 0.0046875 0.0125
0 0.5453125 0.53828125 0.0046875 0.0109375
2 0.690625 0.528125 0.0046875 0.009375
0 0.48984375 0.540625 0.0046875 0.009375