0 0.4125 0.51953125 0.0109375 0.0265625
0 0.59375 0.521875 0.00625 0.021875
0 0.60078125 0.52109375 0.00625 0.0203125
0 0.61875 0.52265625 0.0078125 0.021875
0 0.63515625 0.52109375 0.00625 0.0203125
4 0.634375 0.55078125 0.0109375 0.0265625
4 0.6359375 0.590625 0.0203125 0.0390625
4 0.6203125 0.66953125 0.0296875 0.0578125
4 0.77265625 0.66015625 0.0296875 0.053125
4 0.81953125 0.8171875 0.0484375 0.0921875
4 0.88125 0.6453125 0.0203125 0.0453125
4 0.51640625 0.5953125 0.021875 0.0421875
4 0.55234375 0.54921875 0.015625 0.0296875
4 0.4578125 0.54921875 0.0140625 0.03125
4 0.38515625 0.50546875 0.0109375 0.0234375
4 0.30859375 0.4875 0.009375 0.01875
4 0.26953125 0.484375 0.009375 0.0203125
4 0.22265625 0.484375 0.0078125 0.0203125
4 0.17265625 0.4828125 0.009375 0.021875
4 0.12421875 0.48359375 0.0109375 0.0203125
1 0.071875 0.4484375 0.0125 0.028125
1 0.15625 0.4640625 0.0109375 0.03125
1 0.2390625 0.45703125 0.0109375 0.0234375
1 0.284375 0.465625 0.0125 0.028125
1 0.35859375 0.46328125 0.00625 0.0234375
3 0.48359375 0.4875 0.0109375 0.028125
3 0.50859375 0.49296875 0.00625 0.0171875
1 0.3890625 0.4578125 0.009375 0.0234375
1 0.38125 0.44921875 0.009375 0.021875
3 0.16484375 0.43984375 0.0078125 0.0203125
3 0.1734375 0.42578125 0.00625 0.015625
3 0.15390625 0.4234375 0.0046875 0.015625
1 0.11796875 0.42265625 0.0078125 0.0203125
1 0.21875 0.4328125 0.0078125 0.01875
1 0.109375 0.42734375 0.0078125 0.01875
1 0.2921875 0.45546875 0.009375 0.021875
1 0.3203125 0.453125 0.0078125 0.0203125
1 0.35078125 0.44375 0.0078125 0.0171875
1 0.3421875 0.43984375 0.0078125 0.01875
1 0.33515625 0.4359375 0.0046875 0.0171875
1 0.26484375 0.4390625 0.0078125 0.0171875
1 0.2984375 0.44296875 0.0078125 0.0203125
1 0.07578125 0.41875 0.0078125 0.015625
1 0.27421875 0.428125 0.0046875 0.0171875
1 0.0890625 0.409375 0.0046875 0.015625
1 0.32890625 0.440625 0.0046875 0.0125
1 0.315625 0.43828125 0.0046875 0.015625
1 0.3109375 0.4359375 0.0046875 0.0140625
1 0.29609375 0.43515625 0.003125 0.0125
1 0.2546875 0.4296875 0.003125 0.0109375
1 0.240625 0.421875 0.003125 0.0109375
3 0.15703125 0.421875 0.0046875 0.015625
1 0.2765625 0.428125 0.0015625 0.0109375
1 0.16015625 0.4546875 0.00625 0.028125
1 0.125 0.41484375 0.0046875 0.015625
3 0.14375 0.4390625 0.0046875 0.01875
3 0.36015625 0.48203125 0.0125 0.03125