1 0.209375 0.63125 0.04296875 0.075
1 0.30234375 0.56484375 0.0265625 0.0578125
1 0.79921875 0.70234375 0.0421875 0.08125
1 0.6890625 0.6015625 0.02578125 0.05859375
0 0.40390625 0.49921875 0.01015625 0.0203125
4 0.58125 0.515625 0.009375 0.01953125
4 0.55078125 0.490625 0.0046875 0.0140625
4 0.53515625 0.478125 0.00390625 0.009375
4 0.5265625 0.4703125 0.00234375 0.0078125
4 0.5203125 0.46328125 0.0015625 0.00625
0 0.43671875 0.4796875 0.0046875 0.01171875
0 0.45078125 0.46875 0.00390625 0.00859375
0 0.46015625 0.4625 0.00234375 0.00625