4 0.740625 0.4515625 0.0109375 0.01875
0 0.5890625 0.46015625 0.0078125 0.0171875
1 0.79609375 0.49921875 0.0234375 0.046875
1 0.52265625 0.50390625 0.0203125 0.0375
1 0.47734375 0.534375 0.0265625 0.0421875
1 0.8421875 0.54765625 0.034375 0.059375
4 0.72265625 0.43515625 0.00625 0.015625
0 0.6171875 0.440625 0.0046875 0.009375
0 0.63125 0.43125 0.0046875 0.009375
0 0.63984375 0.4234375 0.003125 0.00625
4 0.7109375 0.42578125 0.003125 0.009375
4 0.7046875 0.4203125 0.003125 0.0078125
4 0.69921875 0.4140625 0.003125 0.00625