2 0.7984375 0.18671875 0.059375 0.05546875
2 0.53671875 0.17578125 0.05078125 0.0859375
2 0.44921875 0.15625 0.053125 0.08046875
2 0.39921875 0.175 0.059375 0.08203125
2 0.396875 0.23203125 0.0609375 0.0828125
2 0.41015625 0.23671875 0.07109375 0.10859375
3 0.61796875 0.17890625 0.05 0.08671875
3 0.740625 0.1859375 0.0390625 0.06015625
3 0.71484375 0.2171875 0.040625 0.0953125
3 0.67734375 0.2578125 0.03671875 0.09375
3 0.55703125 0.278125 0.059375 0.0828125
3 0.48359375 0.3328125 0.08359375 0.1390625
1 0.63046875 0.26171875 0.0765625 0.07578125
4 0.60859375 0.3421875 0.06796875 0.08515625
4 0.6703125 0.35078125 0.09296875 0.10234375
4 0.72578125 0.371875 0.10078125 0.0984375
4 0.79375 0.4546875 0.0859375 0.10625
4 0.721875 0.46328125 0.10078125 0.15234375
4 0.6078125 0.45 0.11484375 0.13125
3 0.2359375 0.184375 0.07734375 0.11953125
3 0.115625 0.25546875 0.07421875 0.08359375
0 0.38984375 0.3453125 0.09921875 0.1125
0 0.2609375 0.29765625 0.090625 0.0875
0 0.2203125 0.35234375 0.075 0.1453125
0 0.38203125 0.44296875 0.121875 0.13203125
0 0.34140625 0.49921875 0.1421875 0.15390625
0 0.58984375 0.54921875 0.13984375 0.15859375
0 0.7953125 0.55625 0.1203125 0.1921875
4 0.67578125 0.30390625 0.06953125 0.0703125
3 0.65546875 0.20546875 0.0234375 0.05546875