0 0.2078125 0.34765625 0.0875 0.1609375
0 0.23203125 0.24921875 0.10625 0.0921875
0 0.384375 0.2984375 0.1109375 0.125
0 0.37265625 0.51875 0.1546875 0.1578125
0 0.40078125 0.43515625 0.134375 0.14375
2 0.3828125 0.146875 0.0796875 0.125
2 0.35234375 0.13828125 0.0390625 0.1015625
2 0.50546875 0.0671875 0.0546875 0.0484375
3 0.546875 0.184375 0.065625 0.0875
2 0.3578125 0.0734375 0.065625 0.065625
3 0.5921875 0.065625 0.0515625 0.04375
3 0.69453125 0.090625 0.0578125 0.0890625
3 0.6390625 0.08671875 0.03125 0.0765625
3 0.67265625 0.153125 0.0453125 0.1109375
1 0.62265625 0.1734375 0.084375 0.10625
4 0.675 0.20859375 0.0734375 0.0828125
4 0.60625 0.26953125 0.078125 0.1015625
4 0.67890625 0.2765625 0.0953125 0.1203125
4 0.7375 0.29921875 0.1078125 0.1203125
4 0.8140625 0.39765625 0.090625 0.115625
4 0.74453125 0.4140625 0.1125 0.1625
4 0.62421875 0.41328125 0.1234375 0.1453125
3 0.4828125 0.28046875 0.0953125 0.15625
3 0.1859375 0.1109375 0.09375 0.1484375
0 0.62578125 0.5625 0.1484375 0.171875
0 0.82890625 0.540625 0.1234375 0.1875
3 0.0671875 0.20234375 0.059375 0.10625