0 0.63125 0.478125 0.040625 0.0703125
0 0.63515625 0.4453125 0.021875 0.025
4 0.3890625 0.4921875 0.01875 0.025
4 0.19296875 0.60390625 0.040625 0.0640625
4 0.46796875 0.45546875 0.0140625 0.025
4 0.41484375 0.46328125 0.009375 0.0171875
4 0.38515625 0.46953125 0.0078125 0.0125
0 0.47890625 0.4375 0.00625 0.0109375
0 0.51640625 0.43671875 0.0078125 0.0109375
1 0.52578125 0.42109375 0.0078125 0.015625
0 0.6171875 0.42734375 0.0109375 0.0203125
0 0.47421875 0.4390625 0.003125 0.0078125
4 0.4015625 0.45859375 0.0046875 0.0078125