0 0.265625 0.6859375 0.0375 0.0671875
0 0.40078125 0.50390625 0.0171875 0.025
0 0.42734375 0.4625 0.0109375 0.0125
4 0.77734375 0.678125 0.034375 0.05
4 0.60078125 0.49296875 0.0140625 0.028125
3 0.559375 0.4546875 0.0078125 0.0109375
3 0.12578125 0.54453125 0.0140625 0.0265625
3 0.18828125 0.515625 0.0140625 0.0171875
3 0.23515625 0.49609375 0.0109375 0.0140625
3 0.29140625 0.47421875 0.009375 0.0109375
0 0.4515625 0.440625 0.003125 0.009375
0 0.46015625 0.4296875 0.003125 0.0078125
3 0.34609375 0.45078125 0.00625 0.0078125
3 0.37734375 0.4375 0.0046875 0.00625
4 0.53984375 0.43671875 0.003125 0.0109375
4 0.53046875 0.42734375 0.003125 0.0078125