1 0.58046875 0.5296875 0.06796875 0.13203125
1 0.5828125 0.38984375 0.01640625 0.03359375
1 0.39921875 0.253125 0.01328125 0.0265625
3 0.35625 0.24140625 0.01484375 0.0296875
1 0.57265625 0.41015625 0.01796875 0.0390625
0 0.47734375 0.27734375 0.00703125 0.01484375
4 0.59375 0.365625 0.00703125 0.015625
3 0.63046875 0.60859375 0.04375 0.07265625
0 0.515625 0.29140625 0.00390625 0.00859375
4 0.6 0.35703125 0.00546875 0.01171875
0 0.53671875 0.2984375 0.00390625 0.00703125
0 0.55078125 0.30390625 0.003125 0.00625