4 0.62734375 0.5375 0.01953125 0.021875
4 0.59609375 0.478125 0.01171875 0.0125
0 0.40234375 0.5234375 0.0125 0.02734375
0 0.44375 0.47265625 0.0109375 0.01171875
3 0.25234375 0.47890625 0.01171875 0.01328125
3 0.3265625 0.4578125 0.00703125 0.015625
2 0.1375 0.525 0.01484375 0.01875
3 0.3 0.453125 0.00703125 0.00859375
3 0.37109375 0.4359375 0.00390625 0.00625
3 0.3828125 0.43125 0.00625 0.00703125
3 0.3953125 0.428125 0.0046875 0.00625
0 0.46875 0.4484375 0.00546875 0.009375
4 0.565625 0.45390625 0.0046875 0.009375
0 0.478125 0.43359375 0.00390625 0.00859375
0 0.48125 0.4265625 0.0046875 0.00546875
4 0.55234375 0.43671875 0.00390625 0.00703125
3 0.54453125 0.42890625 0.003125 0.0046875