0 0.8140625 0.46015625 0.10625 0.1453125
0 0.73359375 0.4734375 0.1140625 0.153125
0 0.74765625 0.39375 0.0796875 0.1265625
0 0.759375 0.3359375 0.0796875 0.1109375
0 0.62109375 0.47109375 0.1171875 0.1625
0 0.665625 0.609375 0.1375 0.1921875
0 0.51015625 0.69296875 0.14375 0.221875
0 0.509375 0.49296875 0.1171875 0.1703125
4 0.7015625 0.346875 0.0796875 0.11875
4 0.69140625 0.30234375 0.053125 0.1015625
4 0.640625 0.37890625 0.0953125 0.13125
4 0.6171875 0.3265625 0.0671875 0.1171875
4 0.59921875 0.28203125 0.0609375 0.1046875
4 0.52734375 0.28671875 0.05625 0.109375
4 0.540625 0.3328125 0.075 0.125
4 0.4796875 0.39609375 0.0890625 0.1421875
3 0.57109375 0.403125 0.096875 0.146875
3 0.4125 0.275 0.06875 0.1140625
3 0.31640625 0.2921875 0.0875 0.1265625
3 0.28671875 0.21953125 0.0640625 0.1046875
3 0.2453125 0.253125 0.084375 0.1171875
3 0.14765625 0.234375 0.078125 0.121875
1 0.44453125 0.3046875 0.1125 0.2171875
3 0.3015625 0.5484375 0.1796875 0.25
2 0.0640625 0.4390625 0.0671875 0.1015625
2 0.10703125 0.28203125 0.109375 0.140625
2 0.24921875 0.34609375 0.109375 0.15
2 0.134375 0.51953125 0.1484375 0.20625
2 0.3171875 0.42109375 0.1234375 0.1578125