0 0.28515625 0.50078125 0.0453125 0.0734375
0 0.32265625 0.45546875 0.0203125 0.0328125
4 0.68984375 0.49140625 0.028125 0.046875
4 0.51171875 0.44921875 0.0171875 0.01875
3 0.90546875 0.49296875 0.0265625 0.0453125
4 0.36953125 0.43515625 0.009375 0.0140625
4 0.4265625 0.43828125 0.0109375 0.01875
0 0.25234375 0.446875 0.009375 0.0171875
0 0.34609375 0.4296875 0.00625 0.009375
3 0.29375 0.44765625 0.0125 0.015625
3 0.31484375 0.43671875 0.0078125 0.0078125
3 0.40546875 0.43359375 0.009375 0.0109375