0 0.53359375 0.553125 0.00859375 0.0234375
4 0.6828125 0.56875 0.01328125 0.02890625
4 0.67734375 0.6109375 0.01875 0.0375
4 0.5953125 0.5765625 0.0140625 0.03046875
4 0.82109375 0.6671875 0.0265625 0.053125
4 0.75703125 0.55859375 0.00703125 0.021875
4 0.10859375 0.55078125 0.01015625 0.02265625
4 0.178125 0.546875 0.009375 0.02265625
4 0.25390625 0.5453125 0.009375 0.01953125
4 0.2953125 0.53984375 0.0078125 0.021875
4 0.33984375 0.5375 0.00859375 0.0203125
4 0.38125 0.534375 0.00859375 0.01953125
4 0.41640625 0.53203125 0.00703125 0.01953125
4 0.49765625 0.5421875 0.01015625 0.02109375
3 0.46171875 0.52265625 0.01015625 0.03125
1 0.140625 0.52890625 0.01171875 0.03046875
1 0.12421875 0.51875 0.009375 0.02265625
1 0.090625 0.51484375 0.0078125 0.02265625
1 0.1875 0.51796875 0.00859375 0.02578125
1 0.27109375 0.525 0.009375 0.028125
1 0.265625 0.51640625 0.0078125 0.02578125
1 0.3359375 0.51171875 0.009375 0.02265625
1 0.446875 0.50703125 0.00859375 0.02265625
1 0.46875 0.49765625 0.00546875 0.02109375
1 0.38359375 0.51640625 0.009375 0.02578125
1 0.08671875 0.51171875 0.00546875 0.02109375
1 0.17109375 0.48203125 0.003125 0.01171875
1 0.19375 0.47890625 0.00390625 0.0125
1 0.16328125 0.49140625 0.00546875 0.015625
1 0.15234375 0.5 0.00703125 0.01796875
1 0.13515625 0.48828125 0.00390625 0.0140625
1 0.140625 0.48828125 0.00546875 0.0171875
1 0.146875 0.4828125 0.00546875 0.0171875
1 0.12109375 0.4953125 0.00625 0.01640625
1 0.10625 0.48515625 0.0046875 0.0140625
1 0.1125 0.5046875 0.00703125 0.0203125
1 0.19921875 0.4953125 0.00625 0.01796875
1 0.42265625 0.48984375 0.0046875 0.015625
1 0.4125 0.4875 0.0046875 0.01484375
1 0.45625 0.49296875 0.00703125 0.01796875
1 0.34296875 0.49375 0.0046875 0.01484375
1 0.37734375 0.4953125 0.00546875 0.015625
1 0.40390625 0.50078125 0.00546875 0.01796875
1 0.278125 0.478125 0.00390625 0.0125
1 0.28984375 0.4765625 0.003125 0.01015625
1 0.29921875 0.49296875 0.0046875 0.015625
1 0.29609375 0.48828125 0.0046875 0.0140625
1 0.3078125 0.47890625 0.00390625 0.01171875
1 0.32734375 0.4859375 0.00390625 0.0140625
1 0.33125 0.4796875 0.00390625 0.01171875
1 0.23828125 0.50625 0.00625 0.02109375
0 0.70234375 0.54140625 0.0078125 0.021875
0 0.709375 0.5390625 0.00625 0.021875
0 0.6796875 0.54140625 0.009375 0.02578125
1 0.0828125 0.49921875 0.00625 0.01953125
1 0.09296875 0.49609375 0.00546875 0.01640625
1 0.08515625 0.49296875 0.003125 0.01796875
1 0.0890625 0.49140625 0.00390625 0.0171875
1 0.20390625 0.48984375 0.00390625 0.01796875
3 0.25859375 0.503125 0.00703125 0.01796875
3 0.23671875 0.5 0.00390625 0.0203125
3 0.253125 0.49921875 0.00546875 0.01953125
1 0.34453125 0.484375 0.003125 0.01171875
1 0.37265625 0.48828125 0.00390625 0.015625
1 0.38828125 0.48828125 0.00390625 0.015625
1 0.38203125 0.48671875 0.00390625 0.01171875
1 0.3921875 0.4859375 0.00390625 0.0140625
4 0.87421875 0.58515625 0.00625 0.02109375
3 0.25078125 0.4953125 0.00234375 0.01484375
1 0.065625 0.49609375 0.00390625 0.01640625
1 0.39921875 0.4953125 0.0046875 0.01953125
1 0.38125 0.50703125 0.00703125 0.01953125
1 0.403125 0.48515625 0.0046875 0.01640625