1 0.06796875 0.559375 0.0109375 0.0203125
1 0.0625 0.575 0.0109375 0.021875
1 0.065625 0.59296875 0.0109375 0.0234375
1 0.05546875 0.609375 0.0171875 0.028125
1 0.06015625 0.62734375 0.01875 0.03125
1 0.078125 0.64296875 0.01875 0.0328125
1 0.0796875 0.7046875 0.025 0.04375
1 0.13203125 0.65625 0.021875 0.034375
1 0.209375 0.6796875 0.0109375 0.021875
1 0.2265625 0.74140625 0.025 0.04375
1 0.309375 0.68828125 0.00625 0.0109375
1 0.33203125 0.63046875 0.0125 0.028125
1 0.38515625 0.7109375 0.015625 0.0328125
1 0.4078125 0.76875 0.0234375 0.04375
1 0.48671875 0.72109375 0.01875 0.0296875
1 0.5765625 0.7796875 0.0234375 0.040625
1 0.86640625 0.7453125 0.0125 0.025
3 0.28828125 0.65078125 0.0171875 0.03125
1 0.878125 0.753125 0.0203125 0.0171875