0 0.4125 0.51796875 0.0109375 0.0265625
0 0.59375 0.52421875 0.00625 0.021875
0 0.60078125 0.52265625 0.00625 0.0203125
0 0.61875 0.52421875 0.0078125 0.021875
0 0.634375 0.5234375 0.00625 0.0203125
4 0.63359375 0.553125 0.0109375 0.0265625
4 0.634375 0.59296875 0.021875 0.0390625
4 0.6171875 0.671875 0.03125 0.0578125
4 0.76953125 0.66484375 0.0296875 0.053125
4 0.81328125 0.8234375 0.05 0.0921875
4 0.87890625 0.6515625 0.0203125 0.0453125
4 0.5140625 0.5953125 0.021875 0.0421875
4 0.5515625 0.55 0.015625 0.0296875
4 0.45703125 0.5484375 0.0140625 0.0328125
4 0.38515625 0.503125 0.0109375 0.0234375
4 0.30859375 0.484375 0.009375 0.01875
4 0.26953125 0.48046875 0.0109375 0.0203125
4 0.22265625 0.4796875 0.009375 0.0203125
4 0.17265625 0.4765625 0.009375 0.021875
4 0.125 0.47734375 0.0109375 0.0203125
1 0.0734375 0.440625 0.0125 0.028125
1 0.15703125 0.45859375 0.0125 0.03125
1 0.23984375 0.45234375 0.0109375 0.0234375
1 0.28515625 0.46171875 0.0125 0.028125
1 0.359375 0.4609375 0.00625 0.0234375
3 0.48359375 0.48671875 0.0125 0.028125
3 0.50859375 0.49296875 0.00625 0.0171875
1 0.38984375 0.45625 0.009375 0.0234375
1 0.38203125 0.44765625 0.009375 0.021875
3 0.16640625 0.43359375 0.009375 0.0203125
3 0.17421875 0.41953125 0.00625 0.015625
3 0.15546875 0.4171875 0.0046875 0.015625
1 0.11953125 0.415625 0.009375 0.0203125
1 0.2203125 0.42734375 0.0078125 0.01875
1 0.1109375 0.4203125 0.0078125 0.01875
1 0.29296875 0.45234375 0.009375 0.021875
1 0.32109375 0.45 0.0078125 0.0203125
1 0.3515625 0.44140625 0.0078125 0.0171875
1 0.34296875 0.43671875 0.0078125 0.01875
1 0.33671875 0.4328125 0.0046875 0.0171875
1 0.265625 0.43515625 0.0078125 0.0171875
1 0.3 0.4390625 0.0078125 0.0203125
1 0.07734375 0.4109375 0.0078125 0.015625
1 0.275 0.42421875 0.0046875 0.0171875
1 0.090625 0.40234375 0.0046875 0.015625
1 0.3296875 0.4375 0.0046875 0.0125
1 0.31640625 0.43515625 0.0046875 0.015625
1 0.3125 0.4328125 0.0046875 0.0140625
1 0.29765625 0.43125 0.003125 0.0125
1 0.25546875 0.425 0.003125 0.0109375
1 0.2421875 0.4171875 0.003125 0.0109375
3 0.15859375 0.415625 0.0046875 0.015625
1 0.27734375 0.42421875 0.003125 0.0109375
1 0.1609375 0.4484375 0.0078125 0.028125
1 0.1265625 0.40859375 0.0046875 0.015625
3 0.1453125 0.4328125 0.0046875 0.01875
3 0.3609375 0.4796875 0.0125 0.03125