2 0.125 0.559375 0.01875 0.021875
3 0.25 0.5046875 0.0109375 0.021875
3 0.2296875 0.49375 0.0109375 0.0125
3 0.3328125 0.4546875 0.0078125 0.0125
3 0.34921875 0.44765625 0.0078125 0.0078125
3 0.3671875 0.4421875 0.00625 0.0078125
0 0.4078125 0.521875 0.01875 0.0203125
4 0.6484375 0.50859375 0.01875 0.021875
4 0.584375 0.46171875 0.0078125 0.0125
0 0.453125 0.46328125 0.0078125 0.0171875
0 0.26015625 0.71953125 0.01875 0.0453125
4 0.8265625 0.70625 0.0265625 0.0421875
2 0.3890625 0.4359375 0.00625 0.00625
2 0.4109375 0.4265625 0.0046875 0.00625
0 0.4671875 0.4421875 0.00625 0.0109375
0 0.471875 0.43046875 0.00625 0.0078125
4 0.559375 0.43828125 0.0046875 0.0109375
3 0.54765625 0.42734375 0.0046875 0.00625