1 0.11328125 0.66171875 0.0796875 0.1109375
4 0.72578125 0.45390625 0.0328125 0.028125
4 0.61484375 0.4078125 0.01875 0.0171875
4 0.6078125 0.384375 0.0140625 0.0125
4 0.578125 0.37109375 0.009375 0.009375
4 0.56328125 0.3578125 0.0078125 0.0109375
0 0.33984375 0.465625 0.0265625 0.0375
0 0.40390625 0.4125 0.0140625 0.0234375
0 0.42578125 0.3921875 0.0140625 0.0125
0 0.44765625 0.37421875 0.0078125 0.0140625
0 0.45703125 0.36328125 0.0078125 0.0109375
0 0.45859375 0.35703125 0.0078125 0.00625
0 0.46953125 0.35 0.0046875 0.0078125
3 0.55546875 0.35234375 0.00625 0.00625
4 0.5484375 0.34609375 0.00625 0.009375
3 0.21171875 0.38984375 0.0125 0.0109375
3 0.26484375 0.3890625 0.0125 0.0171875
3 0.30078125 0.3703125 0.0078125 0.0125
3 0.3125 0.36796875 0.009375 0.009375
3 0.3296875 0.3640625 0.009375 0.0078125
2 0.3515625 0.359375 0.0078125 0.00625
2 0.3734375 0.353125 0.0078125 0.00625
2 0.18515625 0.40625 0.0171875 0.015625
2 0.08125 0.4359375 0.025 0.01875
2 0.3890625 0.3484375 0.00625 0.0046875
0 0.4734375 0.34453125 0.0046875 0.0078125
4 0.54296875 0.34375 0.003125 0.0078125