0 0.63125 0.53515625 0.028125 0.03125
0 0.53984375 0.50390625 0.0125 0.021875
3 0.853125 0.52578125 0.0125 0.0203125
3 0.76953125 0.5140625 0.0140625 0.015625
3 0.7328125 0.509375 0.0109375 0.0125
4 0.2375 0.5265625 0.0296875 0.034375
4 0.3671875 0.4984375 0.0125 0.021875
3 0.6921875 0.50390625 0.0046875 0.0109375
3 0.65078125 0.49921875 0.00625 0.00625
3 0.5078125 0.49375 0.00625 0.0078125
3 0.40546875 0.49609375 0.00625 0.009375
3 0.41875 0.49140625 0.0046875 0.00625
0 0.515625 0.496875 0.00625 0.0140625