3 0.58515625 0.6890625 0.009375 0.028125
1 0.26875 0.63515625 0.00625 0.01875
1 0.25859375 0.6453125 0.0078125 0.0203125
1 0.23984375 0.66015625 0.0078125 0.0234375
1 0.2234375 0.684375 0.009375 0.0265625
1 0.21484375 0.70546875 0.0109375 0.0296875
1 0.253125 0.73046875 0.0140625 0.0328125
1 0.3234375 0.746875 0.0140625 0.0359375
1 0.4140625 0.76171875 0.015625 0.0390625
1 0.5484375 0.78203125 0.015625 0.040625
1 0.73125 0.79609375 0.015625 0.0421875
1 0.91796875 0.78828125 0.015625 0.040625
1 0.8046875 0.7375 0.0125 0.0296875
1 0.69375 0.73828125 0.0109375 0.03125
1 0.61484375 0.7328125 0.0125 0.03125
1 0.5203125 0.71953125 0.0109375 0.0296875
1 0.515625 0.67578125 0.0078125 0.025
1 0.44765625 0.7109375 0.009375 0.0296875
1 0.4 0.70546875 0.0109375 0.0296875
1 0.38203125 0.6921875 0.0109375 0.028125
1 0.375 0.6765625 0.0078125 0.025
1 0.378125 0.6609375 0.0078125 0.0203125
1 0.375 0.6453125 0.00625 0.01875
1 0.3765625 0.6296875 0.00625 0.0203125
1 0.621875 0.66328125 0.00625 0.028125
1 0.43046875 0.634375 0.0125 0.009375
1 0.24453125 0.5734375 0.00625 0.015625
1 0.22578125 0.57890625 0.0109375 0.009375
1 0.23046875 0.5546875 0.0046875 0.0140625
1 0.19375 0.5796875 0.0109375 0.009375
1 0.159375 0.58046875 0.0109375 0.009375
1 0.16328125 0.55625 0.0046875 0.0125
1 0.275 0.55546875 0.0078125 0.0078125
1 0.25078125 0.55625 0.009375 0.0078125
1 0.32265625 0.571875 0.0046875 0.009375
1 0.3 0.5546875 0.0078125 0.00625