3 0.35546875 0.628125 0.0234375 0.03671875
3 0.72578125 0.61328125 0.028125 0.05234375
1 0.4015625 0.58984375 0.0171875 0.03984375
1 0.675 0.571875 0.01796875 0.04296875
0 0.46640625 0.54296875 0.009375 0.0171875
4 0.61484375 0.53125 0.0078125 0.01875
4 0.59453125 0.51640625 0.00625 0.01484375
0 0.4921875 0.52421875 0.00390625 0.0109375
0 0.5046875 0.51328125 0.00390625 0.009375
0 0.51328125 0.50625 0.00234375 0.00859375
4 0.5828125 0.5078125 0.00390625 0.01171875
4 0.57578125 0.5015625 0.00234375 0.0078125
4 0.5703125 0.496875 0.00234375 0.00625
0 0.51875 0.50078125 0.003125 0.00703125