4 0.671875 0.5453125 0.0171875 0.02890625
4 0.4671875 0.540625 0.00859375 0.015625
2 0.275 0.5359375 0.009375 0.01796875
2 0.48125 0.540625 0.00703125 0.01328125
2 0.5609375 0.5421875 0.00703125 0.0140625
2 0.36328125 0.5359375 0.00625 0.0109375
2 0.39453125 0.53671875 0.00546875 0.00859375
3 0.25234375 0.53125 0.00703125 0.01484375
1 0.37421875 0.5359375 0.00859375 0.0171875
1 0.63984375 0.54140625 0.0125 0.02109375
0 0.42890625 0.5421875 0.0140625 0.02421875
3 0.44765625 0.5375 0.003125 0.00859375
3 0.7234375 0.5421875 0.003125 0.00703125
3 0.6296875 0.54140625 0.00390625 0.00625
2 0.59375 0.54375 0.00703125 0.00703125
2 0.57734375 0.54140625 0.00625 0.00625
2 0.53671875 0.540625 0.0046875 0.009375
2 0.53203125 0.53984375 0.00390625 0.0078125
2 0.50078125 0.5390625 0.00390625 0.0078125
2 0.403125 0.5359375 0.00390625 0.0078125
2 0.4203125 0.53671875 0.00390625 0.00859375
2 0.3546875 0.534375 0.00390625 0.009375
2 0.2703125 0.53203125 0.0046875 0.0125
1 0.45625 0.5359375 0.003125 0.01015625
2 0.64453125 0.54375 0.00390625 0.0125
0 0.5421875 0.54140625 0.0046875 0.0109375
2 0.68828125 0.54140625 0.00390625 0.00859375
0 0.48671875 0.53984375 0.00390625 0.00859375