2 0.73671875 0.7328125 0.075 0.1046875
2 0.65546875 0.446875 0.0171875 0.0234375
2 0.60703125 0.40703125 0.0125 0.0171875
2 0.53359375 0.38984375 0.0078125 0.0109375
2 0.09140625 0.3828125 0.0078125 0.015625
2 0.14140625 0.37734375 0.00625 0.0125
4 0.0515625 0.615625 0.0609375 0.0921875
4 0.48203125 0.4140625 0.01875 0.0234375
4 0.46640625 0.38515625 0.0109375 0.0140625
4 0.5109375 0.39609375 0.0109375 0.0140625
4 0.08046875 0.40078125 0.0140625 0.021875
4 0.20546875 0.38359375 0.009375 0.01875
4 0.2734375 0.37578125 0.00625 0.0109375
2 0.1078125 0.371875 0.0046875 0.0078125
2 0.090625 0.36875 0.00625 0.009375
2 0.109375 0.36484375 0.0046875 0.00625
4 0.19609375 0.365625 0.0046875 0.0046875
4 0.24375 0.365625 0.0046875 0.00625
4 0.225 0.3625 0.003125 0.003125
4 0.2859375 0.36171875 0.0015625 0.0046875
2 0.234375 0.359375 0.003125 0.0046875
4 0.31875 0.36171875 0.003125 0.0046875
4 0.40390625 0.3734375 0.0046875 0.0078125
2 0.35703125 0.36015625 0.0046875 0.0078125
2 0.44921875 0.37265625 0.0046875 0.0078125
4 0.40703125 0.36640625 0.0015625 0.0046875
4 0.35703125 0.365625 0.00625 0.009375
2 0.15859375 0.37109375 0.0046875 0.0109375
2 0.18125 0.3625 0.0015625 0.0046875
2 0.2921875 0.359375 0.0015625 0.003125