4 0.803125 0.7140625 0.0703125 0.1234375
4 0.63046875 0.47734375 0.0296875 0.0515625
4 0.51875 0.40234375 0.0171875 0.03125
4 0.42265625 0.36171875 0.0125 0.0234375
4 0.34921875 0.34296875 0.009375 0.0203125
4 0.29453125 0.33125 0.0078125 0.0171875
4 0.25 0.32421875 0.009375 0.0171875
4 0.21640625 0.31875 0.0078125 0.015625
4 0.209375 0.30859375 0.00625 0.0125
4 0.1890625 0.31328125 0.0078125 0.0140625
4 0.19296875 0.3109375 0.00625 0.0140625
4 0.22578125 0.30625 0.00625 0.0109375
4 0.25078125 0.30546875 0.0046875 0.009375
4 0.278125 0.3046875 0.0046875 0.0109375
4 0.31796875 0.30703125 0.0046875 0.009375
2 0.3234375 0.40390625 0.0234375 0.046875
2 0.2796875 0.3609375 0.015625 0.0296875
2 0.23359375 0.34375 0.0109375 0.0234375
2 0.1765625 0.3296875 0.0109375 0.0203125
2 0.115625 0.3234375 0.0078125 0.0171875
2 0.09609375 0.31953125 0.0078125 0.015625
2 0.103125 0.3125 0.0046875 0.0109375
2 0.1296875 0.30859375 0.0046875 0.0109375
2 0.2421875 0.3015625 0.003125 0.0078125
2 0.19765625 0.30078125 0.0046875 0.009375
2 0.3 0.30234375 0.003125 0.0078125
4 0.32421875 0.3 0.003125 0.0078125
4 0.33515625 0.30234375 0.0046875 0.0078125
4 0.340625 0.30390625 0.003125 0.0078125
4 0.34375 0.30546875 0.003125 0.0078125
4 0.3453125 0.3078125 0.003125 0.0078125
4 0.30703125 0.29765625 0.003125 0.00625