4 0.7203125 0.5875 0.0640625 0.128125
4 0.6140625 0.41796875 0.0265625 0.0625
4 0.66484375 0.34765625 0.01875 0.0375
4 0.67578125 0.31328125 0.0109375 0.0265625
4 0.62890625 0.2953125 0.0078125 0.01875
4 0.54765625 0.29375 0.00625 0.015625
4 0.4921875 0.29765625 0.00625 0.0125
4 0.4 0.31484375 0.0046875 0.0125
2 0.1640625 0.53203125 0.03125 0.059375
2 0.3984375 0.38046875 0.0125 0.03125
2 0.47890625 0.3359375 0.0125 0.025
2 0.45859375 0.315625 0.00625 0.015625
2 0.5 0.3171875 0.0078125 0.0171875
2 0.35859375 0.33515625 0.0046875 0.0125
4 0.06953125 0.4515625 0.003125 0.009375
4 0.12578125 0.41953125 0.003125 0.009375
4 0.22421875 0.36953125 0.003125 0.009375
4 0.18125 0.38828125 0.003125 0.0078125
4 0.296875 0.34375 0.003125 0.0078125
4 0.25859375 0.35703125 0.003125 0.0078125
2 0.14765625 0.4140625 0.003125 0.0078125
2 0.19375 0.390625 0.0046875 0.009375
2 0.2578125 0.36015625 0.003125 0.009375
2 0.30078125 0.34921875 0.003125 0.009375
4 0.35546875 0.32578125 0.003125 0.009375