2 0.2421875 0.57421875 0.028125 0.05625
2 0.3296875 0.5265625 0.0140625 0.03046875
2 0.36171875 0.5078125 0.0078125 0.0203125
2 0.37734375 0.49921875 0.0046875 0.01484375
2 0.38125 0.4953125 0.00390625 0.0109375
2 0.38515625 0.4890625 0.00390625 0.009375
2 0.375 0.4875 0.003125 0.0078125
4 0.51875 0.4921875 0.0078125 0.01796875
4 0.49375 0.4875 0.00625 0.015625
4 0.47578125 0.48359375 0.0046875 0.01015625
4 0.46796875 0.48125 0.00234375 0.00703125
4 0.4640625 0.4796875 0.00234375 0.0078125
4 0.44453125 0.478125 0.00234375 0.0078125
4 0.41875 0.47734375 0.00234375 0.0078125
3 0.10703125 0.56328125 0.0078125 0.028125
3 0.28359375 0.5375 0.0078125 0.028125
3 0.22421875 0.5265625 0.00546875 0.01640625
3 0.26484375 0.5125 0.00390625 0.0125
3 0.32578125 0.51328125 0.00390625 0.0171875
3 0.3390625 0.49921875 0.00390625 0.0109375
3 0.33671875 0.49375 0.00234375 0.00859375