2 0.25234375 0.4375 0.01875 0.04453125
2 0.2796875 0.3890625 0.009375 0.02734375
2 0.2859375 0.371875 0.0078125 0.01953125
2 0.290625 0.359375 0.00546875 0.01484375
2 0.3046875 0.3515625 0.0046875 0.0125
2 0.29921875 0.34453125 0.00390625 0.009375
2 0.2984375 0.33828125 0.00234375 0.00703125
2 0.378125 0.35546875 0.00546875 0.0140625
2 0.3171875 0.346875 0.003125 0.01015625
2 0.05390625 0.378125 0.00625 0.0140625
2 0.1046875 0.3609375 0.0046875 0.0109375
2 0.1359375 0.3515625 0.00234375 0.00859375
4 0.07265625 0.3609375 0.003125 0.009375
4 0.09609375 0.35390625 0.003125 0.009375
4 0.11484375 0.3484375 0.003125 0.00859375
4 0.128125 0.34453125 0.003125 0.00859375
4 0.8421875 0.76015625 0.06796875 0.15703125
4 0.59140625 0.4796875 0.02578125 0.05703125
4 0.5015625 0.4203125 0.01796875 0.0375
4 0.42578125 0.38125 0.009375 0.025
4 0.39296875 0.3671875 0.00703125 0.01953125
4 0.3734375 0.34921875 0.00390625 0.0109375
4 0.37109375 0.34375 0.003125 0.0109375
4 0.1421875 0.34140625 0.00234375 0.00703125
4 0.15078125 0.3390625 0.00234375 0.00703125
4 0.16171875 0.33671875 0.003125 0.00625
2 0.15703125 0.34453125 0.003125 0.00859375
2 0.16796875 0.34140625 0.003125 0.0078125
2 0.2671875 0.34140625 0.00234375 0.00859375
2 0.26015625 0.34453125 0.003125 0.01015625
4 0.31796875 0.33984375 0.003125 0.00703125
2 0.315625 0.33515625 0.00234375 0.00703125
4 0.3375 0.3375 0.003125 0.0078125
4 0.3484375 0.3359375 0.00234375 0.00703125
4 0.3453125 0.34140625 0.003125 0.009375