4 0.8078125 0.303125 0.009375 0.0203125
4 0.8546875 0.315625 0.009375 0.021875
4 0.9265625 0.3359375 0.0140625 0.025
4 0.8140625 0.36015625 0.0203125 0.040625
4 0.70703125 0.34765625 0.021875 0.0421875
4 0.6265625 0.34453125 0.021875 0.04375
4 0.55625 0.34453125 0.0234375 0.0453125
4 0.4 0.36015625 0.028125 0.0546875
4 0.23203125 0.39375 0.0265625 0.0609375
2 0.90625 0.3171875 0.00625 0.0171875
2 0.87421875 0.30859375 0.00625 0.01875
4 0.90078125 0.32734375 0.0140625 0.0234375
2 0.90390625 0.46796875 0.0359375 0.0796875
2 0.73515625 0.50703125 0.053125 0.10625
4 0.93359375 0.378125 0.015625 0.0390625
2 0.878125 0.83203125 0.096875 0.159375
4 0.75859375 0.28515625 0.0046875 0.015625
4 0.77421875 0.28671875 0.0046875 0.015625
4 0.77421875 0.29296875 0.0046875 0.01875
4 0.71875 0.2703125 0.003125 0.0125
4 0.68046875 0.26640625 0.003125 0.0125
4 0.62734375 0.26171875 0.0046875 0.0125
2 0.653125 0.26171875 0.003125 0.009375
2 0.740625 0.26875 0.0046875 0.009375
2 0.6015625 0.25859375 0.0046875 0.0109375
2 0.55625 0.25546875 0.0046875 0.009375
4 0.575 0.25859375 0.0046875 0.0125
4 0.51640625 0.25546875 0.003125 0.0109375
4 0.4578125 0.25234375 0.0046875 0.0109375
4 0.42109375 0.25234375 0.0046875 0.0125
2 0.45390625 0.25234375 0.0046875 0.0109375
2 0.41796875 0.25078125 0.003125 0.0109375
2 0.36640625 0.25078125 0.003125 0.0078125
2 0.32890625 0.25 0.003125 0.0109375
4 0.334375 0.25 0.003125 0.0109375
4 0.3890625 0.2515625 0.003125 0.0125
4 0.2828125 0.25 0.0046875 0.0125
4 0.31015625 0.25078125 0.0046875 0.0109375
4 0.2515625 0.2515625 0.0046875 0.0140625
2 0.2578125 0.25 0.0046875 0.0109375
2 0.29453125 0.25 0.003125 0.009375
2 0.22109375 0.25078125 0.0046875 0.0109375
2 0.18203125 0.253125 0.0046875 0.0109375
2 0.1578125 0.25078125 0.0046875 0.009375
2 0.15 0.259375 0.0046875 0.0125
4 0.17265625 0.26875 0.00625 0.015625
4 0.23515625 0.25625 0.0046875 0.0140625