2 0.2578125 0.7015625 0.06875 0.1640625
2 0.428125 0.42109375 0.0265625 0.053125
2 0.35 0.3546875 0.0125 0.028125
2 0.28125 0.3265625 0.00625 0.01875
2 0.27421875 0.31328125 0.0046875 0.0140625
2 0.31171875 0.30625 0.003125 0.0109375
4 0.39296875 0.3203125 0.0046875 0.0140625
4 0.41796875 0.3171875 0.003125 0.0125
4 0.43359375 0.334375 0.0046875 0.0171875
4 0.53359375 0.3609375 0.009375 0.021875
4 0.603125 0.365625 0.00625 0.01875
4 0.6734375 0.4125 0.0125 0.03125
4 0.71015625 0.403125 0.009375 0.021875
4 0.79609375 0.43671875 0.009375 0.0234375
4 0.82578125 0.5109375 0.021875 0.0484375
4 0.865625 0.4609375 0.009375 0.0203125
4 0.9140625 0.47734375 0.00625 0.0171875
4 0.91328125 0.46953125 0.00625 0.0140625
2 0.8140625 0.42109375 0.003125 0.0125
2 0.77578125 0.41015625 0.00625 0.015625
2 0.7890625 0.4078125 0.003125 0.009375
2 0.684375 0.37578125 0.0046875 0.0140625
2 0.62890625 0.35625 0.0046875 0.0125
2 0.071875 0.32578125 0.003125 0.009375
2 0.20078125 0.30390625 0.003125 0.009375
4 0.1046875 0.31640625 0.003125 0.00625
4 0.1359375 0.31171875 0.003125 0.00625
4 0.17578125 0.3015625 0.0015625 0.00625
2 0.221875 0.29921875 0.0015625 0.00625
2 0.40078125 0.309375 0.003125 0.009375
2 0.46640625 0.315625 0.003125 0.009375
4 0.47109375 0.325 0.003125 0.0125
2 0.54609375 0.334375 0.003125 0.0078125
2 0.696875 0.371875 0.003125 0.009375
2 0.74921875 0.39296875 0.0015625 0.00625
4 0.9 0.4578125 0.003125 0.009375
4 0.8765625 0.4453125 0.003125 0.0078125