2 0.190625 0.5828125 0.05625 0.1015625
2 0.2984375 0.5203125 0.0234375 0.0515625
2 0.38984375 0.496875 0.0140625 0.03125
2 0.45703125 0.4875 0.0109375 0.021875
2 0.49453125 0.4828125 0.0078125 0.0171875
2 0.503125 0.48125 0.0078125 0.015625
2 0.5015625 0.478125 0.0046875 0.009375
2 0.49140625 0.47578125 0.0046875 0.0109375
2 0.471875 0.471875 0.00625 0.0109375
4 0.4765625 0.4671875 0.0046875 0.0109375
4 0.5171875 0.47265625 0.0046875 0.009375
2 0.45078125 0.46875 0.0046875 0.0109375
4 0.42578125 0.46328125 0.0046875 0.009375
4 0.409375 0.46171875 0.0046875 0.009375
2 0.41796875 0.4640625 0.00625 0.0109375
2 0.3609375 0.46015625 0.0046875 0.009375
2 0.3890625 0.46015625 0.0046875 0.009375