4 0.10703125 0.6046875 0.0234375 0.0328125
4 0.140625 0.52109375 0.0109375 0.0140625
4 0.196875 0.51875 0.0140625 0.0203125
4 0.2125 0.48125 0.0078125 0.0125
4 0.24609375 0.4640625 0.0078125 0.0109375
4 0.2875 0.47109375 0.0125 0.0171875
4 0.3203125 0.43671875 0.00625 0.009375
4 0.38203125 0.43203125 0.009375 0.0140625
4 0.47265625 0.40234375 0.0109375 0.0140625
4 0.4421875 0.39765625 0.0046875 0.0078125
4 0.5890625 0.3765625 0.0109375 0.0140625
4 0.7296875 0.3609375 0.0109375 0.0171875
2 0.87734375 0.65390625 0.0828125 0.115625
2 0.31640625 0.56171875 0.0328125 0.0484375
2 0.26484375 0.5359375 0.021875 0.034375
2 0.32578125 0.4828125 0.01875 0.0265625
2 0.3953125 0.44296875 0.0109375 0.01875
2 0.49296875 0.4109375 0.0125 0.01875
2 0.63359375 0.38359375 0.0140625 0.0203125
2 0.78046875 0.37890625 0.0171875 0.025
2 0.0859375 0.5421875 0.009375 0.0125
2 0.1703125 0.49375 0.00625 0.009375
2 0.2265625 0.4671875 0.0046875 0.0078125
2 0.31328125 0.43515625 0.0046875 0.00625
2 0.4078125 0.40546875 0.0046875 0.0078125
4 0.5046875 0.3765625 0.003125 0.00625
4 0.52578125 0.36953125 0.0046875 0.0078125
4 0.59140625 0.35625 0.0015625 0.0046875
4 0.60703125 0.3515625 0.0015625 0.0046875
4 0.6234375 0.3484375 0.003125 0.0046875
4 0.609375 0.35078125 0.0015625 0.0046875
4 0.7171875 0.3390625 0.003125 0.00625
3 0.7890625 0.33671875 0.0015625 0.0046875
3 0.90625 0.33671875 0.00625 0.009375