4 0.6359375 0.5796875 0.02734375 0.04375
4 0.62265625 0.6203125 0.034375 0.05703125
4 0.51796875 0.60703125 0.028125 0.05390625
4 0.41875 0.61953125 0.03984375 0.03984375
4 0.37578125 0.57890625 0.025 0.046875
4 0.43515625 0.5734375 0.0171875 0.0421875
4 0.3546875 0.6015625 0.021875 0.053125
2 0.54765625 0.5890625 0.025 0.046875
2 0.5890625 0.6484375 0.040625 0.065625
2 0.4796875 0.5921875 0.0359375 0.034375
2 0.42890625 0.59140625 0.028125 0.05078125
2 0.328125 0.58203125 0.02265625 0.0453125
2 0.3734375 0.62578125 0.03671875 0.06015625
2 0.5453125 0.565625 0.02109375 0.040625