4 0.27265625 0.65625 0.04765625 0.12109375
4 0.1203125 0.54375 0.015625 0.03515625
4 0.096875 0.51875 0.0046875 0.01328125
4 0.178125 0.51015625 0.00390625 0.0125
4 0.2390625 0.50625 0.00390625 0.01015625
4 0.284375 0.51953125 0.0140625 0.0296875
4 0.31484375 0.50078125 0.0046875 0.01015625
4 0.371875 0.49765625 0.0046875 0.01171875
4 0.38359375 0.50234375 0.0078125 0.0203125
4 0.40234375 0.496875 0.00625 0.01640625
4 0.43671875 0.490625 0.00390625 0.0125
4 0.52734375 0.490625 0.00625 0.01875
4 0.53203125 0.4875 0.00546875 0.0140625
4 0.546875 0.4859375 0.00390625 0.01328125
4 0.56953125 0.49375 0.01171875 0.0234375
4 0.6109375 0.48125 0.003125 0.01171875
4 0.64921875 0.47890625 0.00390625 0.0109375
4 0.70859375 0.49921875 0.0125 0.0296875
4 0.85546875 0.4734375 0.00625 0.0125
4 0.85859375 0.49765625 0.01328125 0.0296875
4 0.90703125 0.475 0.00703125 0.015625
4 0.934375 0.4765625 0.00390625 0.0140625
4 0.8359375 0.59296875 0.03984375 0.09375
2 0.240625 0.68125 0.06875 0.13984375
2 0.33203125 0.571875 0.02890625 0.06484375
2 0.4328125 0.4921875 0.00390625 0.01171875
2 0.6546875 0.5328125 0.02265625 0.0484375
2 0.8890625 0.528125 0.02109375 0.05078125
2 0.87109375 0.6046875 0.04765625 0.1046875
2 0.20078125 0.5125 0.00546875 0.0140625
4 0.93203125 0.490625 0.00859375 0.02265625
2 0.4875 0.4890625 0.00234375 0.00703125
4 0.4828125 0.48828125 0.00234375 0.00859375
4 0.578125 0.48203125 0.003125 0.00703125
3 0.7265625 0.47421875 0.00546875 0.0203125
2 0.834375 0.47421875 0.0015625 0.00703125
4 0.7390625 0.47734375 0.003125 0.00859375
3 0.7328125 0.478125 0.0046875 0.0140625
3 0.72109375 0.47890625 0.00390625 0.01484375
2 0.91328125 0.471875 0.00234375 0.0109375