2 0.2421875 0.31328125 0.003125 0.009375
4 0.184375 0.30546875 0.0046875 0.0078125
2 0.2609375 0.3203125 0.0046875 0.0109375
2 0.25625 0.31640625 0.003125 0.009375
2 0.3671875 0.33203125 0.0046875 0.0109375
4 0.38671875 0.328125 0.003125 0.009375
2 0.3625 0.33984375 0.0078125 0.0140625
4 0.4140625 0.33984375 0.0046875 0.0109375
4 0.3921875 0.33046875 0.003125 0.0078125
4 0.1984375 0.3125 0.0046875 0.009375
2 0.34921875 0.32578125 0.003125 0.009375
2 0.228125 0.309375 0.0046875 0.0078125
2 0.33984375 0.32265625 0.003125 0.0078125
2 0.24296875 0.32109375 0.0046875 0.0109375
4 0.1796875 0.3140625 0.0046875 0.0109375
4 0.1125 0.31640625 0.00625 0.0109375
2 0.35546875 0.35 0.0078125 0.015625
2 0.21015625 0.321875 0.0078125 0.0125
4 0.1515625 0.31328125 0.0078125 0.0125
4 0.421875 0.34765625 0.00625 0.0125
2 0.13359375 0.3234375 0.0078125 0.0140625
2 0.16640625 0.321875 0.0078125 0.0125
4 0.0765625 0.31953125 0.0078125 0.0125
4 0.43828125 0.35625 0.0078125 0.015625
4 0.4625 0.371875 0.0109375 0.0203125
2 0.34296875 0.38984375 0.0171875 0.034375
4 0.49453125 0.40234375 0.015625 0.0328125
4 0.5625 0.48203125 0.034375 0.0609375
2 0.36015625 0.33359375 0.003125 0.009375
2 0.359375 0.32734375 0.003125 0.0078125
4 0.40546875 0.33203125 0.003125 0.009375
4 0.41171875 0.334375 0.003125 0.0078125
4 0.3984375 0.32578125 0.003125 0.0078125
4 0.4109375 0.32734375 0.003125 0.0078125
4 0.38828125 0.325 0.003125 0.0078125
4 0.384375 0.32578125 0.003125 0.009375
2 0.2640625 0.31796875 0.0046875 0.009375
4 0.1921875 0.30859375 0.003125 0.009375
4 0.20234375 0.31171875 0.0046875 0.009375
4 0.18984375 0.30390625 0.003125 0.0078125
4 0.21171875 0.303125 0.003125 0.00625
2 0.35234375 0.32109375 0.003125 0.0078125