2 0.234375 0.79921875 0.09609375 0.19375
2 0.371875 0.590625 0.01953125 0.07734375
2 0.3578125 0.56875 0.0234375 0.06015625
2 0.25546875 0.56640625 0.01875 0.04375
2 0.203125 0.56796875 0.0125 0.03828125
2 0.26484375 0.534375 0.00625 0.01875
2 0.31875 0.51640625 0.0046875 0.0125
2 0.3546875 0.50546875 0.003125 0.009375
2 0.37734375 0.49765625 0.003125 0.01015625
4 0.45 0.50703125 0.00703125 0.02265625
4 0.4265625 0.50546875 0.0078125 0.0203125
4 0.41328125 0.49921875 0.0046875 0.01484375
4 0.42578125 0.490625 0.00234375 0.009375
4 0.5234375 0.50078125 0.00625 0.021875
4 0.434375 0.4890625 0.00234375 0.00703125