2 0.7640625 0.43125 0.0640625 0.1046875
2 0.6125 0.33671875 0.03125 0.05
2 0.57578125 0.30703125 0.0203125 0.034375
2 0.57734375 0.284375 0.0140625 0.0265625
2 0.59453125 0.26640625 0.0109375 0.0203125
2 0.5796875 0.25859375 0.0109375 0.0171875
2 0.54609375 0.2609375 0.0109375 0.0171875
2 0.1453125 0.40625 0.0125 0.0203125
2 0.23046875 0.36640625 0.0109375 0.0171875
2 0.2953125 0.33828125 0.009375 0.0140625
2 0.340625 0.31953125 0.0109375 0.015625
2 0.4734375 0.27734375 0.009375 0.015625
2 0.403125 0.2984375 0.00625 0.0125
4 0.20078125 0.39609375 0.015625 0.025
4 0.30703125 0.3453125 0.0125 0.021875
4 0.3578125 0.32265625 0.0109375 0.0203125
4 0.403125 0.3046875 0.0109375 0.0171875
4 0.41328125 0.3234375 0.0171875 0.0265625
4 0.4546875 0.29921875 0.0125 0.021875
4 0.4484375 0.29140625 0.009375 0.0171875
4 0.4671875 0.2890625 0.0109375 0.01875
4 0.35703125 0.36484375 0.0203125 0.034375
4 0.29453125 0.4234375 0.03125 0.05