4 0.09375 0.5203125 0.01796875 0.03046875
4 0.14375 0.44609375 0.0078125 0.01328125
4 0.19921875 0.45546875 0.01015625 0.01875
4 0.22265625 0.421875 0.00625 0.0109375
4 0.259375 0.4125 0.00546875 0.009375
4 0.2984375 0.42734375 0.009375 0.01484375
4 0.3375 0.40078125 0.0046875 0.00859375
4 0.3984375 0.40859375 0.00703125 0.01328125
4 0.49375 0.3984375 0.009375 0.01171875
4 0.46484375 0.3875 0.00390625 0.0078125
4 0.6125 0.39765625 0.0078125 0.01328125
4 0.75390625 0.41171875 0.0078125 0.015625
2 0.8375 0.72890625 0.06171875 0.1046875
2 0.3078125 0.521875 0.02421875 0.04453125
2 0.2625 0.4859375 0.01640625 0.03125
2 0.3328125 0.446875 0.0140625 0.0234375
2 0.409375 0.42265625 0.0078125 0.01796875
2 0.51171875 0.41171875 0.00859375 0.0171875
2 0.6546875 0.4140625 0.01015625 0.01796875
2 0.79921875 0.43984375 0.0125 0.02265625
2 0.0859375 0.45546875 0.00703125 0.01171875
2 0.17890625 0.425 0.0046875 0.00859375
2 0.2390625 0.4109375 0.00390625 0.0078125
2 0.33046875 0.39765625 0.003125 0.00625
2 0.4296875 0.38828125 0.00390625 0.0078125
4 0.53046875 0.38046875 0.00234375 0.00546875
4 0.55234375 0.378125 0.003125 0.00703125
4 0.61953125 0.378125 0.0015625 0.00390625
4 0.63515625 0.37734375 0.0015625 0.00390625
4 0.65234375 0.37734375 0.0015625 0.0046875
4 0.63828125 0.3765625 0.0015625 0.00390625
4 0.74609375 0.3875 0.00234375 0.00625
3 0.81640625 0.4 0.0015625 0.00390625
3 0.93125 0.425 0.00390625 0.00859375