4 0.17421875 0.27421875 0.021875 0.034375
4 0.26640625 0.2953125 0.0265625 0.0390625
4 0.31328125 0.3203125 0.0296875 0.05
4 0.34765625 0.36875 0.0421875 0.06875
2 0.16953125 0.2453125 0.0140625 0.0234375
2 0.25625 0.25625 0.0125 0.021875
2 0.33203125 0.26796875 0.015625 0.0265625
2 0.4109375 0.28515625 0.01875 0.03125
2 0.503125 0.31015625 0.0203125 0.0375
2 0.62421875 0.35078125 0.025 0.0421875
2 0.7234375 0.40859375 0.03125 0.0546875
2 0.796875 0.503125 0.05625 0.0859375
2 0.8125 0.6984375 0.103125 0.1625