2 0.5234375 0.34765625 0.00625 0.0109375
2 0.5390625 0.3546875 0.00625 0.0109375
2 0.55234375 0.3640625 0.00625 0.0109375
2 0.54140625 0.365625 0.0078125 0.0140625
2 0.525 0.3671875 0.009375 0.0171875
2 0.50625 0.37421875 0.0125 0.021875
2 0.4734375 0.38828125 0.01875 0.0328125
2 0.396875 0.41640625 0.03125 0.0546875
4 0.596875 0.37578125 0.00625 0.0109375
4 0.63359375 0.3984375 0.0078125 0.0125
4 0.615625 0.3875 0.00625 0.0109375
4 0.61640625 0.39609375 0.0078125 0.0125
4 0.60546875 0.39921875 0.009375 0.0171875
4 0.6171875 0.415625 0.0140625 0.021875
4 0.63203125 0.44453125 0.0171875 0.03125
4 0.653125 0.48515625 0.0234375 0.0421875
4 0.67890625 0.565625 0.040625 0.06875
4 0.09375 0.2578125 0.009375 0.0171875
4 0.15078125 0.26171875 0.0109375 0.015625
4 0.1796875 0.2609375 0.0078125 0.0140625
4 0.19375 0.2578125 0.0078125 0.0125
4 0.20546875 0.25546875 0.00625 0.0109375
4 0.21640625 0.25390625 0.00625 0.009375
2 0.12890625 0.27578125 0.0109375 0.01875
2 0.184375 0.28046875 0.0109375 0.01875
2 0.2234375 0.28203125 0.0109375 0.0171875
2 0.24453125 0.28046875 0.0078125 0.0140625
2 0.2515625 0.278125 0.0078125 0.0140625
2 0.2625 0.27109375 0.0046875 0.009375
2 0.2609375 0.275 0.0046875 0.009375
2 0.27421875 0.26953125 0.0046875 0.0078125
2 0.2875 0.2703125 0.003125 0.0078125
2 0.30546875 0.27265625 0.0046875 0.0078125
2 0.32421875 0.275 0.003125 0.00625
4 0.22578125 0.253125 0.0046875 0.0078125
4 0.2453125 0.25546875 0.0046875 0.00625
4 0.27109375 0.259375 0.003125 0.0078125
4 0.29296875 0.2640625 0.003125 0.0078125
4 0.3125 0.265625 0.003125 0.0078125
4 0.57109375 0.36015625 0.0046875 0.0078125
4 0.56875 0.36171875 0.00625 0.009375
4 0.55078125 0.35390625 0.0046875 0.009375
2 0.50625 0.34140625 0.0046875 0.009375
2 0.4921875 0.33125 0.0046875 0.009375
2 0.49296875 0.33515625 0.0046875 0.0078125