2 0.15390625 0.81953125 0.06875 0.1421875
2 0.33671875 0.625 0.046875 0.0984375
2 0.3484375 0.559375 0.01875 0.05
2 0.32578125 0.54296875 0.015625 0.034375
2 0.29921875 0.53046875 0.009375 0.025
2 0.27421875 0.5265625 0.0078125 0.01875
2 0.2484375 0.52578125 0.0078125 0.015625
2 0.2515625 0.51953125 0.0046875 0.0125
2 0.28203125 0.51328125 0.0046875 0.0109375
4 0.375 0.5078125 0.0078125 0.0171875
4 0.3546875 0.50859375 0.0078125 0.0171875
4 0.35703125 0.50546875 0.0046875 0.0109375
4 0.36875 0.50390625 0.0046875 0.0109375
4 0.378125 0.49921875 0.0046875 0.0125
4 0.3875 0.49765625 0.0046875 0.009375
4 0.3953125 0.49609375 0.0046875 0.009375
4 0.465625 0.503125 0.0109375 0.021875
2 0.31484375 0.50703125 0.003125 0.009375