4 0.24609375 0.46484375 0.040625 0.078125
4 0.19921875 0.4296875 0.0296875 0.0578125
4 0.14921875 0.40234375 0.0203125 0.0421875
4 0.16015625 0.3671875 0.0140625 0.028125
4 0.20703125 0.340625 0.0109375 0.0234375
4 0.24765625 0.32421875 0.009375 0.01875
4 0.29375 0.30859375 0.009375 0.01875
4 0.3171875 0.3 0.0078125 0.0171875
4 0.32421875 0.29375 0.0078125 0.015625
4 0.33125 0.2875 0.00625 0.0140625
2 0.91796875 0.56171875 0.071875 0.153125
2 0.67578125 0.37109375 0.0375 0.0671875
2 0.5 0.33671875 0.0296875 0.046875
2 0.39140625 0.33359375 0.0203125 0.0359375
2 0.3328125 0.3234375 0.0140625 0.028125
2 0.34375 0.31328125 0.0125 0.025
2 0.353125 0.30625 0.0109375 0.021875
2 0.38828125 0.29296875 0.0109375 0.0203125
2 0.41640625 0.2828125 0.009375 0.015625
2 0.3859375 0.27109375 0.0046875 0.009375
2 0.3984375 0.27109375 0.0046875 0.009375
2 0.403125 0.271875 0.00625 0.0109375
2 0.4078125 0.27265625 0.0046875 0.0125
2 0.4125 0.27734375 0.00625 0.015625
2 0.18359375 0.315625 0.0046875 0.0109375
4 0.33828125 0.28125 0.003125 0.0109375
4 0.3375 0.28359375 0.003125 0.0109375
4 0.3359375 0.2859375 0.0046875 0.0109375