2 0.64296875 0.26171875 0.00703125 0.01640625
2 0.6265625 0.2546875 0.00625 0.01328125
2 0.62734375 0.26640625 0.0078125 0.01796875
2 0.5921875 0.27421875 0.009375 0.02265625
2 0.4203125 0.29140625 0.009375 0.02421875
2 0.41640625 0.3171875 0.01484375 0.034375
2 0.45546875 0.325 0.01796875 0.0390625
2 0.3546875 0.303125 0.0109375 0.02578125
2 0.3546875 0.315625 0.0140625 0.02890625
2 0.6078125 0.35625 0.02421875 0.0546875
2 0.8625 0.4578125 0.0453125 0.09375
4 0.5375 0.25703125 0.00625 0.01484375
4 0.54296875 0.25859375 0.00546875 0.015625
4 0.54921875 0.2609375 0.00625 0.015625
4 0.52734375 0.265625 0.0078125 0.01640625
4 0.4921875 0.27109375 0.00703125 0.01875
2 0.49453125 0.2828125 0.009375 0.02265625
4 0.4296875 0.27734375 0.0078125 0.01875
4 0.37734375 0.28515625 0.009375 0.01953125
4 0.340625 0.290625 0.0078125 0.01875
4 0.3109375 0.29609375 0.009375 0.0203125
4 0.25 0.3109375 0.01015625 0.0234375
4 0.19453125 0.32734375 0.01015625 0.0234375
4 0.13828125 0.35234375 0.01171875 0.02890625
4 0.10390625 0.37578125 0.015625 0.0359375
4 0.13828125 0.38125 0.0171875 0.040625
4 0.17890625 0.390625 0.0234375 0.046875
4 0.2328125 0.421875 0.034375 0.065625
4 0.23125 0.53359375 0.0515625 0.1140625
4 0.3671875 0.26015625 0.003125 0.01015625
4 0.3265625 0.265625 0.00234375 0.009375
4 0.40703125 0.25546875 0.00390625 0.009375
2 0.38828125 0.25625 0.003125 0.00859375
2 0.34765625 0.26171875 0.003125 0.009375
2 0.603125 0.25234375 0.0046875 0.01328125
2 0.57421875 0.25078125 0.00390625 0.01171875
2 0.56171875 0.24765625 0.0046875 0.0109375
4 0.50234375 0.25703125 0.0046875 0.0125
4 0.47734375 0.2578125 0.00390625 0.0109375
4 0.46796875 0.253125 0.003125 0.01015625
4 0.45390625 0.25546875 0.00390625 0.01015625
4 0.459375 0.25703125 0.0046875 0.01171875