4 0.09375 0.478125 0.0203125 0.0328125
4 0.1515625 0.409375 0.009375 0.0140625
4 0.20546875 0.42421875 0.0125 0.0203125
4 0.23203125 0.39296875 0.0078125 0.0109375
4 0.26953125 0.3875 0.00625 0.009375
4 0.30703125 0.40703125 0.0109375 0.015625
4 0.3484375 0.384375 0.00625 0.009375
4 0.40859375 0.3984375 0.0078125 0.0140625
4 0.5046875 0.3984375 0.0109375 0.0125
4 0.4765625 0.384375 0.0046875 0.0078125
4 0.62265625 0.41015625 0.009375 0.0140625
4 0.76171875 0.4390625 0.009375 0.015625
2 0.81171875 0.76328125 0.071875 0.1109375
2 0.30625 0.5015625 0.028125 0.046875
2 0.265625 0.4609375 0.0203125 0.0328125
2 0.3390625 0.4296875 0.0171875 0.025
2 0.41796875 0.41328125 0.009375 0.01875
2 0.52109375 0.41328125 0.0109375 0.01875
2 0.6625 0.43046875 0.0125 0.01875
2 0.80390625 0.47109375 0.0140625 0.0234375
2 0.09296875 0.4125 0.0078125 0.0125
2 0.18828125 0.3921875 0.00625 0.009375
2 0.25 0.384375 0.0046875 0.0078125
2 0.3421875 0.38046875 0.003125 0.00625
2 0.44140625 0.38125 0.0046875 0.0078125
4 0.54296875 0.384375 0.003125 0.00625
4 0.56484375 0.384375 0.003125 0.0078125
4 0.63125 0.39140625 0.0015625 0.0046875
4 0.646875 0.3921875 0.0015625 0.0046875
4 0.6640625 0.39375 0.0015625 0.0046875
4 0.65078125 0.39140625 0.0015625 0.0046875
4 0.75625 0.4140625 0.003125 0.00625
3 0.825 0.43359375 0.0015625 0.0046875
3 0.93671875 0.4703125 0.0046875 0.009375