4 0.334375 0.284375 0.00625 0.0125
4 0.30625 0.29140625 0.00625 0.0125
2 0.3578125 0.28671875 0.0046875 0.0109375
2 0.34609375 0.2890625 0.0046875 0.0109375
4 0.42109375 0.2921875 0.0078125 0.0171875
2 0.53125 0.28671875 0.0078125 0.015625
4 0.128125 0.32109375 0.0046875 0.009375
2 0.3765625 0.2921875 0.0078125 0.015625
2 0.5515625 0.29453125 0.0078125 0.015625
4 0.42109375 0.3015625 0.009375 0.021875
4 0.31875 0.2875 0.00625 0.0109375
2 0.38671875 0.2859375 0.00625 0.0140625
2 0.4546875 0.28203125 0.0078125 0.015625
4 0.284375 0.29609375 0.0046875 0.0109375
4 0.27890625 0.30234375 0.0078125 0.0140625
4 0.40546875 0.2921875 0.0078125 0.01875
4 0.3078125 0.29921875 0.0078125 0.015625
4 0.3375 0.29609375 0.0078125 0.0140625
4 0.41484375 0.3171875 0.0140625 0.028125
2 0.4984375 0.28125 0.009375 0.0171875
4 0.26796875 0.30234375 0.0078125 0.0140625
4 0.7015625 0.290625 0.0109375 0.01875
2 0.5796875 0.3 0.0125 0.0234375
2 0.15859375 0.328125 0.009375 0.01875
4 0.3765625 0.29140625 0.0078125 0.0171875
2 0.61953125 0.31484375 0.015625 0.0296875
2 0.66796875 0.334375 0.0234375 0.0390625
4 0.40390625 0.3390625 0.021875 0.0359375
2 0.7671875 0.38203125 0.0328125 0.059375
4 0.38671875 0.378125 0.025 0.05
4 0.2828125 0.459375 0.0453125 0.08125
2 0.89765625 0.55859375 0.071875 0.134375
2 0.3984375 0.278125 0.0046875 0.0109375
2 0.36796875 0.2828125 0.00625 0.0125
4 0.35859375 0.28203125 0.0046875 0.0109375
4 0.38984375 0.27734375 0.0046875 0.0109375
4 0.4140625 0.2734375 0.003125 0.009375
4 0.4078125 0.27265625 0.0046875 0.0109375
2 0.440625 0.2734375 0.00625 0.0125