4 0.240625 0.24609375 0.0046875 0.009375
2 0.153125 0.22578125 0.0046875 0.009375
4 0.2171875 0.24296875 0.00625 0.0109375
4 0.296875 0.265625 0.00625 0.0109375
4 0.16796875 0.234375 0.00625 0.0109375
4 0.43125 0.31171875 0.00625 0.0109375
4 0.2421875 0.2515625 0.00625 0.0109375
4 0.1859375 0.2421875 0.00625 0.0109375
4 0.36875 0.2890625 0.00625 0.0109375
4 0.49140625 0.33671875 0.00625 0.0109375
2 0.2796875 0.26875 0.00625 0.0125
2 0.42734375 0.3234375 0.0109375 0.015625
4 0.52734375 0.3546875 0.00625 0.0109375
2 0.38359375 0.3046875 0.0078125 0.0125
2 0.2109375 0.2546875 0.0078125 0.0140625
2 0.4796875 0.3515625 0.0125 0.01875
4 0.55546875 0.371875 0.009375 0.015625
2 0.3390625 0.28671875 0.0078125 0.0125
4 0.5859375 0.3953125 0.0109375 0.01875
2 0.47109375 0.36953125 0.0140625 0.025
4 0.621875 0.4453125 0.0203125 0.03125
4 0.68359375 0.5234375 0.03125 0.0484375
2 0.37890625 0.40703125 0.0359375 0.0578125
4 0.24921875 0.2453125 0.0046875 0.009375
4 0.253125 0.24375 0.0046875 0.009375