4 0.6234375 0.59765625 0.0328125 0.046875
4 0.6046875 0.6359375 0.0421875 0.0609375
4 0.503125 0.60859375 0.0359375 0.0578125
4 0.403125 0.60703125 0.0453125 0.0453125
4 0.365625 0.5609375 0.03125 0.05
4 0.42578125 0.5640625 0.0234375 0.04375
4 0.3421875 0.58046875 0.0296875 0.05625
2 0.53515625 0.59453125 0.03125 0.05
2 0.5671875 0.659375 0.05 0.0703125
2 0.4671875 0.58828125 0.040625 0.0390625
2 0.4171875 0.58046875 0.034375 0.0546875
2 0.31875 0.55703125 0.028125 0.0484375
2 0.35703125 0.60703125 0.0453125 0.0640625
2 0.5359375 0.57109375 0.0265625 0.04375