2 0.11875 0.3140625 0.003125 0.00625
2 0.69609375 0.39609375 0.003125 0.0078125
3 0.1046875 0.328125 0.0046875 0.009375
3 0.0546875 0.33515625 0.0046875 0.0109375
2 0.76875 0.4265625 0.0046875 0.0109375
4 0.79453125 0.4328125 0.0046875 0.009375
2 0.7203125 0.4046875 0.003125 0.009375
2 0.753125 0.41875 0.003125 0.009375
2 0.74140625 0.41953125 0.0046875 0.0109375
3 0.0828125 0.3375 0.0046875 0.0109375
4 0.840625 0.453125 0.0046875 0.0125
2 0.6859375 0.4078125 0.00625 0.0140625
4 0.78515625 0.44375 0.00625 0.0171875
4 0.82109375 0.4484375 0.0046875 0.0125
4 0.8046875 0.44609375 0.00625 0.0140625
2 0.63359375 0.39921875 0.0078125 0.01875
4 0.765625 0.44609375 0.0078125 0.0203125
2 0.57890625 0.39609375 0.009375 0.021875
4 0.74765625 0.4546875 0.0125 0.028125
2 0.49453125 0.39453125 0.0125 0.0265625
4 0.7140625 0.4609375 0.015625 0.0359375
4 0.6734375 0.47578125 0.0234375 0.046875
2 0.3296875 0.42890625 0.025 0.0484375
4 0.6546875 0.5328125 0.0375 0.071875
4 0.82421875 0.44609375 0.003125 0.0078125
4 0.8421875 0.45390625 0.003125 0.0109375