4 0.91796875 0.36328125 0.00625 0.0109375
4 0.8984375 0.35703125 0.00625 0.0109375
4 0.8640625 0.35234375 0.009375 0.0140625
4 0.8609375 0.35234375 0.0078125 0.015625
4 0.9046875 0.3640625 0.00625 0.0109375
2 0.965625 0.3859375 0.0046875 0.0078125
2 0.96796875 0.390625 0.00625 0.0109375
2 0.93125 0.39296875 0.009375 0.0171875
4 0.91328125 0.3640625 0.00625 0.0109375
2 0.94609375 0.38359375 0.00625 0.0109375
4 0.88046875 0.3546875 0.0078125 0.0125
4 0.8515625 0.35234375 0.009375 0.015625
4 0.80859375 0.35078125 0.0140625 0.021875
4 0.83515625 0.353125 0.009375 0.0171875
2 0.21328125 0.2484375 0.0140625 0.0234375
2 0.92109375 0.396875 0.0125 0.0203125
4 0.76875 0.34609375 0.0171875 0.025
2 0.896875 0.3984375 0.0140625 0.0234375
4 0.45625 0.3296875 0.03125 0.0453125
4 0.6859375 0.3359375 0.0203125 0.0296875
2 0.8203125 0.39609375 0.0203125 0.0359375
4 0.625 0.3328125 0.021875 0.0328125
2 0.71953125 0.4234375 0.0359375 0.0609375
2 0.690625 0.740625 0.11875 0.2015625