4 0.565625 0.259375 0.0046875 0.0109375
4 0.6 0.253125 0.0046875 0.0078125
2 0.6609375 0.2640625 0.003125 0.0125
2 0.12890625 0.284375 0.0046875 0.0140625
2 0.153125 0.278125 0.0046875 0.0125
2 0.65078125 0.27265625 0.0046875 0.0140625
2 0.6375 0.2828125 0.0078125 0.01875
2 0.62265625 0.30703125 0.0109375 0.028125
4 0.5328125 0.26640625 0.00625 0.0140625
4 0.4921875 0.27421875 0.00625 0.0171875
4 0.40625 0.2984375 0.0109375 0.0265625
2 0.66484375 0.47109375 0.046875 0.0953125
4 0.584375 0.25625 0.0046875 0.009375