2 0.4015625 0.60078125 0.0484375 0.0734375
2 0.36875 0.5484375 0.0453125 0.0640625
2 0.57421875 0.590625 0.0328125 0.0578125
2 0.496875 0.5484375 0.0328125 0.0359375
2 0.41796875 0.5765625 0.0328125 0.0625
2 0.42265625 0.55703125 0.0484375 0.046875
2 0.39765625 0.534375 0.03125 0.053125
4 0.58125 0.62421875 0.04375 0.0671875
4 0.55234375 0.54375 0.0359375 0.0484375
4 0.509375 0.60390625 0.0421875 0.0671875
4 0.4765625 0.57734375 0.046875 0.0484375
4 0.52109375 0.56015625 0.03125 0.0390625
4 0.48359375 0.5140625 0.0265625 0.0421875
4 0.42109375 0.5078125 0.03125 0.0453125