2 0.453125 0.51796875 0.003125 0.0078125
2 0.42265625 0.53671875 0.0078125 0.01875
2 0.47890625 0.515625 0.003125 0.0078125
2 0.4203125 0.54609375 0.0109375 0.025
4 0.5078125 0.51875 0.009375 0.015625
4 0.5015625 0.51640625 0.00625 0.0125
2 0.4421875 0.52578125 0.00625 0.0109375
2 0.46484375 0.51875 0.0046875 0.0078125
4 0.94296875 0.584375 0.0484375 0.11875
4 0.55 0.51640625 0.0140625 0.0203125
2 0.41640625 0.5578125 0.01875 0.0328125
4 0.6015625 0.52421875 0.01875 0.034375
2 0.34140625 0.621875 0.04375 0.06875
4 0.72734375 0.5453125 0.040625 0.0640625
4 0.51015625 0.5125 0.0046875 0.0109375
4 0.5234375 0.5078125 0.0046875 0.0109375
4 0.52890625 0.50234375 0.003125 0.00625
4 0.53984375 0.50234375 0.003125 0.009375
4 0.54296875 0.50078125 0.003125 0.00625
2 0.4890625 0.51328125 0.003125 0.00625
2 0.4859375 0.5125 0.003125 0.0078125
2 0.475 0.51484375 0.003125 0.00625