2 0.63203125 0.40078125 0.0359375 0.065625
2 0.4 0.33203125 0.01875 0.0390625
2 0.384375 0.30625 0.0125 0.028125
2 0.41875 0.2921875 0.009375 0.0234375
2 0.45859375 0.28359375 0.0078125 0.0171875
2 0.49375 0.278125 0.00625 0.0140625
2 0.49921875 0.275 0.0046875 0.0109375
2 0.4890625 0.2703125 0.0046875 0.0125
2 0.48359375 0.26796875 0.0046875 0.0109375
4 0.153125 0.45859375 0.040625 0.084375
4 0.128125 0.38203125 0.0265625 0.05
4 0.1484375 0.34296875 0.0171875 0.034375
4 0.22578125 0.3109375 0.0125 0.0265625
2 0.21328125 0.29140625 0.009375 0.021875
4 0.196875 0.29765625 0.0109375 0.0140625
4 0.30078125 0.2921875 0.009375 0.021875
4 0.35703125 0.28125 0.009375 0.01875
4 0.4 0.2765625 0.0078125 0.0171875
4 0.41171875 0.27265625 0.0046875 0.015625
4 0.41484375 0.2703125 0.0046875 0.0140625
4 0.40703125 0.26640625 0.003125 0.0125
4 0.43515625 0.259375 0.0046875 0.0109375
4 0.41328125 0.26015625 0.003125 0.0109375