4 0.8109375 0.60390625 0.04921875 0.1
4 0.7390625 0.4859375 0.00625 0.015625
4 0.76171875 0.48125 0.0046875 0.01328125
4 0.78359375 0.5234375 0.01953125 0.04375
4 0.821875 0.50390625 0.0125 0.02890625
4 0.8921875 0.496875 0.009375 0.0234375
4 0.8484375 0.48046875 0.00390625 0.01171875
4 0.89609375 0.48203125 0.0046875 0.01796875
4 0.83046875 0.478125 0.00390625 0.009375
4 0.8515625 0.478125 0.00234375 0.0109375
2 0.41953125 0.54765625 0.02578125 0.05625
2 0.58671875 0.50703125 0.0125 0.0296875
2 0.66328125 0.49609375 0.009375 0.0234375
2 0.7484375 0.4890625 0.00625 0.01875
2 0.7328125 0.484375 0.0046875 0.015625
2 0.8078125 0.4875 0.00546875 0.0171875
2 0.75703125 0.48125 0.00390625 0.01171875
2 0.77109375 0.478125 0.003125 0.0109375
2 0.79921875 0.48203125 0.003125 0.0109375