0 0.1296875 0.36875 0.015625 0.0125
2 0.4328125 0.43828125 0.0203125 0.0296875
4 0.6 0.5171875 0.028125 0.04375
4 0.5921875 0.496875 0.0328125 0.028125
2 0.41640625 0.428125 0.01875 0.028125
2 0.40078125 0.421875 0.01875 0.0265625
2 0.43203125 0.45625 0.0234375 0.0375
4 0.525 0.440625 0.01875 0.028125
2 0.409375 0.475 0.0265625 0.0421875
4 0.5609375 0.4515625 0.01875 0.028125
4 0.58359375 0.46796875 0.0203125 0.03125
4 0.61015625 0.5390625 0.034375 0.0515625
2 0.3875 0.50234375 0.0359375 0.053125
4 0.6203125 0.6234375 0.05 0.0765625
2 0.34375 0.57109375 0.053125 0.0765625