2 0.71484375 0.4546875 0.053125 0.1015625
2 0.56875 0.3703125 0.0296875 0.059375
2 0.52734375 0.340625 0.021875 0.04375
2 0.4421875 0.328125 0.01875 0.0375
2 0.34921875 0.33125 0.0140625 0.03125
2 0.246875 0.346875 0.0125 0.0296875
2 0.2859375 0.3125 0.00625 0.0140625
2 0.12265625 0.37578125 0.0125 0.028125
4 0.11875 0.4515625 0.025 0.0546875
4 0.5109375 0.2765625 0.009375 0.01875
4 0.17421875 0.33984375 0.0046875 0.0140625
4 0.29921875 0.30703125 0.0046875 0.0140625
4 0.40234375 0.284375 0.00625 0.0140625
2 0.3578125 0.29609375 0.00625 0.015625
2 0.20859375 0.33203125 0.0046875 0.015625
2 0.51953125 0.27421875 0.0078125 0.01875
2 0.49765625 0.26875 0.00625 0.015625
2 0.43671875 0.28203125 0.00625 0.0140625
4 0.35390625 0.29453125 0.0046875 0.015625
2 0.0703125 0.3734375 0.0046875 0.0140625
2 0.85390625 0.25625 0.00625 0.015625
2 0.8703125 0.25625 0.00625 0.0171875
4 0.24140625 0.31875 0.0046875 0.0171875
4 0.446875 0.27578125 0.0046875 0.0125
4 0.48203125 0.26953125 0.0046875 0.009375
2 0.54296875 0.26015625 0.0046875 0.0125
4 0.178125 0.3375 0.003125 0.0078125
4 0.25234375 0.31953125 0.003125 0.0078125