4 0.62265625 0.5171875 0.0421875 0.075
4 0.653125 0.44296875 0.021875 0.0390625
4 0.803125 0.4734375 0.0234375 0.0421875
4 0.08359375 0.41171875 0.00625 0.015625
4 0.13515625 0.39921875 0.00625 0.015625
4 0.184375 0.3859375 0.00625 0.0125
2 0.12265625 0.41328125 0.009375 0.01875
2 0.21796875 0.3890625 0.00625 0.0171875
2 0.2640625 0.375 0.0046875 0.0125
2 0.2078125 0.46875 0.0234375 0.0484375
2 0.3796875 0.39765625 0.0109375 0.025
2 0.5734375 0.39296875 0.009375 0.0234375
2 0.7078125 0.4078125 0.0109375 0.021875
2 0.88046875 0.45234375 0.009375 0.0234375
4 0.234375 0.3734375 0.003125 0.00625
4 0.215625 0.3765625 0.003125 0.009375
4 0.25 0.36640625 0.0015625 0.00625
2 0.28671875 0.36875 0.003125 0.0078125
2 0.28828125 0.36484375 0.0015625 0.0078125
2 0.31875 0.3609375 0.003125 0.00625
2 0.2984375 0.36328125 0.0015625 0.00625
2 0.2734375 0.36328125 0.0015625 0.00625
4 0.46953125 0.3578125 0.003125 0.0078125