4 0.14921875 0.58203125 0.00625 0.01796875
4 0.16875 0.5921875 0.00703125 0.01796875
4 0.22890625 0.584375 0.0046875 0.01328125
4 0.2671875 0.609375 0.015625 0.03359375
4 0.275 0.58515625 0.0046875 0.01484375
4 0.328125 0.590625 0.00625 0.01640625
4 0.4 0.59609375 0.00859375 0.02109375
4 0.4078125 0.62421875 0.02109375 0.040625
4 0.52421875 0.5984375 0.01171875 0.02421875
4 0.63125 0.59140625 0.01171875 0.025
4 0.71328125 0.578125 0.0109375 0.02109375
4 0.76640625 0.5671875 0.0078125 0.0171875
4 0.76171875 0.5625 0.0046875 0.01640625
4 0.66640625 0.65859375 0.0375 0.0703125
2 0.44921875 0.58359375 0.0046875 0.0109375
2 0.50859375 0.584375 0.00546875 0.0125
2 0.61171875 0.5796875 0.00625 0.01171875
2 0.6546875 0.571875 0.00390625 0.01015625