2 0.35 0.5953125 0.03984375 0.08671875
2 0.403125 0.52734375 0.009375 0.02109375
2 0.43046875 0.51328125 0.0078125 0.02265625
2 0.42578125 0.50546875 0.0046875 0.01640625
2 0.41875 0.5 0.0046875 0.0125
2 0.4109375 0.4984375 0.0046875 0.0109375
4 0.40234375 0.49296875 0.00390625 0.00859375
4 0.4390625 0.49296875 0.00390625 0.01015625
4 0.459375 0.49375 0.0046875 0.01015625
4 0.47890625 0.49296875 0.00546875 0.0140625
4 0.5125 0.49453125 0.00703125 0.01484375
2 0.40078125 0.496875 0.00390625 0.00859375
2 0.38828125 0.49609375 0.00234375 0.00703125
4 0.421875 0.49296875 0.00234375 0.00703125
2 0.3734375 0.4953125 0.00390625 0.0078125
4 0.384375 0.49375 0.00390625 0.0078125