2 0.33359375 0.56171875 0.05625 0.09375
2 0.39921875 0.50625 0.0140625 0.021875
2 0.42890625 0.4984375 0.0125 0.0234375
2 0.4265625 0.48984375 0.0078125 0.0171875
2 0.4203125 0.4828125 0.0078125 0.0125
2 0.41328125 0.4796875 0.00625 0.0109375
4 0.40625 0.47265625 0.00625 0.009375
4 0.4421875 0.48046875 0.00625 0.0109375
4 0.46171875 0.48515625 0.00625 0.0109375
4 0.48046875 0.4890625 0.0078125 0.015625
4 0.51328125 0.496875 0.009375 0.015625
2 0.40390625 0.4765625 0.00625 0.009375
2 0.39140625 0.47265625 0.003125 0.0078125
4 0.425 0.4765625 0.003125 0.0078125
2 0.37734375 0.46875 0.0046875 0.0078125
4 0.38828125 0.46953125 0.0046875 0.0078125