4 0.3515625 0.303125 0.00546875 0.01171875
4 0.34140625 0.29765625 0.0046875 0.009375
4 0.40078125 0.3 0.00390625 0.0078125
2 0.29453125 0.2875 0.003125 0.00703125
4 0.11171875 0.2984375 0.00390625 0.01171875
4 0.2796875 0.29375 0.0046875 0.01171875
4 0.41953125 0.31484375 0.00625 0.0125
4 0.37734375 0.3 0.0046875 0.009375
4 0.15546875 0.29375 0.00390625 0.01171875
4 0.1921875 0.29921875 0.00625 0.01328125
4 0.51796875 0.33828125 0.00703125 0.0140625
2 0.25 0.31171875 0.00625 0.01640625
2 0.1203125 0.31640625 0.00546875 0.015625
4 0.27421875 0.3 0.00546875 0.01328125
2 0.34921875 0.31796875 0.00703125 0.0171875
4 0.12578125 0.3015625 0.00390625 0.01328125
2 0.425 0.3359375 0.00703125 0.01796875
4 0.60546875 0.3703125 0.00625 0.01640625
2 0.46171875 0.35625 0.01015625 0.02265625
4 0.7046875 0.41328125 0.00859375 0.01875
4 0.7703125 0.46015625 0.0125 0.0296875
2 0.49609375 0.3859375 0.01484375 0.03125
4 0.8453125 0.5375 0.01875 0.04609375
2 0.45625 0.50546875 0.040625 0.08671875
4 0.41953125 0.29921875 0.00234375 0.00859375
4 0.4140625 0.29609375 0.00234375 0.00703125
2 0.25078125 0.284375 0.00234375 0.0078125