2 0.38984375 0.4203125 0.01953125 0.04140625
2 0.41484375 0.37890625 0.0078125 0.02421875
2 0.41171875 0.36015625 0.00625 0.01796875
2 0.4078125 0.34921875 0.0046875 0.0140625
2 0.37109375 0.33828125 0.003125 0.009375
2 0.4015625 0.340625 0.003125 0.01015625
2 0.11875 0.36171875 0.00625 0.01484375
2 0.209375 0.3453125 0.00390625 0.01015625
2 0.253125 0.33671875 0.00234375 0.00859375
2 0.29921875 0.3328125 0.0046875 0.0109375
2 0.34921875 0.33515625 0.003125 0.01015625
2 0.353125 0.328125 0.00234375 0.0078125
2 0.33671875 0.33046875 0.00234375 0.00859375
2 0.334375 0.3328125 0.003125 0.009375
4 0.73515625 0.76796875 0.06640625 0.15859375
4 0.60703125 0.446875 0.01875 0.04140625
4 0.5421875 0.39296875 0.01015625 0.0234375
4 0.509375 0.37109375 0.00703125 0.01796875
4 0.48984375 0.359375 0.00546875 0.015625
4 0.47890625 0.35078125 0.0046875 0.01328125
4 0.46640625 0.3453125 0.00390625 0.0125
4 0.44609375 0.340625 0.003125 0.0109375
4 0.0640625 0.36484375 0.00390625 0.01484375
4 0.15 0.346875 0.00390625 0.0125
4 0.2015625 0.3375 0.00234375 0.0109375
4 0.225 0.33203125 0.00234375 0.00859375
4 0.24140625 0.3265625 0.00234375 0.00859375
4 0.41640625 0.33671875 0.00390625 0.009375
4 0.39140625 0.33125 0.003125 0.01015625
4 0.39609375 0.33359375 0.003125 0.009375