2 0.2546875 0.609375 0.0359375 0.059375
2 0.33515625 0.55 0.01875 0.0328125
2 0.3640625 0.52734375 0.0109375 0.021875
2 0.378125 0.51640625 0.00625 0.015625
2 0.38203125 0.51171875 0.0046875 0.0109375
2 0.384375 0.50546875 0.0046875 0.009375
2 0.37421875 0.5046875 0.0046875 0.0078125
4 0.5171875 0.48984375 0.0109375 0.01875
4 0.4921875 0.48828125 0.0078125 0.015625
4 0.4734375 0.4875 0.00625 0.0109375
4 0.465625 0.4859375 0.003125 0.0078125
4 0.46171875 0.48515625 0.003125 0.0078125
4 0.4421875 0.4859375 0.003125 0.0078125
4 0.41640625 0.4890625 0.003125 0.0078125
3 0.11953125 0.6171875 0.0109375 0.0296875
3 0.290625 0.5671875 0.0109375 0.0296875
3 0.23046875 0.56484375 0.0078125 0.0171875
3 0.26875 0.5453125 0.00625 0.0125
3 0.3296875 0.5375 0.00625 0.0171875
3 0.340625 0.521875 0.0046875 0.0109375
3 0.3375 0.51640625 0.003125 0.009375