2 0.77265625 0.50625 0.0453125 0.0984375
2 0.653125 0.37421875 0.0234375 0.046875
2 0.62578125 0.3359375 0.0140625 0.0328125
2 0.63359375 0.3140625 0.009375 0.025
2 0.65546875 0.3015625 0.00625 0.01875
2 0.64296875 0.28984375 0.0078125 0.015625
2 0.61015625 0.2828125 0.0078125 0.015625
2 0.184375 0.3125 0.0078125 0.01875
2 0.278125 0.29765625 0.0078125 0.0171875
2 0.34765625 0.28828125 0.0078125 0.0140625
2 0.396875 0.2828125 0.0078125 0.0140625
2 0.5359375 0.278125 0.00625 0.0140625
2 0.4625 0.2796875 0.0046875 0.0125
4 0.24140625 0.3171875 0.0125 0.0234375
4 0.35703125 0.29765625 0.0078125 0.021875
4 0.41171875 0.290625 0.00625 0.01875
4 0.4609375 0.28515625 0.0078125 0.0171875
4 0.465625 0.30625 0.0125 0.025
4 0.51171875 0.29453125 0.009375 0.0203125
4 0.50859375 0.28515625 0.00625 0.015625
4 0.5265625 0.28828125 0.0078125 0.0171875
4 0.39921875 0.33046875 0.0140625 0.0328125
4 0.32421875 0.36953125 0.0234375 0.046875