2 0.8890625 0.56328125 0.103125 0.1703125
2 0.6328125 0.38984375 0.046875 0.0765625
2 0.621875 0.33671875 0.03125 0.0546875
2 0.665625 0.30546875 0.028125 0.04375
2 0.675 0.28125 0.01875 0.0328125
2 0.62890625 0.271875 0.0171875 0.0296875
2 0.5734375 0.275 0.015625 0.0265625
2 0.53359375 0.275 0.0140625 0.0234375
2 0.5390625 0.2671875 0.0109375 0.0203125
2 0.55703125 0.25703125 0.0109375 0.0203125
2 0.5578125 0.25078125 0.0078125 0.0140625
4 0.2984375 0.38515625 0.028125 0.0484375
4 0.390625 0.34375 0.021875 0.0390625
4 0.4015625 0.315625 0.0171875 0.03125
4 0.35546875 0.31875 0.015625 0.0265625
4 0.4625 0.31796875 0.01875 0.0359375
4 0.46796875 0.31171875 0.015625 0.0328125
4 0.40078125 0.29765625 0.0125 0.0234375
4 0.43046875 0.2828125 0.0109375 0.0203125
4 0.46015625 0.27265625 0.0078125 0.015625
4 0.46953125 0.265625 0.0078125 0.0140625