4 0.909375 0.5421875 0.01796875 0.04296875
4 0.73359375 0.41484375 0.0109375 0.0296875
4 0.58359375 0.34921875 0.0078125 0.02109375
4 0.56171875 0.325 0.00546875 0.01484375
4 0.60390625 0.33125 0.00390625 0.0109375
4 0.49765625 0.3234375 0.00625 0.01796875
4 0.5078125 0.315625 0.0046875 0.01328125
4 0.40078125 0.31015625 0.00546875 0.015625
4 0.4328125 0.3046875 0.0046875 0.01171875
4 0.3109375 0.30234375 0.00625 0.0140625
4 0.2578125 0.2984375 0.00390625 0.01328125
4 0.2640625 0.29375 0.003125 0.01171875
2 0.14453125 0.3125 0.0046875 0.015625
2 0.1515625 0.30234375 0.00390625 0.0125
2 0.19609375 0.31640625 0.00546875 0.01796875
2 0.3109375 0.321875 0.00703125 0.0203125
2 0.4234375 0.3390625 0.0078125 0.02421875
2 0.4953125 0.38125 0.01484375 0.03515625
2 0.41640625 0.45625 0.0296875 0.0671875
4 0.31015625 0.29140625 0.003125 0.00859375
2 0.2296875 0.29140625 0.00234375 0.00703125
2 0.28828125 0.2875 0.0015625 0.00625
2 0.54375 0.3125 0.00234375 0.00703125
2 0.478125 0.303125 0.00234375 0.00703125
2 0.47578125 0.29765625 0.00234375 0.00703125
2 0.56875 0.315625 0.00234375 0.00546875
4 0.6375 0.33515625 0.003125 0.01015625
4 0.63046875 0.328125 0.00234375 0.00625
4 0.365625 0.296875 0.0046875 0.0109375