2 0.715625 0.4296875 0.0328125 0.07421875
2 0.5765625 0.3375 0.01484375 0.0421875
2 0.63515625 0.3015625 0.01015625 0.02890625
2 0.72734375 0.28984375 0.00703125 0.02109375
2 0.81015625 0.28828125 0.0046875 0.0171875
2 0.84453125 0.2875 0.0046875 0.01484375
4 0.275 0.36640625 0.02421875 0.04609375
4 0.11015625 0.32578125 0.00859375 0.021875
2 0.08984375 0.31875 0.00625 0.01875
2 0.1546875 0.303125 0.00625 0.01640625
4 0.41875 0.309375 0.015625 0.03046875
4 0.49765625 0.2890625 0.009375 0.02578125
4 0.60078125 0.27890625 0.0078125 0.021875
4 0.64765625 0.275 0.00703125 0.01953125
4 0.71796875 0.2734375 0.00546875 0.01796875
4 0.7578125 0.27265625 0.0046875 0.01640625
4 0.78984375 0.27265625 0.00390625 0.0140625
4 0.8109375 0.26875 0.00390625 0.01328125
4 0.82421875 0.26953125 0.0046875 0.0125
4 0.8328125 0.26875 0.00390625 0.01015625