4 0.11953125 0.51328125 0.00625 0.015625
4 0.11171875 0.5109375 0.00625 0.01328125
4 0.290625 0.5171875 0.00625 0.01640625
4 0.1984375 0.51796875 0.00703125 0.01796875
4 0.35390625 0.521875 0.00859375 0.01875
4 0.4421875 0.52265625 0.009375 0.0203125
4 0.15546875 0.51484375 0.00703125 0.0171875
4 0.55078125 0.528125 0.01015625 0.021875
4 0.23984375 0.51875 0.0078125 0.0171875
2 0.2046875 0.53125 0.01015625 0.02578125
2 0.29375 0.53515625 0.0125 0.02890625
2 0.09375 0.52421875 0.00859375 0.0203125
2 0.1296875 0.528125 0.009375 0.02421875
4 0.6578125 0.5421875 0.0171875 0.03359375
2 0.36875 0.53828125 0.01328125 0.03125
2 0.4296875 0.55234375 0.01953125 0.040625
2 0.41171875 0.54375 0.015625 0.03359375
2 0.12578125 0.73046875 0.07421875 0.16484375
4 0.7890625 0.58046875 0.0328125 0.06015625
2 0.36953125 0.590625 0.02890625 0.0640625