4 0.74765625 0.340625 0.0046875 0.0078125
2 0.58828125 0.34921875 0.0046875 0.009375
2 0.66484375 0.3421875 0.0046875 0.009375
4 0.7015625 0.34296875 0.0046875 0.009375
2 0.7125 0.35625 0.0078125 0.0125
4 0.71796875 0.34609375 0.0046875 0.0078125
2 0.69296875 0.3484375 0.0046875 0.009375
4 0.778125 0.36796875 0.00625 0.0109375
4 0.7859375 0.36640625 0.0046875 0.0109375
4 0.7578125 0.35234375 0.00625 0.0109375
2 0.725 0.353125 0.0046875 0.0109375
4 0.734375 0.34921875 0.0046875 0.0109375
2 0.6890625 0.3578125 0.0078125 0.0125
2 0.6671875 0.36015625 0.0078125 0.0125
2 0.5890625 0.37265625 0.0109375 0.01875
4 0.75234375 0.37265625 0.0078125 0.0140625
4 0.765625 0.36875 0.0078125 0.0125
2 0.64296875 0.3640625 0.0078125 0.015625
4 0.7390625 0.37578125 0.009375 0.015625
4 0.71953125 0.38046875 0.0109375 0.0171875
2 0.51328125 0.38671875 0.0140625 0.025
4 0.703125 0.3859375 0.0140625 0.0234375
4 0.67890625 0.39453125 0.0171875 0.0296875
2 0.4390625 0.409375 0.01875 0.03125
4 0.65703125 0.4078125 0.0203125 0.034375
4 0.64453125 0.440625 0.0296875 0.05
4 0.64765625 0.4984375 0.04375 0.0765625
4 0.86171875 0.6953125 0.0984375 0.16875
2 0.31640625 0.46875 0.03125 0.05
2 0.56875 0.34765625 0.0046875 0.009375
4 0.78203125 0.35859375 0.0046875 0.009375
4 0.7875 0.36328125 0.0046875 0.0109375
4 0.72578125 0.33984375 0.003125 0.0078125
4 0.709375 0.33984375 0.003125 0.0078125