4 0.19609375 0.34140625 0.0078125 0.0125
2 0.08125 0.40078125 0.0078125 0.0125
4 0.19921875 0.3421875 0.0078125 0.0125
2 0.2765625 0.31328125 0.0078125 0.0125
2 0.26015625 0.31484375 0.0078125 0.0125
4 0.2453125 0.340625 0.0109375 0.0171875
2 0.36640625 0.29453125 0.009375 0.0171875
4 0.209375 0.340625 0.0078125 0.0125
4 0.10625 0.38984375 0.0078125 0.0125
4 0.22578125 0.3375 0.009375 0.015625
2 0.3328125 0.30078125 0.009375 0.0140625
4 0.07265625 0.41015625 0.009375 0.0140625
2 0.3046875 0.3078125 0.009375 0.015625
2 0.34765625 0.3109375 0.0125 0.0203125
4 0.2140625 0.35625 0.0125 0.01875
2 0.27109375 0.34609375 0.0125 0.0234375
2 0.29921875 0.34140625 0.0140625 0.025
2 0.37109375 0.3265625 0.01875 0.0296875
4 0.1375 0.40546875 0.015625 0.025
4 0.16796875 0.38125 0.0125 0.0203125
4 0.16171875 0.40859375 0.01875 0.0296875
2 0.46328125 0.31953125 0.0265625 0.0390625
4 0.21328125 0.403125 0.0234375 0.0375
2 0.553125 0.334375 0.0375 0.05625
4 0.22578125 0.46171875 0.0375 0.0609375
2 0.8140625 0.421875 0.071875 0.1140625