4 0.6671875 0.57421875 0.07109375 0.13359375
4 0.29609375 0.4703125 0.04453125 0.08828125
4 0.4515625 0.4140625 0.03515625 0.05703125
4 0.56328125 0.40390625 0.02265625 0.046875
4 0.62734375 0.41640625 0.02578125 0.05078125
4 0.57421875 0.459375 0.0421875 0.078125
2 0.42421875 0.71015625 0.1171875 0.20390625
2 0.18984375 0.58515625 0.0703125 0.1390625
2 0.6765625 0.46875 0.0484375 0.078125
2 0.5140625 0.428125 0.03828125 0.040625
2 0.534375 0.37734375 0.01015625 0.0234375
2 0.6015625 0.3859375 0.01015625 0.025
2 0.61875 0.39140625 0.01171875 0.028125