4 0.41484375 0.39375 0.0359375 0.059375
4 0.5859375 0.27421875 0.0109375 0.021875
4 0.58046875 0.28359375 0.0140625 0.025
4 0.5609375 0.27109375 0.0109375 0.0203125
4 0.559375 0.2984375 0.01875 0.0328125
4 0.5171875 0.32421875 0.025 0.040625
4 0.50859375 0.27578125 0.0109375 0.01875
4 0.4234375 0.28515625 0.009375 0.0140625
4 0.44609375 0.28359375 0.0078125 0.015625
2 0.8265625 0.39375 0.053125 0.0859375
2 0.78984375 0.30078125 0.0234375 0.0453125
2 0.76171875 0.278125 0.01875 0.0328125
2 0.7359375 0.26640625 0.0171875 0.028125
2 0.72265625 0.25703125 0.0109375 0.021875
2 0.6296875 0.253125 0.0109375 0.01875
2 0.6765625 0.253125 0.0109375 0.0203125
2 0.56953125 0.25859375 0.009375 0.015625
2 0.51640625 0.2640625 0.0078125 0.0140625
4 0.40546875 0.28671875 0.0078125 0.0140625
4 0.12578125 0.396875 0.0125 0.0203125
4 0.1796875 0.36875 0.0109375 0.01875
4 0.21796875 0.35 0.0078125 0.0125
4 0.24375 0.33828125 0.0078125 0.0140625
4 0.26640625 0.3265625 0.00625 0.0125
2 0.4953125 0.26640625 0.00625 0.0140625
2 0.09375 0.40234375 0.0109375 0.01875
2 0.14453125 0.37734375 0.0078125 0.015625
2 0.18984375 0.35625 0.0078125 0.0140625
4 0.39765625 0.28515625 0.00625 0.0125