2 0.7828125 0.67421875 0.059375 0.0953125
2 0.63984375 0.41328125 0.0140625 0.021875
2 0.5828125 0.38515625 0.009375 0.015625
2 0.5078125 0.38515625 0.00625 0.0109375
2 0.075 0.47734375 0.00625 0.015625
2 0.12265625 0.4609375 0.0046875 0.0125
4 0.0890625 0.71328125 0.0453125 0.084375
4 0.46328125 0.4203125 0.015625 0.021875
4 0.44140625 0.3953125 0.0078125 0.0125
4 0.4875 0.39609375 0.0078125 0.0140625
4 0.06875 0.49765625 0.0109375 0.0203125
4 0.18671875 0.453125 0.00625 0.0171875
4 0.25078125 0.43046875 0.0046875 0.0109375
2 0.0890625 0.46328125 0.0046875 0.0078125
2 0.071875 0.46484375 0.0046875 0.009375
2 0.0890625 0.45625 0.0046875 0.00625
4 0.17421875 0.4375 0.003125 0.0046875
4 0.21953125 0.4265625 0.0046875 0.00625
4 0.20078125 0.428125 0.003125 0.003125
4 0.26015625 0.41328125 0.0015625 0.0046875
2 0.209375 0.42265625 0.003125 0.0046875
4 0.2921875 0.40625 0.003125 0.0046875
4 0.378125 0.3984375 0.0046875 0.0078125
2 0.3296875 0.39609375 0.0046875 0.0078125
2 0.421875 0.3875 0.0046875 0.0078125
4 0.3796875 0.390625 0.0015625 0.0046875
4 0.33046875 0.4015625 0.0046875 0.0078125
2 0.13828125 0.4515625 0.003125 0.0109375
2 0.15859375 0.43828125 0.0015625 0.0046875
2 0.265625 0.409375 0.0015625 0.003125