2 0.915625 0.84453125 0.05625 0.0921875
2 0.7546875 0.45234375 0.0453125 0.0921875
2 0.72109375 0.36640625 0.0296875 0.0546875
2 0.6875 0.3203125 0.015625 0.0359375
2 0.5984375 0.29765625 0.015625 0.028125
2 0.528125 0.28671875 0.0125 0.0265625
2 0.48515625 0.2765625 0.0078125 0.0203125
2 0.49296875 0.271875 0.0078125 0.01875
2 0.5 0.26875 0.0078125 0.0171875
2 0.52890625 0.2640625 0.0078125 0.0171875
4 0.38125 0.35625 0.025 0.0484375
4 0.446875 0.3234375 0.01875 0.0375
4 0.40859375 0.31171875 0.0140625 0.03125
4 0.36171875 0.3 0.0109375 0.0265625
4 0.3515625 0.28515625 0.0078125 0.01875
4 0.3828125 0.27578125 0.0078125 0.01875
4 0.4125 0.26953125 0.0046875 0.0171875
4 0.45 0.2640625 0.00625 0.015625
4 0.46875 0.2609375 0.0046875 0.0140625
4 0.47421875 0.2578125 0.0046875 0.0125
4 0.4796875 0.25390625 0.0046875 0.0140625
4 0.48359375 0.2515625 0.003125 0.009375
2 0.54296875 0.25 0.003125 0.009375
2 0.54609375 0.25234375 0.0046875 0.009375
2 0.5515625 0.25546875 0.003125 0.0125
2 0.55390625 0.26015625 0.0046875 0.0140625