4 0.434375 0.478125 0.0046875 0.0078125
3 0.296875 0.4890625 0.0046875 0.0109375
2 0.38359375 0.48828125 0.00625 0.0125
2 0.37734375 0.4859375 0.003125 0.0109375
3 0.35390625 0.49375 0.0046875 0.0125
4 0.44921875 0.48046875 0.0046875 0.009375
3 0.27578125 0.49453125 0.00625 0.0125
3 0.16015625 0.5125 0.0109375 0.0234375
3 0.28984375 0.51484375 0.0125 0.025
4 0.4625 0.4859375 0.0046875 0.0109375
4 0.48203125 0.49140625 0.0078125 0.0140625
2 0.3921875 0.4984375 0.009375 0.01875
4 0.52109375 0.4984375 0.009375 0.01875
2 0.38046875 0.5109375 0.0140625 0.028125
2 0.30703125 0.54296875 0.0296875 0.05625
3 0.36484375 0.4875 0.003125 0.0109375
3 0.35703125 0.484375 0.003125 0.0109375
3 0.30234375 0.48359375 0.003125 0.009375
2 0.375 0.48203125 0.003125 0.009375
2 0.371875 0.48046875 0.003125 0.0078125
4 0.42109375 0.475 0.003125 0.0078125
2 0.36640625 0.47578125 0.0046875 0.0078125
4 0.4140625 0.47265625 0.003125 0.0078125
4 0.41015625 0.471875 0.003125 0.00625
4 0.39609375 0.46875 0.0046875 0.0078125
4 0.37578125 0.46796875 0.003125 0.0078125