4 0.22109375 0.54921875 0.0046875 0.01015625
4 0.15078125 0.54296875 0.00390625 0.00859375
4 0.13984375 0.54609375 0.0046875 0.0140625
2 0.1234375 0.54296875 0.00390625 0.0109375
4 0.1390625 0.55078125 0.0046875 0.0140625
4 0.18515625 0.55 0.0046875 0.0125
4 0.08203125 0.5484375 0.00546875 0.015625
4 0.1546875 0.5640625 0.0078125 0.01875
2 0.06796875 0.58984375 0.00859375 0.03828125
4 0.2875 0.5796875 0.01171875 0.025
4 0.41953125 0.6 0.0140625 0.03125
4 0.64453125 0.62421875 0.02421875 0.0515625