4 0.759375 0.38125 0.003125 0.00625
2 0.5546875 0.38125 0.0046875 0.0078125
4 0.684375 0.37890625 0.0046875 0.0078125
2 0.553125 0.38125 0.0046875 0.009375
4 0.87890625 0.40078125 0.0046875 0.0078125
2 0.55390625 0.390625 0.0078125 0.0125
4 0.72265625 0.38046875 0.003125 0.0078125
4 0.73359375 0.3796875 0.0046875 0.00625
2 0.69375 0.37578125 0.0046875 0.00625
2 0.79609375 0.38515625 0.003125 0.00625
2 0.675 0.37578125 0.0046875 0.00625
2 0.58984375 0.378125 0.0046875 0.00625
2 0.70546875 0.37578125 0.003125 0.00625
4 0.6421875 0.378125 0.0046875 0.0078125
2 0.49453125 0.38984375 0.00625 0.009375
4 0.62265625 0.38125 0.00625 0.0078125
2 0.353125 0.403125 0.00625 0.0109375
4 0.55390625 0.390625 0.0078125 0.0125
2 0.21484375 0.428125 0.0078125 0.0125
2 0.1109375 0.46171875 0.009375 0.0171875
4 0.36484375 0.41171875 0.009375 0.0140625
4 0.2375 0.43359375 0.0109375 0.015625
4 0.1671875 0.45859375 0.0125 0.0203125
4 0.89765625 0.4421875 0.015625 0.0234375
4 0.69921875 0.42734375 0.015625 0.0234375
4 0.2734375 0.53046875 0.03125 0.046875
4 0.53203125 0.4515625 0.0171875 0.0296875
2 0.54296875 0.3796875 0.0046875 0.009375
2 0.6875 0.378125 0.0046875 0.0078125
4 0.73046875 0.3796875 0.003125 0.00625