2 0.790625 0.46484375 0.05234375 0.10234375
2 0.55078125 0.39453125 0.0359375 0.06875
2 0.5 0.3578125 0.02578125 0.05234375
2 0.5828125 0.315625 0.0203125 0.03828125
2 0.83046875 0.25703125 0.00703125 0.01875
2 0.74296875 0.26640625 0.0078125 0.02265625
2 0.721875 0.28515625 0.0125 0.02890625
4 0.0890625 0.4671875 0.01328125 0.028125
4 0.171875 0.39765625 0.0234375 0.04609375
4 0.296875 0.34453125 0.01796875 0.0375
4 0.41796875 0.31171875 0.015625 0.0296875
4 0.5359375 0.2859375 0.01484375 0.02734375
4 0.59375 0.2703125 0.01015625 0.0234375
4 0.6921875 0.25625 0.01015625 0.01953125
4 0.76015625 0.2484375 0.00703125 0.01640625
4 0.85 0.24609375 0.00625 0.01484375
4 0.89765625 0.246875 0.00703125 0.01640625
2 0.93515625 0.2546875 0.003125 0.01953125
4 0.421875 0.271875 0.00703125 0.01640625
4 0.3546875 0.2828125 0.00625 0.0171875
4 0.31328125 0.28984375 0.00625 0.01484375
4 0.29296875 0.29296875 0.00546875 0.01015625
4 0.2609375 0.2984375 0.0046875 0.01171875
2 0.4421875 0.2640625 0.0046875 0.01328125
2 0.4046875 0.26796875 0.0046875 0.0125
2 0.37734375 0.27421875 0.00546875 0.0125
2 0.51015625 0.253125 0.0046875 0.0125
2 0.55234375 0.246875 0.00546875 0.0140625
4 0.52265625 0.2578125 0.00703125 0.0140625
4 0.4859375 0.215625 0.00390625 0.0109375
4 0.22109375 0.30703125 0.00390625 0.01328125
4 0.18046875 0.3171875 0.00390625 0.0125
2 0.66328125 0.23515625 0.0046875 0.01171875