2 0.62109375 0.2765625 0.0078125 0.0109375
4 0.54453125 0.26875 0.0078125 0.0140625
4 0.45703125 0.259375 0.0078125 0.015625
4 0.82890625 0.2765625 0.0125 0.021875
2 0.63515625 0.2921875 0.009375 0.0171875
4 0.47890625 0.28203125 0.0125 0.0234375
4 0.54296875 0.27265625 0.009375 0.015625
2 0.62109375 0.2984375 0.0109375 0.01875
2 0.6421875 0.3046875 0.0109375 0.01875
4 0.503125 0.2734375 0.009375 0.0171875
4 0.5328125 0.275 0.009375 0.01875
2 0.68046875 0.31875 0.015625 0.0265625
4 0.47265625 0.290625 0.015625 0.028125
4 0.46796875 0.275 0.0109375 0.0203125
2 0.6015625 0.290625 0.0125 0.0203125
4 0.5078125 0.2921875 0.015625 0.025
2 0.65625 0.328125 0.0171875 0.0328125
4 0.34140625 0.29765625 0.0203125 0.0328125
4 0.49296875 0.2859375 0.0140625 0.0234375
2 0.56953125 0.33359375 0.0234375 0.0421875
4 0.41953125 0.2890625 0.0171875 0.0296875
2 0.56171875 0.32109375 0.0203125 0.0359375
2 0.71171875 0.415625 0.0375 0.0640625
2 0.62890625 0.3609375 0.028125 0.046875
4 0.31171875 0.321875 0.0265625 0.0453125
4 0.3328125 0.38203125 0.0421875 0.0703125
2 0.6296875 0.28671875 0.00625 0.015625
2 0.62421875 0.28359375 0.009375 0.0171875
4 0.553125 0.2625 0.00625 0.0125
4 0.55703125 0.2609375 0.0046875 0.009375