2 0.23203125 0.55625 0.05625 0.0609375
2 0.3578125 0.51484375 0.0296875 0.0453125
2 0.32421875 0.484375 0.0140625 0.0265625
2 0.36796875 0.49765625 0.0171875 0.0296875
2 0.20625 0.4765625 0.0125 0.021875
4 0.22265625 0.4671875 0.0125 0.0140625
2 0.21953125 0.4609375 0.0078125 0.0171875
2 0.2375 0.459375 0.00625 0.015625
2 0.284375 0.46171875 0.00625 0.0109375
2 0.32421875 0.4640625 0.00625 0.009375
4 0.4015625 0.48359375 0.009375 0.0171875
4 0.3671875 0.475 0.00625 0.0109375
4 0.378125 0.47265625 0.00625 0.0109375
2 0.5125 0.51171875 0.0125 0.0265625
4 0.53046875 0.49765625 0.00625 0.0109375