4 0.8078125 0.271875 0.0125 0.0171875
2 0.20390625 0.29453125 0.00625 0.0140625
2 0.83359375 0.2015625 0.003125 0.0078125
4 0.88046875 0.2046875 0.0046875 0.0109375
2 0.81328125 0.2125 0.0046875 0.0125
4 0.7203125 0.2109375 0.0046875 0.0125
2 0.87734375 0.2078125 0.0046875 0.0109375
4 0.83359375 0.20234375 0.003125 0.0078125
4 0.81640625 0.20390625 0.003125 0.009375
2 0.1375 0.3078125 0.0046875 0.0140625
2 0.28046875 0.26875 0.0046875 0.0109375
2 0.79453125 0.24921875 0.0109375 0.0140625
4 0.7625 0.2078125 0.0046875 0.009375
4 0.1421875 0.3125 0.00625 0.0140625
2 0.184375 0.2953125 0.0046875 0.0109375
2 0.16015625 0.30390625 0.0046875 0.0109375
2 0.21875 0.2859375 0.00625 0.0125
4 0.7953125 0.20546875 0.0046875 0.0109375
4 0.29375 0.26875 0.00625 0.0109375
2 0.86015625 0.2078125 0.0046875 0.009375
2 0.7234375 0.21640625 0.00625 0.0140625
2 0.84296875 0.209375 0.0046875 0.0109375
4 0.0796875 0.3296875 0.00625 0.0125
4 0.6109375 0.21875 0.00625 0.0140625
4 0.10078125 0.32421875 0.0046875 0.015625
4 0.06875 0.39140625 0.0125 0.0328125
4 0.6765625 0.21328125 0.00625 0.0125
4 0.571875 0.22421875 0.00625 0.0140625
2 0.6375 0.22265625 0.00625 0.015625
4 0.20390625 0.29453125 0.00625 0.0140625
2 0.55 0.23515625 0.0078125 0.015625
2 0.4765625 0.25078125 0.0078125 0.01875
4 0.4953125 0.2359375 0.00625 0.0140625
4 0.359375 0.2703125 0.009375 0.01875
4 0.43828125 0.24765625 0.0078125 0.0171875
4 0.2296875 0.31640625 0.0125 0.0234375
4 0.14375 0.35 0.0125 0.0265625
2 0.35625 0.2984375 0.0109375 0.025
2 0.4578125 0.26640625 0.009375 0.021875
4 0.31484375 0.28671875 0.0109375 0.0203125
2 0.31015625 0.32734375 0.0140625 0.03125
2 0.3484375 0.33515625 0.015625 0.0375
4 0.078125 0.4234375 0.021875 0.046875
4 0.153125 0.453125 0.0328125 0.06875
2 0.47421875 0.33359375 0.0234375 0.046875
4 0.1578125 0.5765625 0.0453125 0.1015625
2 0.66484375 0.346875 0.025 0.05625
2 0.9171875 0.475 0.040625 0.10625
2 0.77109375 0.21484375 0.0046875 0.0109375