2 0.25078125 0.6734375 0.071875 0.1453125
2 0.36171875 0.57578125 0.03125 0.071875
2 0.38125 0.5390625 0.015625 0.04375
2 0.3296875 0.521875 0.0125 0.028125
2 0.296875 0.51953125 0.0078125 0.025
2 0.25234375 0.51875 0.0078125 0.01875
2 0.21640625 0.51875 0.00625 0.015625
2 0.18203125 0.52109375 0.0046875 0.0140625
4 0.43515625 0.4984375 0.009375 0.01875
4 0.36484375 0.50078125 0.0078125 0.015625
2 0.3640625 0.528125 0.0125 0.0328125
4 0.28828125 0.50703125 0.00625 0.0140625
4 0.26796875 0.5078125 0.00625 0.0125