2 0.1421875 0.84765625 0.0875 0.1828125
2 0.36953125 0.60859375 0.0375 0.084375
2 0.36640625 0.5625 0.025 0.0453125
2 0.334375 0.5453125 0.0125 0.0265625
2 0.3171875 0.5375 0.0078125 0.0171875
2 0.30078125 0.534375 0.0046875 0.0125
2 0.29609375 0.5328125 0.003125 0.009375
3 0.21640625 0.5734375 0.009375 0.0234375
3 0.178125 0.56171875 0.003125 0.0109375
3 0.2484375 0.5453125 0.0046875 0.0109375
4 0.4984375 0.50234375 0.0109375 0.0234375
4 0.43671875 0.50859375 0.009375 0.0171875
4 0.39375 0.51171875 0.0078125 0.0140625
4 0.365625 0.515625 0.0046875 0.009375
4 0.34921875 0.51640625 0.0046875 0.009375