2 0.61640625 0.378125 0.003125 0.00703125
3 0.9171875 0.425 0.0046875 0.01171875
2 0.69296875 0.38515625 0.00234375 0.00703125
2 0.42578125 0.390625 0.00390625 0.0078125
2 0.35078125 0.40078125 0.00234375 0.00703125
4 0.61640625 0.378125 0.003125 0.00703125
4 0.60078125 0.378125 0.003125 0.00703125
2 0.3828125 0.39609375 0.00234375 0.00625
2 0.71171875 0.3875 0.003125 0.00703125
2 0.7515625 0.3921875 0.003125 0.0078125
4 0.6359375 0.3796875 0.003125 0.0078125
2 0.76484375 0.39375 0.00390625 0.00859375
2 0.73125 0.38984375 0.003125 0.0078125
4 0.65390625 0.38203125 0.00390625 0.0078125
2 0.6921875 0.39140625 0.0046875 0.01015625
2 0.35625 0.40390625 0.00390625 0.00859375
2 0.628125 0.38671875 0.0046875 0.0109375
2 0.32734375 0.40546875 0.003125 0.0078125
2 0.4203125 0.39765625 0.0046875 0.01015625
2 0.67265625 0.3828125 0.003125 0.0078125
2 0.08515625 0.45625 0.00390625 0.00859375
2 0.78046875 0.396875 0.00390625 0.0078125
2 0.82734375 0.4046875 0.00390625 0.01015625
2 0.2953125 0.4125 0.00390625 0.01015625
2 0.52109375 0.38984375 0.0046875 0.0109375
2 0.8046875 0.40078125 0.0046875 0.009375
2 0.56328125 0.3859375 0.0046875 0.01171875
2 0.47265625 0.39375 0.00546875 0.01171875
4 0.10703125 0.46328125 0.00625 0.0125
2 0.7421875 0.40078125 0.00546875 0.0109375
2 0.24609375 0.42421875 0.0046875 0.01015625
4 0.25390625 0.428125 0.00625 0.01171875
4 0.390625 0.4078125 0.00625 0.0125
4 0.3375 0.41171875 0.00546875 0.0109375
4 0.53515625 0.39921875 0.00703125 0.01484375
4 0.65078125 0.4 0.00703125 0.0140625
4 0.59140625 0.39453125 0.00703125 0.0125
2 0.76640625 0.4109375 0.00703125 0.01484375
3 0.73515625 0.4375 0.01328125 0.02421875
4 0.44296875 0.40703125 0.00703125 0.0140625
4 0.64140625 0.39609375 0.00703125 0.0125
4 0.78203125 0.55 0.03515625 0.05625
3 0.85625 0.4125 0.00546875 0.0125
3 0.88203125 0.41796875 0.00546875 0.0140625