2 0.33125 0.55625 0.059375 0.09375
2 0.39921875 0.503125 0.0140625 0.0234375
2 0.4296875 0.49609375 0.0125 0.0234375
2 0.4265625 0.4875 0.0078125 0.0171875
2 0.42109375 0.48046875 0.0078125 0.0125
2 0.4140625 0.4765625 0.0078125 0.0125
4 0.40703125 0.46953125 0.00625 0.009375
4 0.4421875 0.478125 0.00625 0.0109375
4 0.46171875 0.484375 0.00625 0.0109375
4 0.48125 0.48828125 0.009375 0.015625
4 0.51328125 0.49765625 0.0109375 0.015625
2 0.4046875 0.47265625 0.00625 0.009375
2 0.3921875 0.46953125 0.0046875 0.0078125
4 0.42578125 0.47421875 0.0046875 0.0078125
2 0.378125 0.46484375 0.00625 0.0078125
4 0.3890625 0.465625 0.00625 0.0078125