2 0.2515625 0.4421875 0.01875 0.0453125
2 0.278125 0.39296875 0.009375 0.028125
2 0.28359375 0.37578125 0.0078125 0.0203125
2 0.28828125 0.36328125 0.00625 0.015625
2 0.30234375 0.3546875 0.0046875 0.0125
2 0.296875 0.3484375 0.0046875 0.009375
2 0.2953125 0.3421875 0.003125 0.0078125
2 0.37578125 0.3578125 0.00625 0.0140625
2 0.31484375 0.35 0.003125 0.0109375
2 0.0515625 0.3859375 0.00625 0.0140625
2 0.10234375 0.36796875 0.0046875 0.0109375
2 0.13359375 0.3578125 0.003125 0.009375
4 0.0703125 0.36875 0.003125 0.009375
4 0.09375 0.3609375 0.003125 0.009375
4 0.1125 0.35546875 0.003125 0.009375
4 0.12578125 0.35078125 0.003125 0.009375
4 0.846875 0.75390625 0.0703125 0.1578125
4 0.59140625 0.478125 0.0265625 0.0578125
4 0.5 0.4203125 0.01875 0.0375
4 0.4234375 0.3828125 0.009375 0.025
4 0.390625 0.36875 0.0078125 0.0203125
4 0.37109375 0.3515625 0.0046875 0.0109375
4 0.36875 0.34609375 0.003125 0.0109375
4 0.13984375 0.34765625 0.003125 0.0078125
4 0.14765625 0.3453125 0.003125 0.0078125
4 0.15859375 0.34296875 0.003125 0.00625
2 0.1546875 0.35078125 0.003125 0.009375
2 0.165625 0.346875 0.003125 0.0078125
2 0.26484375 0.3453125 0.003125 0.009375
2 0.2578125 0.3484375 0.003125 0.0109375
4 0.31484375 0.34296875 0.003125 0.0078125
2 0.3125 0.33828125 0.003125 0.0078125
4 0.334375 0.340625 0.003125 0.0078125
4 0.3453125 0.33828125 0.003125 0.0078125
4 0.3421875 0.34375 0.003125 0.009375