2 0.38671875 0.54375 0.0171875 0.0359375
4 0.4140625 0.5109375 0.0125 0.01875
4 0.5140625 0.4953125 0.0140625 0.021875
4 0.3296875 0.52890625 0.0078125 0.015625
4 0.3 0.53515625 0.00625 0.0125
4 0.290625 0.53515625 0.00625 0.0109375
4 0.28046875 0.53515625 0.00625 0.0109375
2 0.31015625 0.54375 0.0109375 0.021875
2 0.2328125 0.559375 0.0078125 0.015625
2 0.2171875 0.56171875 0.00625 0.0125
2 0.2234375 0.55625 0.0046875 0.0109375
2 0.22890625 0.55078125 0.0046875 0.00625
2 0.07734375 0.6046875 0.0078125 0.009375
2 0.1125 0.74296875 0.0609375 0.1375