2 0.24375 0.56953125 0.03125 0.065625
2 0.34453125 0.521875 0.015625 0.034375
2 0.31171875 0.5125 0.0109375 0.025
2 0.08203125 0.53671875 0.0046875 0.0109375
2 0.140625 0.52890625 0.0078125 0.021875
4 0.178125 0.51953125 0.0078125 0.0125
4 0.23203125 0.50859375 0.00625 0.01875
2 0.2296875 0.5171875 0.009375 0.0203125
4 0.33046875 0.4984375 0.00625 0.015625
2 0.30546875 0.49296875 0.00625 0.009375
4 0.51328125 0.49140625 0.0078125 0.0171875
4 0.421875 0.49296875 0.00625 0.015625
2 0.13515625 0.52421875 0.0046875 0.009375