2 0.83359375 0.52890625 0.071875 0.134375
2 0.67578125 0.371875 0.034375 0.06875
2 0.58984375 0.309375 0.01875 0.0375
2 0.51640625 0.296875 0.0140625 0.0296875
2 0.440625 0.29375 0.0125 0.025
2 0.3078125 0.30703125 0.009375 0.0203125
2 0.184375 0.33515625 0.0078125 0.01875
2 0.08125 0.3625 0.009375 0.01875
4 0.11953125 0.36953125 0.015625 0.0296875
4 0.215625 0.34921875 0.015625 0.0296875
4 0.2703125 0.34296875 0.01875 0.0328125
4 0.3375 0.34609375 0.0234375 0.0390625
4 0.2625 0.41875 0.0390625 0.0625