4 0.2546875 0.47890625 0.003125 0.0078125
4 0.16484375 0.48203125 0.0046875 0.0078125
2 0.16171875 0.48203125 0.0046875 0.0078125
2 0.2078125 0.48125 0.003125 0.0078125
2 0.24140625 0.48203125 0.0046875 0.009375
2 0.2609375 0.4828125 0.0046875 0.009375
2 0.12734375 0.4859375 0.00625 0.0109375
2 0.2859375 0.4859375 0.0046875 0.009375
2 0.30859375 0.4890625 0.00625 0.0140625
2 0.33359375 0.4953125 0.009375 0.01875
2 0.32109375 0.50390625 0.0140625 0.0296875
2 0.25703125 0.54609375 0.0359375 0.065625