2 0.4453125 0.346875 0.0046875 0.0109375
3 0.40546875 0.353125 0.0046875 0.0109375
4 0.4984375 0.3453125 0.00625 0.009375
2 0.0828125 0.4984375 0.0109375 0.015625
2 0.44921875 0.35078125 0.0046875 0.0109375
3 0.37734375 0.3640625 0.00625 0.0125
2 0.46015625 0.3578125 0.00625 0.0125
2 0.48984375 0.375 0.009375 0.01875
4 0.51328125 0.35 0.00625 0.0109375
4 0.53125 0.35703125 0.0078125 0.0125
4 0.56796875 0.3671875 0.009375 0.0171875
2 0.5015625 0.3875 0.0109375 0.025
4 0.6265625 0.38515625 0.0125 0.021875
2 0.496875 0.4 0.015625 0.03125
4 0.696875 0.42109375 0.01875 0.03125
2 0.4375 0.42109375 0.021875 0.0390625
2 0.30546875 0.45703125 0.0296875 0.0515625
4 0.70859375 0.45234375 0.025 0.0453125
4 0.7 0.6234375 0.0609375 0.121875
3 0.3453125 0.35859375 0.0046875 0.009375
3 0.48671875 0.375 0.00625 0.015625
4 0.48984375 0.34296875 0.003125 0.009375
4 0.484375 0.340625 0.003125 0.009375