2 0.69609375 0.303125 0.0109375 0.0171875
2 0.68203125 0.29296875 0.009375 0.0140625
2 0.6796875 0.30390625 0.0125 0.01875
2 0.64375 0.303125 0.0140625 0.025
2 0.4734375 0.278125 0.015625 0.025
2 0.46328125 0.30234375 0.0234375 0.0375
2 0.49921875 0.31953125 0.0265625 0.0421875
2 0.40625 0.2734375 0.0171875 0.028125
2 0.40390625 0.2859375 0.0203125 0.03125
2 0.6390625 0.38671875 0.0375 0.059375
2 0.86171875 0.546875 0.0671875 0.1015625
4 0.5953125 0.2734375 0.009375 0.015625
4 0.6 0.27578125 0.009375 0.0171875
4 0.60546875 0.2796875 0.009375 0.0171875
4 0.58359375 0.27890625 0.0109375 0.0171875
4 0.54765625 0.27578125 0.0109375 0.0203125
2 0.546875 0.28828125 0.0140625 0.025
4 0.4859375 0.2671875 0.0125 0.0203125
4 0.4328125 0.26171875 0.0140625 0.021875
4 0.39609375 0.25859375 0.0125 0.0203125
4 0.365625 0.25625 0.0140625 0.021875
4 0.303125 0.25625 0.015625 0.025
4 0.2453125 0.25859375 0.015625 0.025
4 0.184375 0.26953125 0.01875 0.03125
4 0.14609375 0.28359375 0.0234375 0.0390625
4 0.178125 0.29765625 0.0265625 0.04375
4 0.21484375 0.31640625 0.034375 0.0515625
4 0.259375 0.359375 0.05 0.071875
4 0.23125 0.46796875 0.078125 0.1234375
4 0.42890625 0.23515625 0.00625 0.0109375
4 0.38828125 0.23046875 0.0046875 0.009375
4 0.46875 0.240625 0.00625 0.009375
2 0.45078125 0.23671875 0.0046875 0.009375
2 0.41015625 0.23203125 0.0046875 0.009375
2 0.66015625 0.284375 0.0078125 0.0140625
2 0.63203125 0.27578125 0.00625 0.0125
2 0.62109375 0.2703125 0.0078125 0.0125
4 0.5609375 0.26484375 0.0078125 0.0125
4 0.53671875 0.259375 0.00625 0.0109375
4 0.52890625 0.25234375 0.00625 0.0109375
4 0.5140625 0.2515625 0.00625 0.0109375
4 0.51953125 0.2546875 0.0078125 0.0125