4 0.08671875 0.3 0.00546875 0.01015625
4 0.19375 0.290625 0.0046875 0.01171875
4 0.2109375 0.28828125 0.0046875 0.0125
4 0.1625 0.290625 0.0046875 0.01171875
2 0.2390625 0.27578125 0.0046875 0.009375
4 0.17421875 0.290625 0.0046875 0.0109375
4 0.215625 0.29296875 0.00703125 0.0140625
2 0.32578125 0.275 0.00625 0.01328125
2 0.2671875 0.2765625 0.0046875 0.01171875
2 0.29375 0.275 0.0046875 0.0125
2 0.3109375 0.284375 0.00703125 0.01484375
4 0.1484375 0.3125 0.00703125 0.01640625
2 0.271875 0.2984375 0.00625 0.01875
4 0.18828125 0.3 0.00703125 0.015625
2 0.40546875 0.3 0.0125 0.02578125
2 0.334375 0.2953125 0.01015625 0.021875
2 0.24453125 0.29921875 0.00625 0.01796875
4 0.1265625 0.32421875 0.009375 0.01875
4 0.1578125 0.32578125 0.01015625 0.021875
4 0.2109375 0.325 0.0125 0.025
2 0.459375 0.31171875 0.015625 0.03203125
4 0.24375 0.34609375 0.01796875 0.0359375
2 0.56015625 0.346875 0.02265625 0.04765625
4 0.22265625 0.3890625 0.0234375 0.0515625
2 0.74375 0.43984375 0.04140625 0.0828125