4 0.4515625 0.253125 0.009375 0.0140625
4 0.47109375 0.2609375 0.009375 0.0171875
4 0.45703125 0.26484375 0.0109375 0.0171875
4 0.40859375 0.26328125 0.009375 0.01875
4 0.3328125 0.2625 0.0125 0.01875
4 0.2734375 0.265625 0.0125 0.0203125
4 0.2140625 0.27265625 0.0140625 0.021875
4 0.1484375 0.28828125 0.015625 0.028125
4 0.13359375 0.30234375 0.01875 0.0328125
4 0.1203125 0.32578125 0.0265625 0.04375
4 0.1046875 0.36171875 0.0328125 0.059375
2 0.57265625 0.275 0.009375 0.0171875
2 0.55703125 0.278125 0.0109375 0.01875
2 0.50859375 0.2765625 0.0109375 0.0203125
2 0.44765625 0.275 0.0109375 0.0203125
2 0.38046875 0.27421875 0.0140625 0.021875
2 0.32421875 0.2796875 0.015625 0.0265625
2 0.33203125 0.28984375 0.015625 0.0296875
2 0.35625 0.30234375 0.01875 0.0328125
2 0.43125 0.34140625 0.03125 0.0484375
2 0.5984375 0.428125 0.0515625 0.0796875
2 0.50234375 0.2546875 0.00625 0.0125
2 0.52578125 0.26015625 0.00625 0.0109375
2 0.5453125 0.26328125 0.00625 0.0125
2 0.559375 0.26953125 0.0078125 0.0125
4 0.43203125 0.25078125 0.00625 0.0125
4 0.4078125 0.2453125 0.00625 0.0125
4 0.384375 0.2421875 0.00625 0.0109375
4 0.340625 0.23671875 0.0046875 0.0109375
4 0.11640625 0.24453125 0.0046875 0.0078125
4 0.11953125 0.23828125 0.0046875 0.0078125