2 0.29140625 0.38828125 0.0046875 0.009375
2 0.33203125 0.396875 0.0078125 0.0125
2 0.3703125 0.4078125 0.0109375 0.01875
2 0.50546875 0.4578125 0.021875 0.0328125
2 0.79375 0.6421875 0.0515625 0.0828125
4 0.1875 0.39921875 0.0046875 0.0109375
4 0.22578125 0.3953125 0.00625 0.0109375
4 0.23203125 0.40625 0.009375 0.015625
4 0.2515625 0.42265625 0.0125 0.0203125
4 0.24609375 0.48203125 0.0234375 0.040625
4 0.20546875 0.6234375 0.0546875 0.084375
4 0.07578125 0.42578125 0.00625 0.009375
4 0.11796875 0.40703125 0.003125 0.00625
2 0.1515625 0.4 0.003125 0.00625
2 0.21875 0.3921875 0.003125 0.00625