2 0.6796875 0.51015625 0.021875 0.0453125
2 0.54453125 0.53359375 0.0203125 0.046875
2 0.49765625 0.5109375 0.009375 0.0265625
2 0.55703125 0.4921875 0.0078125 0.0203125
2 0.62265625 0.49296875 0.009375 0.025
2 0.58359375 0.48203125 0.0046875 0.015625
2 0.578125 0.47890625 0.0046875 0.0125
4 0.10390625 0.6234375 0.028125 0.0640625
4 0.08046875 0.5890625 0.0203125 0.0359375
4 0.13671875 0.55625 0.00625 0.0171875
4 0.14140625 0.55625 0.0078125 0.01875
4 0.146875 0.553125 0.00625 0.0171875
4 0.18203125 0.5515625 0.009375 0.021875
4 0.17578125 0.54375 0.003125 0.0125
4 0.284375 0.534375 0.0125 0.021875
4 0.415625 0.51171875 0.0109375 0.0203125
4 0.6609375 0.5125 0.0234375 0.046875
4 0.6109375 0.49453125 0.0140625 0.0296875
4 0.48203125 0.496875 0.0078125 0.0171875
4 0.49453125 0.490625 0.0046875 0.015625
2 0.08125 0.565625 0.0046875 0.0125
2 0.125 0.5546875 0.0046875 0.009375
4 0.2078125 0.53671875 0.0046875 0.0109375
4 0.24375 0.53046875 0.003125 0.009375
2 0.2359375 0.5296875 0.0015625 0.00625
2 0.321875 0.51640625 0.0015625 0.0078125
4 0.33828125 0.51015625 0.003125 0.0078125
2 0.30078125 0.51640625 0.003125 0.0078125
2 0.421875 0.49296875 0.003125 0.0078125
2 0.55 0.4796875 0.003125 0.0078125
2 0.51953125 0.4828125 0.0046875 0.0078125
4 0.434375 0.49375 0.003125 0.009375
4 0.46171875 0.4921875 0.0046875 0.0109375
4 0.48515625 0.48828125 0.00625 0.0125
2 0.471875 0.48828125 0.003125 0.00625