3 0.77578125 0.27265625 0.0046875 0.0109375
3 0.321875 0.4015625 0.00625 0.009375
3 0.6546875 0.2921875 0.00625 0.0125
3 0.53828125 0.3234375 0.00625 0.009375
3 0.1703125 0.475 0.0046875 0.0078125
2 0.89609375 0.278125 0.0078125 0.0125
3 0.11328125 0.503125 0.00625 0.009375
2 0.71875 0.2875 0.00625 0.0140625
2 0.85 0.27578125 0.0078125 0.015625
2 0.7640625 0.28046875 0.00625 0.0140625
2 0.803125 0.27578125 0.0078125 0.0125
2 0.89765625 0.29609375 0.0140625 0.0265625
2 0.80234375 0.2984375 0.0125 0.025
2 0.64296875 0.325 0.015625 0.0296875
2 0.4421875 0.39375 0.0234375 0.0375
2 0.24140625 0.52265625 0.0328125 0.0515625
4 0.77421875 0.39765625 0.040625 0.065625
4 0.66484375 0.54921875 0.075 0.1265625
3 0.71484375 0.28046875 0.0046875 0.009375