4 0.22421875 0.3 0.0078125 0.0203125
4 0.30234375 0.2890625 0.009375 0.0203125
4 0.35546875 0.2875 0.01015625 0.0203125
4 0.3375 0.30546875 0.01171875 0.028125
4 0.221875 0.36875 0.02265625 0.0453125
4 0.08828125 0.33046875 0.0078125 0.01953125
2 0.1109375 0.31484375 0.00703125 0.01640625
2 0.1828125 0.2984375 0.00703125 0.01640625
2 0.24296875 0.28671875 0.00625 0.01640625
2 0.325 0.27578125 0.00625 0.01796875
2 0.390625 0.2703125 0.00625 0.0171875
2 0.45078125 0.26796875 0.0078125 0.01875
2 0.4984375 0.2703125 0.009375 0.021875
2 0.5265625 0.28046875 0.0078125 0.025
2 0.5234375 0.29765625 0.01328125 0.03359375
2 0.653125 0.5328125 0.05859375 0.12265625
2 0.53828125 0.35859375 0.02265625 0.05390625