2 0.75234375 0.47265625 0.0375 0.078125
2 0.659375 0.36015625 0.021875 0.04375
2 0.61796875 0.31640625 0.015625 0.028125
2 0.61328125 0.29296875 0.009375 0.01875
2 0.63984375 0.27578125 0.00625 0.0140625
4 0.346875 0.3796875 0.0375 0.065625
4 0.409375 0.3015625 0.01875 0.03125
4 0.45625 0.27421875 0.0109375 0.021875
4 0.5421875 0.2609375 0.0046875 0.0109375
2 0.67578125 0.26953125 0.0046875 0.009375
4 0.16015625 0.26328125 0.009375 0.0171875
4 0.18984375 0.2515625 0.00625 0.0125
4 0.20234375 0.25546875 0.0078125 0.0140625
4 0.21328125 0.2453125 0.0046875 0.0109375
2 0.18203125 0.24296875 0.0046875 0.009375
2 0.21171875 0.23984375 0.0046875 0.009375
4 0.2359375 0.2421875 0.00625 0.009375
4 0.6 0.2578125 0.0046875 0.0109375