2 0.24765625 0.66875 0.06875 0.14375
2 0.36015625 0.5734375 0.0296875 0.07109375
2 0.38046875 0.53671875 0.01484375 0.04375
2 0.3296875 0.51875 0.01171875 0.028125
2 0.296875 0.515625 0.0078125 0.02421875
2 0.25234375 0.5140625 0.0078125 0.01796875
2 0.21640625 0.5140625 0.00625 0.01484375
2 0.18203125 0.515625 0.0046875 0.01328125
4 0.43515625 0.49765625 0.009375 0.01875
4 0.36484375 0.4984375 0.0078125 0.015625
2 0.36328125 0.52578125 0.0125 0.03203125
4 0.28828125 0.503125 0.00625 0.01328125
4 0.26796875 0.50390625 0.00625 0.0125