4 0.3546875 0.30390625 0.00625 0.0125
2 0.75625 0.36640625 0.0265625 0.03125
2 0.2609375 0.32421875 0.00625 0.0109375
4 0.55703125 0.29375 0.009375 0.021875
2 0.8609375 0.2515625 0.0078125 0.015625
4 0.41640625 0.2921875 0.0078125 0.0125
4 0.52421875 0.29765625 0.0109375 0.0234375
4 0.39609375 0.32265625 0.0109375 0.0234375
2 0.2671875 0.32421875 0.0078125 0.0140625
4 0.496875 0.28515625 0.009375 0.0171875
4 0.3828125 0.29921875 0.00625 0.0125
4 0.7546875 0.2546875 0.0078125 0.0171875
2 0.28515625 0.32265625 0.00625 0.0125
2 0.278125 0.38125 0.0203125 0.0234375
4 0.76171875 0.353125 0.025 0.05625
4 0.55 0.296875 0.009375 0.0203125
2 0.37890625 0.30703125 0.0078125 0.0140625
2 0.34921875 0.3125 0.0078125 0.0140625
2 0.86953125 0.26015625 0.0078125 0.01875
4 0.39296875 0.32421875 0.0109375 0.0234375
4 0.4515625 0.2875 0.0078125 0.0125
2 0.34296875 0.31953125 0.009375 0.0171875
4 0.48125 0.29296875 0.009375 0.0171875
2 0.75859375 0.4015625 0.034375 0.0546875
2 0.88125 0.26953125 0.009375 0.021875
2 0.2921875 0.39765625 0.028125 0.03125
4 0.74375 0.2625 0.009375 0.01875
2 0.3140625 0.31796875 0.009375 0.015625
4 0.5109375 0.3046875 0.009375 0.0234375
4 0.428125 0.30625 0.0125 0.0203125
4 0.7328125 0.2703125 0.0109375 0.0234375
4 0.63828125 0.28671875 0.0125 0.0234375
4 0.5734375 0.29921875 0.0125 0.0234375
4 0.6078125 0.29140625 0.0125 0.025
4 0.5 0.3125 0.0140625 0.028125
2 0.27734375 0.3421875 0.0125 0.0203125
4 0.79375 0.34453125 0.0265625 0.05625
4 0.44453125 0.3203125 0.015625 0.028125
4 0.78359375 0.4203125 0.0484375 0.084375
4 0.82734375 0.33828125 0.025 0.05
2 0.240625 0.36953125 0.015625 0.028125
2 0.29609375 0.37109375 0.01875 0.034375
2 0.3125 0.38515625 0.0203125 0.040625
2 0.3265625 0.4 0.0265625 0.0484375
4 0.90859375 0.5421875 0.0890625 0.14375
4 0.75625 0.3625 0.0171875 0.0328125
4 0.765625 0.24765625 0.0078125 0.015625
4 0.78515625 0.24296875 0.00625 0.0125
4 0.34140625 0.30625 0.00625 0.0140625
4 0.34609375 0.3 0.0046875 0.0109375
4 0.80546875 0.2390625 0.0046875 0.0109375
4 0.8140625 0.2359375 0.0046875 0.009375
4 0.81640625 0.2328125 0.003125 0.0109375
4 0.7984375 0.228125 0.003125 0.0109375
4 0.78125 0.228125 0.003125 0.009375
2 0.8625 0.246875 0.0046875 0.0171875
2 0.8703125 0.24296875 0.00625 0.0140625
2 0.88359375 0.2390625 0.00625 0.0125
2 0.89140625 0.23671875 0.003125 0.009375
2 0.89375 0.23203125 0.003125 0.009375
4 0.5078125 0.30390625 0.0078125 0.021875
4 0.325 0.30703125 0.00625 0.0125
4 0.33203125 0.30625 0.00625 0.0125
4 0.334375 0.303125 0.0046875 0.0109375
4 0.39375 0.2875 0.0046875 0.0078125
4 0.40390625 0.284375 0.003125 0.009375
2 0.35546875 0.29375 0.00625 0.0125
2 0.8640625 0.22734375 0.0046875 0.009375
2 0.83828125 0.225 0.0046875 0.009375
4 0.7578125 0.2265625 0.0046875 0.009375
2 0.78125 0.22109375 0.003125 0.009375
2 0.2796875 0.31640625 0.0046875 0.009375
2 0.29765625 0.31015625 0.0046875 0.0109375
4 0.41171875 0.2828125 0.003125 0.009375
4 0.3734375 0.29140625 0.0046875 0.009375
4 0.41953125 0.28125 0.0046875 0.009375
2 0.81015625 0.22265625 0.003125 0.009375
4 0.71796875 0.22734375 0.003125 0.0078125