2 0.73515625 0.384375 0.040625 0.075
2 0.58671875 0.32890625 0.028125 0.0453125
2 0.52109375 0.30078125 0.0140625 0.03125
2 0.540625 0.284375 0.0125 0.028125
2 0.56015625 0.2734375 0.009375 0.021875
2 0.57109375 0.265625 0.0078125 0.01875
2 0.53828125 0.26328125 0.00625 0.01875
2 0.50390625 0.26484375 0.00625 0.015625
2 0.5125 0.2546875 0.0046875 0.0125
2 0.48125 0.2640625 0.00625 0.0140625
2 0.4875 0.26171875 0.0046875 0.0125
2 0.49296875 0.2578125 0.0046875 0.0140625
4 0.24765625 0.4890625 0.046875 0.0859375
4 0.29140625 0.3875 0.0265625 0.0484375
4 0.33046875 0.340625 0.015625 0.0328125
4 0.378125 0.3109375 0.0125 0.025
4 0.43125 0.28984375 0.009375 0.0203125
4 0.45703125 0.28046875 0.009375 0.01875
4 0.43828125 0.28046875 0.00625 0.0171875
4 0.3984375 0.278125 0.00625 0.015625
4 0.41015625 0.28046875 0.0078125 0.01875
4 0.415625 0.27265625 0.00625 0.0140625
4 0.4328125 0.26640625 0.00625 0.0140625
4 0.459375 0.26015625 0.00625 0.0125
4 0.47265625 0.25703125 0.0046875 0.0109375