4 0.23359375 0.35859375 0.0046875 0.0109375
4 0.340625 0.334375 0.00625 0.0125
2 0.10703125 0.41015625 0.0046875 0.0109375
4 0.19609375 0.36875 0.003125 0.009375
2 0.15859375 0.3875 0.00625 0.0125
2 0.23046875 0.36484375 0.0046875 0.0109375
2 0.33984375 0.3453125 0.0078125 0.0171875
4 0.3875 0.32890625 0.00625 0.0140625
2 0.27578125 0.3546875 0.0046875 0.0125
4 0.48984375 0.31953125 0.0078125 0.015625
2 0.453125 0.33515625 0.0078125 0.0171875
2 0.50078125 0.3421875 0.009375 0.0203125
4 0.55078125 0.31953125 0.009375 0.0171875
4 0.6453125 0.33046875 0.009375 0.0203125
2 0.4765625 0.36640625 0.0140625 0.0296875
4 0.7078125 0.359375 0.0140625 0.03125
2 0.37109375 0.41875 0.01875 0.04375
4 0.71640625 0.40859375 0.021875 0.046875
4 0.6984375 0.54765625 0.046875 0.1015625
4 0.14921875 0.38515625 0.003125 0.009375
4 0.2765625 0.34765625 0.003125 0.009375