2 0.8296875 0.715625 0.1078125 0.171875
2 0.66640625 0.453125 0.0484375 0.078125
2 0.67734375 0.40078125 0.0328125 0.0546875
2 0.73046875 0.38984375 0.0296875 0.0453125
2 0.7484375 0.37109375 0.0203125 0.0328125
2 0.7109375 0.34453125 0.01875 0.0296875
2 0.65859375 0.32421875 0.0171875 0.0265625
2 0.621875 0.3078125 0.0140625 0.0234375
2 0.63046875 0.303125 0.0125 0.0203125
2 0.65078125 0.3015625 0.0125 0.0203125
2 0.65390625 0.29609375 0.0078125 0.0140625
4 0.3625 0.31328125 0.0296875 0.0484375
4 0.4640625 0.3125 0.0234375 0.040625
4 0.48515625 0.29140625 0.01875 0.03125
4 0.4421875 0.27578125 0.015625 0.0265625
4 0.53984375 0.31796875 0.0203125 0.0359375
4 0.54765625 0.315625 0.0171875 0.0328125
4 0.49140625 0.275 0.0125 0.0234375
4 0.525 0.2734375 0.0109375 0.0203125
4 0.55546875 0.2765625 0.009375 0.015625
4 0.5671875 0.2734375 0.0078125 0.0140625