0 0.178125 0.56640625 0.1046875 0.1625
1 0.4515625 0.28828125 0.0453125 0.0953125
1 0.46484375 0.2765625 0.0328125 0.084375
1 0.771875 0.3296875 0.046875 0.096875
1 0.75859375 0.3140625 0.0359375 0.0859375
2 0.7203125 0.26484375 0.0203125 0.0375
2 0.52421875 0.2421875 0.01875 0.0328125
2 0.5546875 0.215625 0.0125 0.025
2 0.5734375 0.2015625 0.009375 0.01875
2 0.58359375 0.190625 0.0078125 0.015625
2 0.609375 0.19296875 0.0078125 0.015625
2 0.63984375 0.19609375 0.0078125 0.015625
2 0.67109375 0.19921875 0.0078125 0.015625
2 0.68671875 0.1703125 0.0109375 0.009375
2 0.6796875 0.2125 0.009375 0.0203125
2 0.6953125 0.23046875 0.0125 0.0265625
4 0.378125 0.1921875 0.0125 0.025
0 0.45 0.1640625 0.009375 0.0171875