0 0.11015625 0.68359375 0.09296875 0.1859375
0 0.42734375 0.42265625 0.05390625 0.10390625
4 0.2984375 0.2921875 0.03203125 0.06015625
4 0.11171875 0.253125 0.0203125 0.0421875
4 0.10625 0.21875 0.01484375 0.03125
2 0.0703125 0.3421875 0.0140625 0.04375
0 0.46484375 0.23671875 0.01796875 0.04140625
0 0.70546875 0.2421875 0.01953125 0.0453125
0 0.321875 0.2171875 0.0140625 0.03359375
0 0.2859375 0.20078125 0.01015625 0.028125
0 0.30859375 0.18125 0.009375 0.021875
0 0.3578125 0.17109375 0.0078125 0.01875
0 0.4328125 0.15859375 0.00625 0.0171875
0 0.5234375 0.14921875 0.00625 0.01640625
0 0.61484375 0.14609375 0.00625 0.015625
0 0.721875 0.14921875 0.00703125 0.01640625
0 0.828125 0.15078125 0.0078125 0.01875
4 0.8734375 0.1421875 0.0078125 0.01796875
4 0.73984375 0.14296875 0.00625 0.01640625
4 0.60546875 0.1421875 0.00625 0.01484375
4 0.48984375 0.14453125 0.00625 0.01640625
4 0.36640625 0.1578125 0.00703125 0.0171875
4 0.2671875 0.16875 0.00859375 0.0203125
4 0.1796875 0.18984375 0.0109375 0.02421875
2 0.65234375 0.16875 0.0109375 0.025