0 0.39296875 0.490625 0.059375 0.11875
0 0.4953125 0.2890625 0.025 0.05
0 0.525 0.225 0.015625 0.0328125
0 0.5375 0.1953125 0.0109375 0.0234375
0 0.5453125 0.18125 0.0078125 0.01875
0 0.55 0.17109375 0.00625 0.0140625
4 0.775 0.28984375 0.028125 0.053125
4 0.70234375 0.22578125 0.015625 0.034375
4 0.66875 0.19609375 0.0125 0.0234375
4 0.65 0.18046875 0.0078125 0.01875
4 0.63671875 0.16875 0.0078125 0.015625
4 0.62734375 0.1640625 0.00625 0.0125
4 0.62109375 0.16015625 0.0046875 0.009375
1 0.61484375 0.15234375 0.00625 0.0171875
4 0.72734375 0.15234375 0.0078125 0.0125
2 0.4890625 0.1625 0.0078125 0.015625