0 0.4453125 0.6015625 0.084375 0.12734375
0 0.52734375 0.3625 0.03046875 0.0484375
0 0.70078125 0.378125 0.03046875 0.046875
4 0.4609375 0.47109375 0.05546875 0.0796875
4 0.75390625 0.684375 0.096875 0.1578125
4 0.6734375 0.34296875 0.021875 0.034375
1 0.153125 0.5234375 0.096875 0.17734375
1 0.35703125 0.40625 0.04921875 0.10390625
1 0.434375 0.36484375 0.03828125 0.08046875
2 0.58359375 0.396875 0.03359375 0.05390625
2 0.67578125 0.47890625 0.05703125 0.08046875
2 0.7203125 0.42109375 0.0390625 0.06015625