4 0.12890625 0.5484375 0.0484375 0.0640625
4 0.27109375 0.4765625 0.03359375 0.04609375
0 0.31796875 0.428125 0.0203125 0.034375
2 0.41875 0.44921875 0.02421875 0.03984375
2 0.425 0.5328125 0.03828125 0.059375
2 0.559375 0.41875 0.01875 0.03125
1 0.41484375 0.39375 0.02421875 0.0453125
1 0.47890625 0.4265625 0.02890625 0.05703125
1 0.86640625 0.49296875 0.05 0.0859375
4 0.61796875 0.4859375 0.03203125 0.0484375
0 0.65703125 0.43671875 0.01953125 0.03359375
0 0.8171875 0.4578125 0.028125 0.040625