1 0.2875 0.79296875 0.19375 0.3390625
4 0.1625 0.3421875 0.0234375 0.0375
2 0.76953125 0.2484375 0.053125 0.0765625
2 0.40078125 0.3671875 0.0453125 0.071875
2 0.41953125 0.265625 0.0234375 0.0390625
2 0.428125 0.22421875 0.0171875 0.028125
2 0.4328125 0.2015625 0.0125 0.0203125
2 0.4671875 0.18828125 0.0125 0.0203125
2 0.50390625 0.17421875 0.0125 0.021875
2 0.53828125 0.1625 0.0125 0.0203125
2 0.559375 0.15625 0.0125 0.021875
2 0.56875 0.1765625 0.015625 0.028125
2 0.621875 0.19453125 0.025 0.040625
0 0.2546875 0.2484375 0.0140625 0.0234375