4 0.2828125 0.41640625 0.021875 0.03359375
4 0.25 0.44140625 0.03203125 0.04296875
4 0.40234375 0.434375 0.02890625 0.0390625
1 0.309375 0.42734375 0.03671875 0.06640625
1 0.5703125 0.65859375 0.08203125 0.178125
1 0.8890625 0.57421875 0.07421875 0.13671875
2 0.35703125 0.45234375 0.0265625 0.0453125
2 0.5703125 0.428125 0.025 0.0375
2 0.71171875 0.45859375 0.03046875 0.04609375
0 0.36171875 0.41171875 0.01875 0.03125
0 0.3890625 0.5078125 0.03359375 0.06171875
0 0.215625 0.5171875 0.03984375 0.06640625