0 0.39296875 0.4984375 0.0515625 0.115625
0 0.48046875 0.28984375 0.021875 0.04921875
0 0.50546875 0.22421875 0.01328125 0.03125
0 0.51640625 0.19375 0.009375 0.0234375
0 0.52265625 0.17890625 0.00703125 0.01875
0 0.52734375 0.16875 0.0046875 0.0140625
4 0.759375 0.27109375 0.02421875 0.05234375
4 0.6828125 0.2125 0.0140625 0.0328125
4 0.646875 0.18515625 0.01015625 0.0234375
4 0.62734375 0.17109375 0.00625 0.01875
4 0.61328125 0.16015625 0.00625 0.01484375
4 0.60390625 0.15625 0.00546875 0.01171875
4 0.596875 0.15234375 0.0046875 0.009375
1 0.590625 0.1453125 0.00546875 0.0171875
4 0.70234375 0.1375 0.00625 0.0125
2 0.465625 0.1640625 0.00625 0.015625