0 0.38359375 0.4171875 0.0546875 0.0921875
0 0.4203125 0.27109375 0.0265625 0.0453125
0 0.43359375 0.225 0.0171875 0.03125
0 0.440625 0.2 0.0109375 0.021875
0 0.4453125 0.18671875 0.009375 0.01875
0 0.44765625 0.17421875 0.00625 0.0140625
2 0.3421875 0.2171875 0.015625 0.028125
4 0.840625 0.31328125 0.0609375 0.0953125
4 0.653125 0.21484375 0.0265625 0.046875
4 0.5921875 0.18515625 0.0171875 0.0328125
4 0.55859375 0.1703125 0.0140625 0.021875
4 0.540625 0.16171875 0.0109375 0.01875
4 0.528125 0.15859375 0.009375 0.0140625
4 0.66015625 0.1171875 0.009375 0.015625
1 0.51796875 0.15 0.0109375 0.021875
1 0.44765625 0.1640625 0.0109375 0.0203125
2 0.46875 0.15234375 0.00625 0.0078125
2 0.48515625 0.14921875 0.0046875 0.00625