1 0.103125 0.5234375 0.1671875 0.2828125
1 0.21328125 0.44140625 0.1296875 0.21875
1 0.8984375 0.56640625 0.115625 0.21875
2 0.4390625 0.28984375 0.0390625 0.059375
2 0.7515625 0.3453125 0.040625 0.0625
2 0.50703125 0.23203125 0.021875 0.0359375
2 0.5390625 0.20703125 0.015625 0.0265625
2 0.55625 0.19296875 0.0125 0.0203125
2 0.58828125 0.196875 0.0109375 0.0203125
2 0.63515625 0.2046875 0.0109375 0.0203125
2 0.66015625 0.20859375 0.0109375 0.01875
2 0.68125 0.2109375 0.0140625 0.0203125
2 0.6734375 0.2296875 0.015625 0.0265625
2 0.696875 0.2625 0.0234375 0.0375
4 0.2703125 0.1859375 0.021875 0.0328125
0 0.3859375 0.15 0.0125 0.021875