0 0.1125 0.7921875 0.09765625 0.209375
0 0.2921875 0.31171875 0.02890625 0.0546875
0 0.5921875 0.30859375 0.02421875 0.05703125
0 0.1171875 0.28828125 0.0203125 0.04375
0 0.084375 0.2625 0.0171875 0.034375
0 0.12578125 0.2359375 0.01328125 0.028125
0 0.1921875 0.21953125 0.01015625 0.02265625
0 0.284375 0.2015625 0.0078125 0.0203125
0 0.3875 0.18828125 0.00703125 0.01796875
0 0.70625 0.1828125 0.00703125 0.0203125
0 0.5984375 0.18203125 0.00625 0.01875
0 0.48671875 0.1828125 0.00625 0.015625
0 0.8234375 0.1890625 0.01015625 0.02265625
0 0.90078125 0.26953125 0.0234375 0.0515625
1 0.86796875 0.259375 0.0375 0.08828125
1 0.9203125 0.2484375 0.02421875 0.08125
4 0.08515625 0.21953125 0.01171875 0.02421875
4 0.209375 0.2015625 0.00703125 0.01875
4 0.3515625 0.18359375 0.00546875 0.01796875
4 0.615625 0.17578125 0.0078125 0.01796875
4 0.4765625 0.1765625 0.00546875 0.01796875
4 0.74765625 0.17421875 0.00859375 0.0203125
4 0.915625 0.18046875 0.01015625 0.02265625
2 0.528125 0.209375 0.01328125 0.02890625