0 0.1859375 0.4234375 0.08125 0.115625
0 0.41953125 0.2875 0.034375 0.0515625
0 0.49375 0.24375 0.01875 0.0328125
0 0.528125 0.22421875 0.0125 0.021875
0 0.54921875 0.209375 0.0109375 0.01875
0 0.40078125 0.165625 0.009375 0.015625
2 0.28984375 0.21953125 0.028125 0.046875
4 0.7375 0.52109375 0.0796875 0.1203125
4 0.68359375 0.32890625 0.0328125 0.053125
4 0.66328125 0.2671875 0.0203125 0.034375
4 0.65546875 0.2421875 0.0140625 0.025
4 0.65078125 0.228125 0.0109375 0.01875
4 0.8265625 0.2484375 0.0140625 0.021875
1 0.56328125 0.196875 0.0140625 0.0234375
1 0.64765625 0.215625 0.0125 0.021875
4 0.3 0.225 0.0234375 0.04375
2 0.5734375 0.19765625 0.0078125 0.0125
2 0.58125 0.19375 0.00625 0.0140625
4 0.496875 0.178125 0.009375 0.015625
0 0.5234375 0.16796875 0.00625 0.0109375
2 0.58671875 0.19296875 0.00625 0.0109375
2 0.59140625 0.19140625 0.0046875 0.009375
2 0.64453125 0.2109375 0.00625 0.015625
2 0.6421875 0.20625 0.0046875 0.0125
2 0.640625 0.20234375 0.0046875 0.0109375
2 0.63984375 0.1984375 0.0046875 0.0109375
2 0.65078125 0.2 0.00625 0.0109375
2 0.6234375 0.19609375 0.00625 0.009375
2 0.60703125 0.19296875 0.00625 0.0109375