2 0.55625 0.3296875 0.0078125 0.03984375
2 0.52734375 0.35859375 0.0203125 0.04296875
2 0.503125 0.3328125 0.01484375 0.03515625
0 0.56484375 0.35078125 0.01953125 0.04140625
4 0.5890625 0.33984375 0.0171875 0.0359375
4 0.61796875 0.35078125 0.01875 0.04140625
4 0.45078125 0.34296875 0.01875 0.03984375
0 0.484375 0.35625 0.021875 0.04375
1 0.5484375 0.328125 0.0203125 0.06328125
1 0.48515625 0.315625 0.02265625 0.05625
1 0.390625 0.3375 0.02890625 0.0671875
0 0.43984375 0.3328125 0.0140625 0.0359375