1 0.52265625 0.46171875 0.04375 0.084375
1 0.31171875 0.50078125 0.0484375 0.0875
2 0.23828125 0.49453125 0.028125 0.0421875
2 0.20859375 0.5203125 0.0296875 0.0484375
2 0.37734375 0.48984375 0.03125 0.0484375
1 0.58828125 0.41796875 0.0296875 0.0765625
0 0.38671875 0.45546875 0.021875 0.034375
0 0.49296875 0.4359375 0.01875 0.0328125
0 0.25234375 0.47578125 0.0203125 0.034375
4 0.35859375 0.44765625 0.0171875 0.0296875
4 0.4578125 0.45078125 0.0234375 0.0375
4 0.4984375 0.46328125 0.0296875 0.0453125