0 0.3703125 0.4453125 0.0546875 0.103125
0 0.4796875 0.25546875 0.025 0.046875
0 0.22421875 0.20234375 0.009375 0.021875
0 0.44921875 0.1375 0.0046875 0.0125
4 0.75 0.23203125 0.0265625 0.05
4 0.4078125 0.1671875 0.0078125 0.0171875
1 0.5109375 0.1890625 0.01875 0.053125
1 0.68984375 0.17734375 0.01875 0.05
1 0.68359375 0.1734375 0.0140625 0.046875
2 0.53203125 0.17265625 0.009375 0.021875
2 0.54296875 0.15859375 0.0078125 0.01875
2 0.55078125 0.14765625 0.0046875 0.015625
2 0.57734375 0.1375 0.0046875 0.0125
2 0.60234375 0.1359375 0.0046875 0.0125
2 0.628125 0.13359375 0.0046875 0.0140625
2 0.6359375 0.140625 0.00625 0.015625
2 0.64765625 0.1484375 0.0078125 0.01875
2 0.66484375 0.1609375 0.0109375 0.0234375
2 0.55546875 0.140625 0.0046875 0.0125