0 0.8421875 0.4953125 0.00625 0.0078125
0 0.80625 0.49453125 0.00625 0.009375
0 0.790625 0.4953125 0.0078125 0.0109375
0 0.765625 0.496875 0.0078125 0.0125
0 0.73359375 0.5 0.009375 0.0171875
0 0.66796875 0.50625 0.015625 0.0234375
0 0.52109375 0.52578125 0.025 0.040625
0 0.1671875 0.5921875 0.075 0.096875
4 0.91875 0.503125 0.0046875 0.0078125
4 0.91328125 0.503125 0.00625 0.009375
4 0.90859375 0.50546875 0.00625 0.009375
4 0.9046875 0.50625 0.00625 0.0109375
4 0.89765625 0.509375 0.0078125 0.0125
4 0.89375 0.51171875 0.009375 0.0140625
4 0.88359375 0.51796875 0.0109375 0.0171875
4 0.8703125 0.525 0.015625 0.0203125
4 0.86015625 0.546875 0.021875 0.03125
4 0.88203125 0.6390625 0.0546875 0.0734375
0 0.82734375 0.49453125 0.00625 0.0078125
0 0.84921875 0.49375 0.0046875 0.0078125
0 0.859375 0.49375 0.0046875 0.0078125
0 0.86796875 0.4953125 0.0046875 0.0078125
0 0.88671875 0.496875 0.003125 0.00625
4 0.92421875 0.503125 0.0046875 0.0078125