4 0.92734375 0.66953125 0.071875 0.13125
4 0.91484375 0.42578125 0.0109375 0.0171875
4 0.925 0.42109375 0.0109375 0.015625
0 0.4296875 0.56640625 0.0328125 0.0546875
0 0.60625 0.509375 0.025 0.0390625
0 0.79921875 0.4765625 0.021875 0.034375
0 0.834375 0.44140625 0.0125 0.01875
0 0.79296875 0.4359375 0.009375 0.0140625
0 0.81953125 0.42578125 0.0078125 0.0125
0 0.89375 0.41875 0.0078125 0.0109375
0 0.92578125 0.45703125 0.01875 0.0296875
0 0.92421875 0.44765625 0.0171875 0.0265625
0 0.79296875 0.43125 0.009375 0.0140625