4 0.92109375 0.4515625 0.00625 0.009375
0 0.89296875 0.45 0.0046875 0.0078125
4 0.83125 0.45 0.00390625 0.0078125
0 0.56328125 0.4484375 0.00234375 0.00625
0 0.559375 0.45 0.00234375 0.00703125
0 0.55625 0.45234375 0.00390625 0.0078125
0 0.5484375 0.4546875 0.0046875 0.00859375
0 0.534375 0.46015625 0.0046875 0.01015625
0 0.525 0.46484375 0.00625 0.0125
0 0.50703125 0.4765625 0.0078125 0.01640625
0 0.47578125 0.49921875 0.0140625 0.0265625
0 0.328125 0.6125 0.0421875 0.07734375
4 0.61328125 0.45546875 0.00390625 0.009375
4 0.61875 0.46015625 0.0046875 0.0109375
4 0.62578125 0.465625 0.00625 0.0125
4 0.6421875 0.47734375 0.0078125 0.0171875
4 0.671875 0.50234375 0.01640625 0.0296875
4 0.90625 0.6453125 0.0578125 0.09765625
4 0.83203125 0.45 0.0046875 0.0078125
4 0.79453125 0.44921875 0.0046875 0.0078125
4 0.609375 0.45234375 0.003125 0.0078125
4 0.60625 0.45 0.003125 0.0078125
4 0.60859375 0.44765625 0.00234375 0.00546875
4 0.625 0.44609375 0.003125 0.00625
4 0.65078125 0.44609375 0.00234375 0.00703125
4 0.68671875 0.446875 0.003125 0.00703125
4 0.72734375 0.446875 0.00234375 0.0078125
4 0.7578125 0.44765625 0.00390625 0.0078125
0 0.85078125 0.44921875 0.00390625 0.0078125
0 0.81875 0.44765625 0.00390625 0.0078125
0 0.7890625 0.44765625 0.003125 0.00703125
0 0.76171875 0.446875 0.00234375 0.00625
0 0.7296875 0.44609375 0.0015625 0.00625
0 0.690625 0.44609375 0.00234375 0.00546875
0 0.65859375 0.4453125 0.003125 0.00625
0 0.63359375 0.44609375 0.00234375 0.00546875
0 0.58125 0.44609375 0.00234375 0.00703125
0 0.56875 0.44765625 0.00234375 0.00546875