4 0.57578125 0.653125 0.153125 0.2390625
4 0.228125 0.290625 0.0265625 0.040625
4 0.3828125 0.24375 0.021875 0.0328125
4 0.37109375 0.2234375 0.0140625 0.021875
4 0.41484375 0.22421875 0.01875 0.028125
4 0.3328125 0.22265625 0.0125 0.0203125
4 0.309375 0.221875 0.009375 0.01875
4 0.33984375 0.21171875 0.0109375 0.015625
0 0.334375 0.2078125 0.0078125 0.0125
4 0.41171875 0.1953125 0.009375 0.015625
4 0.4890625 0.1796875 0.009375 0.015625
4 0.5734375 0.1640625 0.009375 0.015625
4 0.65078125 0.153125 0.009375 0.0171875
4 0.70390625 0.14609375 0.0109375 0.01875
4 0.8171875 0.12890625 0.0125 0.0203125
0 0.81015625 0.121875 0.009375 0.0171875
0 0.73984375 0.1328125 0.009375 0.0171875
0 0.67578125 0.1421875 0.009375 0.015625
0 0.59609375 0.15546875 0.0078125 0.0125
0 0.5015625 0.1734375 0.0078125 0.0125
0 0.41875 0.1890625 0.0078125 0.0125
0 0.2546875 0.2265625 0.0125 0.015625
0 0.20703125 0.23984375 0.009375 0.0171875
0 0.2265625 0.259375 0.015625 0.0234375
0 0.18203125 0.2515625 0.0140625 0.0203125
0 0.19296875 0.25625 0.0140625 0.021875
0 0.18984375 0.2734375 0.01875 0.0296875
0 0.03984375 0.31328125 0.0171875 0.0328125