4 0.36328125 0.496875 0.121875 0.16875
4 0.1734375 0.27578125 0.0640625 0.08125
4 0.2859375 0.23046875 0.034375 0.05
4 0.3578125 0.2109375 0.021875 0.0328125
4 0.36796875 0.1984375 0.015625 0.028125
4 0.21328125 0.1515625 0.0171875 0.025
0 0.41640625 0.17421875 0.0078125 0.0125
0 0.38984375 0.165625 0.009375 0.0125
0 0.46640625 0.18203125 0.0078125 0.0140625
0 0.50078125 0.1859375 0.00625 0.0125
0 0.43203125 0.17109375 0.0078125 0.0125
0 0.5359375 0.18984375 0.00625 0.0109375
0 0.56796875 0.19453125 0.00625 0.009375
0 0.58828125 0.1984375 0.0046875 0.009375
4 0.47421875 0.18828125 0.009375 0.015625
4 0.5484375 0.196875 0.0078125 0.015625
4 0.578125 0.2015625 0.00625 0.0125
4 0.6109375 0.20546875 0.00625 0.0109375
4 0.259375 0.146875 0.0109375 0.015625
4 0.27109375 0.14765625 0.0109375 0.015625
4 0.30390625 0.17421875 0.0171875 0.0234375
4 0.3296875 0.15625 0.0078125 0.0125
4 0.30390625 0.1546875 0.0109375 0.015625
4 0.37734375 0.17265625 0.0078125 0.0140625