4 0.61484375 0.734375 0.121875 0.246875
4 0.1328125 0.453125 0.071875 0.1125
4 0.14140625 0.23671875 0.0125 0.0234375
4 0.15546875 0.215625 0.009375 0.0171875
4 0.18515625 0.21015625 0.009375 0.015625
4 0.81640625 0.1640625 0.00625 0.0125
4 0.13125 0.2296875 0.00625 0.0171875
4 0.21015625 0.2078125 0.00625 0.0109375
4 0.2171875 0.20390625 0.003125 0.009375
4 0.2265625 0.1953125 0.003125 0.009375
0 0.23828125 0.19375 0.003125 0.00625
0 0.19375 0.19765625 0.003125 0.0078125
0 0.2828125 0.18984375 0.0046875 0.0078125
0 0.3171875 0.18671875 0.003125 0.0078125
0 0.328125 0.18515625 0.003125 0.0078125
0 0.3359375 0.184375 0.003125 0.00625
0 0.33984375 0.18359375 0.003125 0.00625
4 0.2921875 0.18984375 0.003125 0.009375
4 0.3453125 0.18671875 0.0046875 0.009375
4 0.3984375 0.17890625 0.003125 0.009375
0 0.41484375 0.1765625 0.003125 0.00625
0 0.3578125 0.18203125 0.003125 0.00625
4 0.4234375 0.1765625 0.003125 0.00625
4 0.45859375 0.17421875 0.003125 0.0078125
4 0.48828125 0.17265625 0.003125 0.0078125
4 0.525 0.1703125 0.003125 0.0078125
4 0.5625 0.16796875 0.003125 0.00625
4 0.58671875 0.165625 0.003125 0.0078125
4 0.61171875 0.1640625 0.003125 0.0078125
4 0.63203125 0.1625 0.003125 0.0078125
4 0.66640625 0.16015625 0.003125 0.00625
4 0.69921875 0.15859375 0.003125 0.0078125
4 0.703125 0.1625 0.003125 0.0078125
4 0.7171875 0.1625 0.003125 0.009375
4 0.7265625 0.15703125 0.003125 0.0078125
4 0.73125 0.159375 0.003125 0.0078125
4 0.7484375 0.1625 0.003125 0.0078125
0 0.73515625 0.15625 0.003125 0.00625
4 0.7140625 0.16015625 0.003125 0.00625
4 0.74453125 0.1578125 0.003125 0.00625
4 0.78359375 0.16484375 0.0046875 0.009375
4 0.8453125 0.16484375 0.0046875 0.0125
0 0.8375 0.159375 0.003125 0.009375
0 0.7984375 0.159375 0.003125 0.0078125
0 0.7921875 0.1546875 0.003125 0.00625
0 0.77109375 0.159375 0.003125 0.0078125
0 0.7671875 0.1546875 0.003125 0.00625
0 0.78515625 0.15625 0.003125 0.00625
4 0.884375 0.16484375 0.00625 0.0125
0 0.56875 0.16640625 0.003125 0.00625
0 0.5921875 0.1640625 0.003125 0.00625
0 0.621875 0.1625 0.003125 0.00625
0 0.659375 0.16015625 0.003125 0.00625
0 0.44921875 0.17421875 0.003125 0.00625
0 0.4921875 0.171875 0.003125 0.00625
0 0.5453125 0.16875 0.003125 0.00625