1 0.315625 0.62421875 0.2046875 0.3328125
0 0.0828125 0.30546875 0.0125 0.01875
0 0.30703125 0.234375 0.009375 0.0140625
4 0.21171875 0.27109375 0.0140625 0.021875
4 0.29765625 0.24296875 0.0125 0.0171875
4 0.4234375 0.20390625 0.0109375 0.0171875
4 0.52890625 0.17265625 0.009375 0.015625
0 0.50390625 0.1734375 0.009375 0.0140625
0 0.415625 0.2 0.009375 0.0140625
0 0.59375 0.14765625 0.0078125 0.0125
0 0.5984375 0.13828125 0.00625 0.009375
0 0.64140625 0.12734375 0.00625 0.0109375
0 0.653125 0.121875 0.00625 0.009375
0 0.61171875 0.13359375 0.0046875 0.0078125
4 0.60859375 0.14765625 0.0109375 0.01875
4 0.6203125 0.13125 0.00625 0.009375
4 0.628125 0.1296875 0.00625 0.009375
4 0.665625 0.11875 0.00625 0.009375
4 0.70078125 0.109375 0.00625 0.009375
0 0.67109375 0.1234375 0.009375 0.0140625
4 0.74921875 0.1125 0.0125 0.01875
4 0.759375 0.09296875 0.00625 0.0109375
0 0.70625 0.10859375 0.00625 0.0109375
0 0.80703125 0.07890625 0.00625 0.0109375
0 0.8265625 0.07890625 0.0078125 0.0125
4 0.79921875 0.07890625 0.00625 0.009375
4 0.1140625 0.30234375 0.0125 0.0203125