0 0.34609375 0.703125 0.078125 0.1015625
4 0.11953125 0.64296875 0.0421875 0.0453125
4 0.4046875 0.55859375 0.0296875 0.040625
4 0.61953125 0.49765625 0.0328125 0.046875
0 0.81328125 0.58984375 0.0953125 0.125
4 0.80234375 0.3671875 0.009375 0.0140625
4 0.70703125 0.396875 0.009375 0.0125
4 0.61328125 0.42578125 0.009375 0.0125
4 0.54609375 0.4484375 0.009375 0.0140625
4 0.44296875 0.4796875 0.009375 0.0140625
4 0.3515625 0.509375 0.009375 0.0125
4 0.23515625 0.54609375 0.009375 0.0140625
4 0.1 0.5890625 0.0109375 0.0140625
0 0.16015625 0.565625 0.0109375 0.0125
0 0.26953125 0.53203125 0.0078125 0.0109375
0 0.3671875 0.50078125 0.0078125 0.009375
0 0.44765625 0.475 0.0078125 0.0109375
0 0.53515625 0.446875 0.00625 0.0109375
0 0.60703125 0.425 0.0078125 0.0109375
0 0.68203125 0.4015625 0.00625 0.0109375
0 0.76328125 0.37578125 0.0078125 0.0109375
0 0.84140625 0.3515625 0.0078125 0.009375
4 0.90546875 0.33515625 0.0078125 0.0125