0 0.27265625 0.55625 0.0265625 0.0390625
0 0.22734375 0.53359375 0.015625 0.0265625
0 0.25 0.51484375 0.0109375 0.0171875
0 0.29921875 0.496875 0.0078125 0.0140625
0 0.84921875 0.43125 0.009375 0.0125
0 0.76640625 0.43671875 0.0078125 0.0125
0 0.6953125 0.4421875 0.00625 0.0109375
0 0.6125 0.45 0.0046875 0.009375
4 0.8640625 0.52734375 0.0453125 0.0546875
4 0.80859375 0.44296875 0.0125 0.0171875
4 0.72421875 0.44765625 0.0078125 0.0140625
4 0.61015625 0.51171875 0.0234375 0.0359375
4 0.62578125 0.45390625 0.0078125 0.0125
4 0.46796875 0.503125 0.0109375 0.0234375
4 0.5453125 0.4640625 0.0078125 0.0140625
4 0.475 0.47421875 0.00625 0.0140625
0 0.38046875 0.4828125 0.0078125 0.0125
0 0.45703125 0.46953125 0.0046875 0.0109375
0 0.52890625 0.459375 0.0046875 0.0109375