4 0.0859375 0.49296875 0.0515625 0.121875
4 0.1671875 0.27265625 0.021875 0.0390625
4 0.275 0.246875 0.015625 0.03125
4 0.38828125 0.225 0.015625 0.025
0 0.134375 0.25234375 0.015625 0.0234375
0 0.2828125 0.2265625 0.0109375 0.021875
0 0.43828125 0.2046875 0.0109375 0.0171875
0 0.55078125 0.18828125 0.009375 0.01875
0 0.6765625 0.1734375 0.009375 0.0171875
0 0.778125 0.1625 0.0109375 0.0171875
4 0.7515625 0.17421875 0.0125 0.0234375
4 0.50390625 0.2078125 0.0109375 0.0234375
4 0.6046875 0.19296875 0.0109375 0.0234375
4 0.87421875 0.159375 0.0140625 0.021875
0 0.63359375 0.16640625 0.0046875 0.009375
0 0.64921875 0.1640625 0.0046875 0.0078125
0 0.65234375 0.1640625 0.003125 0.0078125
0 0.66953125 0.1625 0.0046875 0.0078125
0 0.6890625 0.16171875 0.0046875 0.0078125
0 0.73671875 0.15703125 0.0046875 0.0078125
0 0.74375 0.15703125 0.0046875 0.0109375
4 0.7109375 0.15859375 0.0046875 0.009375
4 0.7171875 0.1578125 0.0046875 0.009375
4 0.76015625 0.1546875 0.00625 0.0109375
0 0.80390625 0.15078125 0.0046875 0.0109375
4 0.85625 0.14453125 0.00625 0.0109375
0 0.8921875 0.140625 0.0046875 0.0109375
0 0.69609375 0.159375 0.0046875 0.0078125