4 0.8453125 0.5578125 0.03046875 0.05234375
4 0.88828125 0.5203125 0.02265625 0.0359375
0 0.88046875 0.478125 0.0109375 0.01953125
0 0.78046875 0.4828125 0.01015625 0.0203125
0 0.64140625 0.49296875 0.01171875 0.02421875
0 0.5171875 0.5171875 0.015625 0.0328125
0 0.3828125 0.56953125 0.02578125 0.053125
0 0.746875 0.4546875 0.003125 0.0078125
0 0.75 0.45390625 0.003125 0.00703125
0 0.76171875 0.45390625 0.003125 0.00703125
0 0.77265625 0.4546875 0.00390625 0.0078125
0 0.7796875 0.45390625 0.003125 0.00703125
0 0.8140625 0.45546875 0.00390625 0.00859375
0 0.81015625 0.45390625 0.00234375 0.00703125
0 0.86015625 0.4546875 0.003125 0.00625
0 0.8765625 0.45703125 0.00390625 0.00859375
4 0.7984375 0.45546875 0.00390625 0.0078125
4 0.80703125 0.4546875 0.003125 0.0078125
4 0.81953125 0.45546875 0.0046875 0.00859375
4 0.840625 0.4546875 0.00390625 0.0078125
4 0.87265625 0.45546875 0.003125 0.00859375