4 0.371875 0.58046875 0.09375 0.171875
4 0.6828125 0.1890625 0.01171875 0.02265625
4 0.5484375 0.1890625 0.009375 0.01875
4 0.33828125 0.18984375 0.00625 0.0140625
4 0.27890625 0.18984375 0.00625 0.01328125
4 0.2234375 0.190625 0.00625 0.0140625
4 0.90390625 0.18828125 0.01875 0.03203125
0 0.25625 0.1875 0.00625 0.0109375
0 0.29453125 0.18515625 0.00390625 0.0109375
0 0.35 0.18359375 0.00546875 0.0109375
4 0.39375 0.1890625 0.00703125 0.015625
0 0.41171875 0.18203125 0.00703125 0.0125
4 0.4765625 0.18984375 0.00703125 0.0171875
0 0.4765625 0.18046875 0.00703125 0.01484375
0 0.565625 0.17890625 0.00625 0.01484375
0 0.66328125 0.17890625 0.009375 0.0171875
0 0.78828125 0.17734375 0.01171875 0.021875