0 0.12578125 0.73984375 0.09453125 0.13125
0 0.4234375 0.51015625 0.015625 0.02734375
0 0.45546875 0.48984375 0.01171875 0.02109375
0 0.48671875 0.4765625 0.0078125 0.01484375
0 0.52421875 0.4671875 0.00703125 0.01328125
0 0.55625 0.46171875 0.00625 0.01171875
0 0.59921875 0.45703125 0.00546875 0.01015625
0 0.65625 0.4546875 0.00703125 0.0125
0 0.71484375 0.45078125 0.00625 0.01171875
0 0.771875 0.45 0.00625 0.01171875
0 0.85 0.4484375 0.00625 0.01171875
4 0.8609375 0.45234375 0.00703125 0.0125
4 0.79140625 0.453125 0.00703125 0.0125
4 0.73359375 0.4546875 0.00703125 0.0109375
4 0.66875 0.4578125 0.00703125 0.01171875
4 0.62890625 0.46171875 0.00703125 0.0125
4 0.61171875 0.46640625 0.0078125 0.01328125
4 0.6015625 0.47421875 0.009375 0.0171875
4 0.6109375 0.4859375 0.0109375 0.021875
4 0.62265625 0.50546875 0.015625 0.03046875
4 0.74140625 0.6 0.0453125 0.06875
1 0.65625 0.5203125 0.02890625 0.065625
1 0.3859375 0.528125 0.02890625 0.065625