4 0.74609375 0.671875 0.1359375 0.221875
4 0.13359375 0.40234375 0.1015625 0.1359375
4 0.85859375 0.24296875 0.0171875 0.0265625
4 0.71171875 0.21640625 0.0140625 0.021875
4 0.634375 0.20234375 0.0109375 0.01875
4 0.5484375 0.18671875 0.009375 0.015625
4 0.49140625 0.1765625 0.0078125 0.0140625
0 0.5625 0.1828125 0.0078125 0.0140625
0 0.5 0.17265625 0.0078125 0.0109375
0 0.6296875 0.19296875 0.0078125 0.0140625
0 0.7234375 0.209375 0.0109375 0.0171875
0 0.8296875 0.22734375 0.0125 0.01875
4 0.43125 0.16640625 0.0078125 0.0140625
0 0.44453125 0.1640625 0.00625 0.009375
0 0.40703125 0.15859375 0.0046875 0.009375
4 0.3765625 0.15859375 0.00625 0.0125
0 0.9734375 0.2484375 0.0203125 0.0265625
0 0.36875 0.153125 0.00625 0.0109375
4 0.35390625 0.1546875 0.0078125 0.0125
0 0.33125 0.14921875 0.00625 0.009375
4 0.30546875 0.1484375 0.0078125 0.0125
0 0.2890625 0.14453125 0.0078125 0.0109375
4 0.2453125 0.1421875 0.009375 0.0140625
0 0.22265625 0.1375 0.0078125 0.0125
4 0.18984375 0.13671875 0.009375 0.0140625
0 0.15625 0.1296875 0.0109375 0.0140625
4 0.14375 0.13203125 0.0109375 0.015625