0 0.2078125 0.51875 0.0546875 0.0765625
0 0.1046875 0.3625 0.0140625 0.0171875
0 0.13125 0.3671875 0.0109375 0.0140625
0 0.11796875 0.359375 0.0078125 0.0109375
0 0.1140625 0.35703125 0.0078125 0.0125
0 0.1359375 0.35859375 0.0078125 0.0109375
0 0.17265625 0.36640625 0.0078125 0.0109375
0 0.2296875 0.37890625 0.00625 0.0078125
0 0.28203125 0.39140625 0.00625 0.009375
0 0.33125 0.403125 0.00625 0.0078125
0 0.38046875 0.41484375 0.00625 0.0078125
0 0.415625 0.42421875 0.00625 0.0078125
0 0.440625 0.43125 0.00625 0.0078125
0 0.46484375 0.4390625 0.00625 0.0078125
0 0.50234375 0.44921875 0.003125 0.0078125
0 0.571875 0.465625 0.0046875 0.0078125
0 0.646875 0.484375 0.00625 0.009375
0 0.77265625 0.51640625 0.0046875 0.0078125
0 0.8390625 0.5328125 0.00625 0.0109375
4 0.590625 0.553125 0.03125 0.04375
4 0.43984375 0.4921875 0.0265625 0.034375
4 0.30234375 0.4546875 0.025 0.0328125
4 0.10546875 0.4078125 0.03125 0.0375
4 0.11484375 0.371875 0.0171875 0.0203125
4 0.20859375 0.3890625 0.0125 0.0171875
4 0.240625 0.39375 0.009375 0.0125
4 0.22578125 0.3875 0.009375 0.0125
4 0.2109375 0.38046875 0.0078125 0.0109375
4 0.2265625 0.3796875 0.00625 0.009375
4 0.20234375 0.3765625 0.009375 0.0125
4 0.27265625 0.390625 0.0078125 0.009375
4 0.31875 0.4015625 0.00625 0.009375
4 0.3625 0.41171875 0.00625 0.009375
4 0.39453125 0.42109375 0.00625 0.009375
4 0.4125 0.4265625 0.0078125 0.0109375
4 0.45234375 0.43828125 0.0078125 0.0109375
4 0.50390625 0.45078125 0.00625 0.009375
4 0.60078125 0.47421875 0.00625 0.0109375
4 0.6859375 0.496875 0.0078125 0.0109375
4 0.74921875 0.51328125 0.00625 0.009375
4 0.79765625 0.52578125 0.00625 0.009375
4 0.9078125 0.5515625 0.0078125 0.0109375
0 0.03828125 0.684375 0.0765625 0.16875
4 0.8625 0.71484375 0.08125 0.0953125
0 0.8890625 0.54453125 0.00625 0.0109375