4 0.92734375 0.515625 0.0140625 0.01875
0 0.8609375 0.50078125 0.0078125 0.0125
0 0.77734375 0.4921875 0.0078125 0.0140625
0 0.69140625 0.48515625 0.0078125 0.0125
0 0.60859375 0.4796875 0.0078125 0.0140625
0 0.5421875 0.48125 0.009375 0.0171875
0 0.484375 0.49140625 0.0140625 0.0234375
0 0.37734375 0.521875 0.025 0.040625
4 0.83359375 0.50703125 0.0109375 0.01875
4 0.73203125 0.49921875 0.0109375 0.01875
4 0.67421875 0.50078125 0.0125 0.021875
4 0.6640625 0.5171875 0.015625 0.028125
4 0.6921875 0.565625 0.028125 0.0484375