0 0.15234375 0.31953125 0.028125 0.0421875
0 0.28359375 0.271875 0.0203125 0.03125
0 0.36796875 0.23984375 0.0171875 0.028125
0 0.37734375 0.21484375 0.009375 0.015625
0 0.421875 0.2078125 0.009375 0.0171875
0 0.4453125 0.20859375 0.0125 0.0203125
0 0.4296875 0.21953125 0.0125 0.021875
4 0.22734375 0.715625 0.1484375 0.228125
4 0.2625 0.39375 0.05625 0.084375
4 0.334375 0.3 0.03125 0.046875
4 0.471875 0.2375 0.0265625 0.0421875
4 0.5734375 0.1984375 0.0171875 0.03125
0 0.0453125 0.2953125 0.0125 0.0171875
0 0.08203125 0.27578125 0.00625 0.0078125
4 0.10390625 0.271875 0.00625 0.0109375
4 0.12578125 0.27109375 0.009375 0.0171875
0 0.1421875 0.27109375 0.0109375 0.01875
0 0.15859375 0.25859375 0.00625 0.0078125
4 0.203125 0.25390625 0.0078125 0.015625
4 0.1984375 0.24765625 0.0046875 0.0109375
0 0.2265625 0.25 0.009375 0.0171875
0 0.2296875 0.240625 0.0046875 0.0078125
0 0.284375 0.23515625 0.0078125 0.0140625
0 0.2890625 0.22578125 0.003125 0.00625
4 0.271875 0.23125 0.0046875 0.0078125
4 0.2625 0.23828125 0.0078125 0.0125
4 0.31953125 0.21875 0.003125 0.009375
4 0.33125 0.22109375 0.00625 0.0125
0 0.3296875 0.22421875 0.009375 0.015625
4 0.35390625 0.21015625 0.003125 0.0078125
4 0.3984375 0.2046875 0.00625 0.0125
4 0.421875 0.19296875 0.003125 0.0078125
0 0.41171875 0.1953125 0.003125 0.00625
0 0.4453125 0.18671875 0.003125 0.00625
4 0.45234375 0.18515625 0.003125 0.0078125
4 0.4609375 0.19140625 0.0078125 0.0140625
4 0.48203125 0.178125 0.003125 0.00625
1 0.47890625 0.1765625 0.003125 0.0109375
1 0.50234375 0.1703125 0.0046875 0.0125
0 0.49921875 0.1734375 0.0046875 0.00625
4 0.51953125 0.18359375 0.0109375 0.0171875
4 0.52265625 0.1671875 0.0046875 0.0078125
0 0.52734375 0.16640625 0.003125 0.00625
0 0.56015625 0.159375 0.003125 0.00625
4 0.55 0.1609375 0.003125 0.00625
4 0.57890625 0.175 0.009375 0.01875
4 0.60546875 0.18203125 0.015625 0.025
4 0.5796875 0.15390625 0.003125 0.00625
4 0.58359375 0.159375 0.0078125 0.0109375
4 0.5984375 0.15546875 0.00625 0.0109375
4 0.61328125 0.153125 0.0078125 0.015625
4 0.6265625 0.1484375 0.00625 0.0125
4 0.64140625 0.1390625 0.0046875 0.0078125
4 0.65703125 0.140625 0.00625 0.0109375
4 0.67109375 0.1328125 0.003125 0.0078125
4 0.67890625 0.14296875 0.00625 0.0125
4 0.778125 0.12109375 0.0109375 0.0171875
0 0.6296875 0.1421875 0.003125 0.00625
0 0.6671875 0.13359375 0.0046875 0.00625
0 0.68828125 0.1359375 0.0078125 0.0140625
0 0.71015625 0.1296875 0.0078125 0.0125
0 0.7265625 0.128125 0.0078125 0.0140625
0 0.7359375 0.12265625 0.0078125 0.0125
0 0.82578125 0.1046875 0.009375 0.015625
0 0.759375 0.115625 0.00625 0.0125
0 0.78359375 0.115625 0.00625 0.0140625
4 0.87421875 0.0984375 0.009375 0.0171875