4 0.75859375 0.78515625 0.1421875 0.20625
4 0.26875 0.48515625 0.0765625 0.121875
4 0.08984375 0.39765625 0.046875 0.071875
4 0.0640625 0.2875 0.0171875 0.025
4 0.18515625 0.2640625 0.0109375 0.021875
4 0.3359375 0.23125 0.009375 0.015625
4 0.428125 0.2125 0.0078125 0.0125
4 0.48125 0.20234375 0.00625 0.0125
4 0.51328125 0.19609375 0.00625 0.0125
4 0.54375 0.1890625 0.00625 0.0109375
4 0.57109375 0.1828125 0.00625 0.0109375
4 0.59609375 0.178125 0.00625 0.0109375
0 0.08671875 0.27265625 0.0125 0.0203125
0 0.2265625 0.246875 0.0078125 0.015625
0 0.33046875 0.2265625 0.0078125 0.0125
0 0.40390625 0.21171875 0.00625 0.0125
0 0.45390625 0.20234375 0.0046875 0.0109375
0 0.4984375 0.19375 0.0046875 0.0109375
0 0.55625 0.18125 0.0046875 0.009375
0 0.52734375 0.1875 0.00625 0.009375
1 0.58359375 0.17421875 0.0046875 0.0140625
1 0.6328125 0.16796875 0.00625 0.0140625