4 0.39921875 0.5375 0.0984375 0.1578125
4 0.209375 0.2421875 0.0140625 0.021875
0 0.26875 0.225 0.0109375 0.0203125
0 0.37734375 0.21171875 0.009375 0.0203125
0 0.4796875 0.19921875 0.0109375 0.01875
0 0.5765625 0.1875 0.0109375 0.021875
0 0.659375 0.17734375 0.0078125 0.01875
4 0.3640625 0.2234375 0.0140625 0.0234375
0 0.446875 0.18671875 0.00625 0.009375
0 0.45625 0.18671875 0.0046875 0.0109375
0 0.4625 0.184375 0.0046875 0.009375
0 0.47890625 0.184375 0.0046875 0.0125
0 0.509375 0.178125 0.0046875 0.009375
4 0.515625 0.178125 0.0046875 0.0109375
4 0.53125 0.17734375 0.0046875 0.0125
0 0.54375 0.17734375 0.00625 0.0125
4 0.53828125 0.20390625 0.0140625 0.0234375
0 0.6109375 0.17109375 0.00625 0.0125
4 0.64609375 0.16640625 0.0046875 0.0125
4 0.66484375 0.18828125 0.0140625 0.0234375
0 0.6828125 0.16484375 0.00625 0.0125
4 0.71796875 0.159375 0.00625 0.0125
0 0.72265625 0.16640625 0.0109375 0.01875
0 0.7390625 0.159375 0.00625 0.0125
0 0.74765625 0.16015625 0.0078125 0.015625
0 0.753125 0.1578125 0.00625 0.0140625
0 0.1375 0.24140625 0.0125 0.021875
0 0.5015625 0.1796875 0.0046875 0.009375
0 0.50234375 0.1765625 0.003125 0.0078125
0 0.490625 0.17890625 0.003125 0.0078125
0 0.49296875 0.178125 0.003125 0.0078125
4 0.52890625 0.1765625 0.003125 0.0109375
0 0.53359375 0.17578125 0.003125 0.0078125
0 0.53515625 0.1734375 0.003125 0.0078125
4 0.5390625 0.17421875 0.003125 0.0078125
4 0.5453125 0.17265625 0.003125 0.0078125
4 0.5546875 0.1734375 0.0046875 0.0078125
4 0.56328125 0.17265625 0.0046875 0.0109375
4 0.5765625 0.17109375 0.0046875 0.009375
4 0.58046875 0.17265625 0.0046875 0.0125
4 0.59453125 0.16953125 0.0046875 0.0109375
4 0.59765625 0.16953125 0.003125 0.0109375
4 0.61328125 0.16640625 0.003125 0.0078125
0 0.6171875 0.16640625 0.003125 0.0078125
4 0.653125 0.1625 0.003125 0.0078125
0 0.66484375 0.1609375 0.0046875 0.0078125
4 0.6875 0.159375 0.003125 0.0078125
0 0.70234375 0.1578125 0.003125 0.0078125
4 0.7078125 0.1578125 0.0046875 0.009375
0 0.73046875 0.15546875 0.0046875 0.0078125
0 0.75703125 0.153125 0.0046875 0.0078125
4 0.77734375 0.153125 0.0078125 0.0140625
4 0.80078125 0.1484375 0.0046875 0.0109375
0 0.79765625 0.1484375 0.003125 0.0078125
4 0.82265625 0.1625 0.0109375 0.021875
4 0.83671875 0.14765625 0.0109375 0.0171875
4 0.8703125 0.15078125 0.0140625 0.0203125
4 0.8890625 0.14140625 0.0125 0.01875
4 0.88203125 0.14140625 0.009375 0.0171875
0 0.8765625 0.13828125 0.0046875 0.0078125
4 0.90625 0.134375 0.00625 0.0109375