0 0.309375 0.5875 0.040625 0.06484375
0 0.3984375 0.5265625 0.021875 0.03828125
0 0.42734375 0.5 0.015625 0.0265625
0 0.46328125 0.47890625 0.0109375 0.01875
0 0.4953125 0.47109375 0.00703125 0.015625
0 0.521875 0.46640625 0.00703125 0.01328125
0 0.5328125 0.4625 0.00546875 0.0125
4 0.721875 0.5375 0.02421875 0.0453125
4 0.61875 0.478125 0.01015625 0.01953125
4 0.62890625 0.496875 0.01328125 0.02734375
4 0.6390625 0.46328125 0.00625 0.0140625
4 0.6296875 0.46953125 0.00859375 0.015625
4 0.2 0.4828125 0.01015625 0.0140625
4 0.16015625 0.47109375 0.00625 0.009375
4 0.21328125 0.465625 0.0046875 0.00859375
4 0.271875 0.46171875 0.00390625 0.0078125
4 0.3078125 0.4703125 0.00703125 0.0125
4 0.31953125 0.4578125 0.00234375 0.00625
4 0.3640625 0.465625 0.0046875 0.0125
4 0.4359375 0.45859375 0.0046875 0.009375
4 0.5015625 0.45546875 0.00546875 0.009375
4 0.50703125 0.45 0.00390625 0.00703125
4 0.5484375 0.4484375 0.00390625 0.00703125
4 0.55390625 0.453125 0.0046875 0.01015625
4 0.60859375 0.4546875 0.0046875 0.0109375
4 0.5984375 0.44765625 0.003125 0.0078125
4 0.9296875 0.4375 0.00234375 0.00546875
4 0.88671875 0.4390625 0.003125 0.00625
4 0.846875 0.43984375 0.003125 0.00625
4 0.8046875 0.43984375 0.00234375 0.00625
4 0.771875 0.43984375 0.00234375 0.00703125
4 0.73984375 0.440625 0.00234375 0.00546875
4 0.7296875 0.44453125 0.00390625 0.009375
4 0.7203125 0.44296875 0.003125 0.0078125
4 0.703125 0.44609375 0.00390625 0.0078125
4 0.715625 0.44140625 0.00234375 0.00625
0 0.1203125 0.471875 0.0046875 0.0078125
0 0.15859375 0.49609375 0.01328125 0.01875
0 0.18671875 0.4671875 0.00390625 0.00703125
0 0.29921875 0.47890625 0.00703125 0.01484375
0 0.24375 0.4625 0.00390625 0.00625
0 0.29140625 0.45859375 0.00234375 0.00546875
0 0.32734375 0.45625 0.0015625 0.00546875
0 0.3859375 0.46875 0.0046875 0.01171875
0 0.43125 0.46328125 0.0046875 0.01171875
0 0.47890625 0.46015625 0.00546875 0.01171875
0 0.89453125 0.4359375 0.00234375 0.00546875
0 0.87421875 0.43671875 0.00234375 0.0046875
0 0.85546875 0.4375 0.003125 0.00703125
0 0.834375 0.43828125 0.00234375 0.00546875
0 0.79921875 0.4390625 0.00234375 0.0046875
0 0.75546875 0.43984375 0.0015625 0.00390625
0 0.725 0.43984375 0.003125 0.0046875
0 0.69921875 0.440625 0.0015625 0.0046875
0 0.68125 0.4421875 0.00234375 0.00546875
0 0.66796875 0.44453125 0.003125 0.00703125
0 0.6390625 0.4453125 0.00234375 0.00625
4 0.65703125 0.446875 0.00390625 0.00859375
0 0.60078125 0.44609375 0.00234375 0.00703125
0 0.56328125 0.446875 0.00234375 0.00703125
0 0.5359375 0.44765625 0.00234375 0.00703125
0 0.52421875 0.44765625 0.0015625 0.0046875
0 0.5171875 0.44609375 0.00234375 0.0046875
0 0.49140625 0.446875 0.0015625 0.00390625
0 0.4546875 0.44765625 0.00234375 0.0046875
4 0.46875 0.4484375 0.003125 0.00625
4 0.45078125 0.4484375 0.00234375 0.0046875
4 0.42734375 0.45 0.003125 0.0046875
4 0.40546875 0.45078125 0.00234375 0.0046875
4 0.38515625 0.45234375 0.00234375 0.0046875
4 0.359375 0.4546875 0.00234375 0.00546875
0 0.35625 0.4546875 0.00234375 0.0046875
0 0.38125 0.45234375 0.00234375 0.00546875
0 0.40234375 0.45078125 0.00234375 0.0046875
0 0.4296875 0.44921875 0.00234375 0.00390625
0 0.47265625 0.44765625 0.00234375 0.00390625
4 0.4796875 0.45 0.00234375 0.00625
4 0.48203125 0.45 0.00234375 0.00546875
4 0.484375 0.4484375 0.00234375 0.00625
0 0.51015625 0.44609375 0.00234375 0.0046875
0 0.51953125 0.446875 0.00234375 0.0046875
0 0.52265625 0.44765625 0.0015625 0.00546875
0 0.52109375 0.45859375 0.00390625 0.00859375
0 0.67265625 0.44453125 0.00234375 0.00625
0 0.925 0.43515625 0.00234375 0.0046875
4 0.62890625 0.4578125 0.00625 0.01171875