4 0.36171875 0.61328125 0.1484375 0.2296875
4 0.225 0.33515625 0.05625 0.09375
4 0.47734375 0.2640625 0.0375 0.05625
4 0.6390625 0.24296875 0.028125 0.040625
4 0.8171875 0.246875 0.025 0.034375
0 0.13046875 0.21953125 0.0375 0.0515625
0 0.36328125 0.21171875 0.0203125 0.034375
0 0.53359375 0.21328125 0.0171875 0.0296875
0 0.6625 0.2171875 0.01875 0.028125
0 0.76015625 0.2203125 0.0171875 0.025
0 0.840625 0.2234375 0.015625 0.025
0 0.8765625 0.221875 0.015625 0.0234375
0 0.8296875 0.2078125 0.0125 0.0171875
0 0.7859375 0.2015625 0.009375 0.015625
0 0.74453125 0.196875 0.0078125 0.0140625
0 0.68828125 0.19140625 0.009375 0.015625
4 0.73046875 0.19375 0.009375 0.015625
4 0.67421875 0.18828125 0.009375 0.015625
4 0.9359375 0.21328125 0.0109375 0.01875
4 0.80078125 0.20078125 0.00625 0.0125
4 0.60703125 0.1828125 0.00625 0.0125
4 0.6109375 0.178125 0.003125 0.0078125
4 0.46484375 0.1671875 0.003125 0.009375
4 0.53515625 0.175 0.0046875 0.0125
4 0.5640625 0.17421875 0.003125 0.0078125
0 0.6125 0.18515625 0.00625 0.0125
0 0.66015625 0.1828125 0.003125 0.0078125
0 0.8671875 0.215625 0.0109375 0.01875
0 0.44140625 0.171875 0.0046875 0.0125
0 0.3859375 0.16484375 0.00625 0.0125
0 0.3640625 0.1609375 0.003125 0.00625
0 0.34609375 0.16015625 0.0046875 0.0109375
4 0.98046875 0.246875 0.0203125 0.0359375
4 0.76640625 0.19296875 0.003125 0.0078125
0 0.5953125 0.17734375 0.003125 0.00625
0 0.5375 0.17890625 0.00625 0.0125
4 0.44921875 0.16484375 0.003125 0.0109375
0 0.33984375 0.15859375 0.003125 0.0109375