0 0.35625 0.5875 0.1015625 0.1453125
0 0.85625 0.55546875 0.0640625 0.0765625
0 0.81328125 0.4421875 0.0171875 0.0265625
0 0.9390625 0.47109375 0.01875 0.025
0 0.63359375 0.4 0.0140625 0.025
0 0.43984375 0.3546875 0.0171875 0.0265625
0 0.28671875 0.31953125 0.01875 0.0265625
0 0.153125 0.24609375 0.0078125 0.0109375
0 0.30078125 0.28203125 0.00625 0.009375
4 0.153125 0.26796875 0.0140625 0.021875
4 0.134375 0.2453125 0.009375 0.0125
4 0.253125 0.2953125 0.0125 0.0203125
4 0.278125 0.27890625 0.0078125 0.0109375
4 0.41015625 0.33359375 0.0109375 0.0203125
4 0.390625 0.30546875 0.00625 0.0109375
4 0.48828125 0.32734375 0.00625 0.009375
4 0.565625 0.3671875 0.0109375 0.01875
4 0.5625 0.34453125 0.00625 0.009375
4 0.7125 0.403125 0.0109375 0.01875
4 0.6890625 0.375 0.0046875 0.0078125
4 0.7546875 0.390625 0.0046875 0.0078125
4 0.81875 0.40625 0.0046875 0.0078125