0 0.165625 0.45 0.015625 0.0203125
0 0.25546875 0.4484375 0.0109375 0.0171875
0 0.3390625 0.45078125 0.009375 0.0140625
0 0.43515625 0.45625 0.0078125 0.0140625
0 0.51875 0.45625 0.00625 0.0078125
0 0.52265625 0.45390625 0.0046875 0.0078125
0 0.5390625 0.453125 0.0046875 0.0078125
0 0.56796875 0.4546875 0.0046875 0.0078125
0 0.61328125 0.4578125 0.003125 0.00625
0 0.6625 0.46328125 0.0046875 0.0078125
0 0.7125 0.46875 0.0046875 0.0078125
0 0.7734375 0.4765625 0.0046875 0.00625
0 0.82890625 0.484375 0.00625 0.009375
0 0.87109375 0.490625 0.00625 0.0109375
0 0.91875 0.4984375 0.00625 0.0109375
4 0.584375 0.58359375 0.0453125 0.065625
4 0.38515625 0.51484375 0.0296875 0.0421875
4 0.2890625 0.48203125 0.021875 0.0296875
4 0.57265625 0.47265625 0.009375 0.015625
4 0.60703125 0.471875 0.0078125 0.0140625
4 0.59921875 0.46640625 0.0078125 0.0125
4 0.590625 0.46328125 0.00625 0.0109375
4 0.65078125 0.46484375 0.0046875 0.0078125
4 0.69765625 0.46953125 0.00625 0.009375
4 0.75078125 0.4765625 0.00625 0.0078125
4 0.79453125 0.48359375 0.00625 0.009375
4 0.896875 0.5015625 0.00625 0.0125
0 0.06640625 0.465625 0.00625 0.0078125
4 0.82265625 0.48984375 0.0078125 0.0109375