4 0.81953125 0.7109375 0.15 0.24375
4 0.2203125 0.1984375 0.0265625 0.0390625
4 0.32890625 0.196875 0.021875 0.03125
4 0.44296875 0.19921875 0.01875 0.028125
4 0.80546875 0.22421875 0.015625 0.0234375
4 0.828125 0.20859375 0.0078125 0.0109375
4 0.92578125 0.21796875 0.0078125 0.0125
0 0.196875 0.1734375 0.0171875 0.025
0 0.3453125 0.1796875 0.015625 0.0234375
0 0.49921875 0.18984375 0.0125 0.0203125
0 0.61015625 0.196875 0.0125 0.0203125
0 0.7359375 0.21015625 0.0109375 0.01875
0 0.8375 0.21953125 0.0109375 0.01875
0 0.81171875 0.20859375 0.00625 0.0109375
0 0.75859375 0.20078125 0.0046875 0.009375
4 0.08828125 0.3921875 0.0328125 0.046875
4 0.55859375 0.2046875 0.015625 0.025
4 0.6578125 0.21171875 0.015625 0.025
0 0.70546875 0.19375 0.0046875 0.009375
0 0.72265625 0.196875 0.0046875 0.009375
0 0.71953125 0.1953125 0.003125 0.0078125
0 0.74140625 0.1984375 0.0046875 0.0078125
4 0.7671875 0.2015625 0.00625 0.0109375
4 0.78046875 0.203125 0.00625 0.0125
4 0.78828125 0.20390625 0.0078125 0.0109375
0 0.80859375 0.20546875 0.003125 0.0078125
4 0.83359375 0.20859375 0.0046875 0.0109375
0 0.86953125 0.2140625 0.00625 0.0125
4 0.87578125 0.2125 0.0046875 0.0109375
4 0.92578125 0.234375 0.015625 0.021875
0 0.934375 0.2265625 0.0109375 0.0171875
4 0.9765625 0.2203125 0.0078125 0.0125
0 0.9578125 0.22109375 0.0078125 0.0125
0 0.96484375 0.21953125 0.0046875 0.009375