0 0.746875 0.5609375 0.1015625 0.140625
0 0.8953125 0.35859375 0.0265625 0.0328125
0 0.70234375 0.309375 0.01875 0.028125
4 0.8125 0.31484375 0.0171875 0.025
4 0.69140625 0.28203125 0.009375 0.01875
4 0.621875 0.2578125 0.0125 0.01875
4 0.55859375 0.2375 0.0109375 0.015625
4 0.48359375 0.21796875 0.0078125 0.0140625
4 0.3875 0.19453125 0.0078125 0.0140625
4 0.171875 0.146875 0.0125 0.0171875
4 0.290625 0.17265625 0.009375 0.015625
0 0.24609375 0.1703125 0.0140625 0.0203125
0 0.34609375 0.19375 0.009375 0.015625
0 0.44140625 0.21640625 0.009375 0.015625
0 0.5140625 0.24140625 0.0109375 0.01875
0 0.56484375 0.2625 0.0140625 0.0234375
1 0.9546875 0.34140625 0.028125 0.040625