0 0.17265625 0.2546875 0.01875 0.0328125
0 0.2 0.21171875 0.009375 0.0171875
0 0.2125 0.2203125 0.009375 0.0203125
0 0.2234375 0.23515625 0.0125 0.0265625
4 0.09921875 0.37734375 0.046875 0.078125
4 0.2390625 0.59453125 0.103125 0.1765625
4 0.31875 0.28125 0.025 0.046875
4 0.41875 0.25078125 0.0171875 0.0375
4 0.4515625 0.22734375 0.0140625 0.0296875
4 0.39921875 0.21796875 0.0109375 0.0234375
4 0.33515625 0.20625 0.00625 0.01875
4 0.30078125 0.20078125 0.00625 0.015625
4 0.28359375 0.1984375 0.00625 0.0140625
4 0.27265625 0.196875 0.0046875 0.0125