0 0.259375 0.59296875 0.06875 0.0921875
0 0.4671875 0.53359375 0.0296875 0.0453125
0 0.45390625 0.50546875 0.021875 0.034375
0 0.35078125 0.465625 0.01875 0.0265625
0 0.30234375 0.44453125 0.0140625 0.021875
0 0.30859375 0.4359375 0.0078125 0.015625
0 0.3375 0.434375 0.009375 0.0140625
0 0.4015625 0.4421875 0.00625 0.0125
0 0.465625 0.45078125 0.00625 0.0109375
0 0.528125 0.4625 0.0046875 0.0078125
0 0.59921875 0.47421875 0.00625 0.009375
0 0.66640625 0.4890625 0.0046875 0.009375
0 0.721875 0.50078125 0.0078125 0.0125
0 0.784375 0.51640625 0.0078125 0.0125
0 0.8671875 0.5328125 0.009375 0.0140625
4 0.8453125 0.6140625 0.0359375 0.0515625
4 0.69375 0.54375 0.021875 0.03125
4 0.565625 0.50390625 0.0140625 0.0234375
4 0.47421875 0.475 0.0109375 0.01875
4 0.42421875 0.45859375 0.009375 0.0171875
4 0.428125 0.45234375 0.0078125 0.0140625
4 0.48046875 0.46015625 0.00625 0.0125
4 0.5390625 0.46875 0.00625 0.0125
4 0.60546875 0.48046875 0.0078125 0.0125
4 0.68359375 0.4984375 0.009375 0.0140625
4 0.74296875 0.5125 0.009375 0.0140625
4 0.85 0.5359375 0.0109375 0.015625