4 0.25625 0.625 0.1328125 0.20625
4 0.25078125 0.36171875 0.0640625 0.0953125
4 0.40390625 0.29453125 0.0359375 0.0578125
4 0.465625 0.2609375 0.0265625 0.0421875
4 0.26796875 0.21953125 0.01875 0.0296875
4 0.39296875 0.2375 0.0234375 0.034375
4 0.1484375 0.20078125 0.01875 0.0265625
4 0.1734375 0.18515625 0.0125 0.0203125
4 0.26875 0.18984375 0.0109375 0.01875
4 0.36953125 0.1953125 0.0109375 0.015625
0 0.36796875 0.190625 0.009375 0.015625
4 0.471875 0.2046875 0.0109375 0.01875
4 0.53984375 0.2125 0.0125 0.01875
4 0.653125 0.22265625 0.0125 0.021875
4 0.75546875 0.22890625 0.0109375 0.01875
4 0.93046875 0.2375 0.0125 0.01875
0 0.109375 0.24296875 0.03125 0.0453125
0 0.103125 0.2265625 0.0203125 0.0390625
0 0.15078125 0.1796875 0.015625 0.01875
0 0.25859375 0.18359375 0.0078125 0.0125
0 0.4625 0.19765625 0.009375 0.0140625
0 0.53125 0.20390625 0.009375 0.0140625
0 0.603125 0.21171875 0.009375 0.015625
0 0.69296875 0.21875 0.009375 0.0171875
0 0.821875 0.22734375 0.009375 0.015625
0 0.95078125 0.2328125 0.0109375 0.0171875