4 0.84453125 0.7921875 0.096875 0.1453125
4 0.51015625 0.56328125 0.0390625 0.05625
4 0.4125 0.50078125 0.0234375 0.034375
4 0.7359375 0.51953125 0.0140625 0.01875
4 0.778125 0.521875 0.0125 0.0171875
4 0.76484375 0.5140625 0.0109375 0.0140625
4 0.75234375 0.50703125 0.0078125 0.0125
4 0.8296875 0.51640625 0.0078125 0.0125
4 0.8984375 0.53046875 0.0078125 0.0125
0 0.11875 0.46796875 0.034375 0.04375
0 0.225 0.45078125 0.0203125 0.0265625
0 0.31796875 0.453125 0.0171875 0.021875
0 0.3984375 0.4578125 0.0125 0.0171875
0 0.478125 0.46796875 0.0109375 0.015625
0 0.57578125 0.48203125 0.009375 0.0140625
0 0.66640625 0.49140625 0.00625 0.0109375
0 0.68828125 0.48984375 0.00625 0.0078125
0 0.721875 0.49453125 0.0046875 0.0078125
0 0.84453125 0.5171875 0.00625 0.009375
0 0.91953125 0.53125 0.00625 0.0109375
0 0.046875 0.54609375 0.0125 0.0140625
0 0.77734375 0.50390625 0.0046875 0.0078125