0 0.91875 0.49296875 0.0078125 0.0125
4 0.85546875 0.49140625 0.009375 0.015625
0 0.81875 0.484375 0.0078125 0.0125
4 0.78125 0.484375 0.0078125 0.015625
0 0.75 0.478125 0.0078125 0.0125
0 0.678125 0.4734375 0.00625 0.0125
0 0.61015625 0.46953125 0.0078125 0.0125
0 0.55703125 0.4703125 0.0078125 0.0140625
0 0.515625 0.47578125 0.009375 0.0171875
0 0.45859375 0.4859375 0.0140625 0.0234375
0 0.38671875 0.5125 0.0234375 0.0375
0 0.24453125 0.59375 0.0578125 0.0796875
4 0.7 0.48125 0.0078125 0.0140625
4 0.6515625 0.48125 0.0078125 0.015625
4 0.634375 0.4875 0.0109375 0.0171875
4 0.63125 0.5046875 0.0140625 0.025
4 0.665625 0.53984375 0.025 0.040625
4 0.76015625 0.64375 0.053125 0.084375