0 0.32265625 0.62734375 0.090625 0.15
0 0.753125 0.5828125 0.05625 0.0921875
0 0.92890625 0.4734375 0.0171875 0.025
0 0.74609375 0.434375 0.0140625 0.0234375
0 0.56953125 0.39453125 0.015625 0.025
0 0.43828125 0.3671875 0.015625 0.025
0 0.2578125 0.32578125 0.015625 0.0234375
0 0.14609375 0.29453125 0.015625 0.021875
4 0.9109375 0.45546875 0.0109375 0.01875
4 0.80390625 0.43203125 0.0109375 0.01875
4 0.66171875 0.40234375 0.0125 0.01875
4 0.52109375 0.37265625 0.0125 0.01875
4 0.3828125 0.34296875 0.0109375 0.01875
4 0.29765625 0.321875 0.0109375 0.01875
4 0.19765625 0.29453125 0.0109375 0.015625
4 0.16484375 0.28359375 0.009375 0.015625
4 0.1875 0.28515625 0.009375 0.0125
0 0.16015625 0.27578125 0.0078125 0.0109375
0 0.2109375 0.28515625 0.0078125 0.0109375
0 0.2578125 0.29453125 0.0078125 0.0109375
0 0.3125 0.30625 0.00625 0.009375
4 0.25 0.2953125 0.0078125 0.0125
4 0.3171875 0.309375 0.0078125 0.0109375
4 0.365625 0.31953125 0.00625 0.0109375
4 0.5546875 0.35859375 0.00625 0.009375
0 0.546875 0.3546875 0.0046875 0.0078125
0 0.6109375 0.36875 0.0046875 0.0078125
4 0.625 0.3734375 0.0078125 0.0125
4 0.70234375 0.390625 0.00625 0.009375
0 0.678125 0.38359375 0.00625 0.0078125
0 0.73359375 0.39609375 0.0046875 0.0078125
4 0.753125 0.4015625 0.00625 0.009375
4 0.821875 0.41640625 0.0046875 0.009375
0 0.79140625 0.409375 0.0046875 0.0078125
0 0.853125 0.421875 0.0046875 0.0078125
0 0.91171875 0.4328125 0.00625 0.0078125
4 0.89140625 0.43046875 0.0078125 0.0109375
0 0.3796875 0.3203125 0.00625 0.009375