0 0.3140625 0.690625 0.121875 0.2015625
0 0.8515625 0.6546875 0.084375 0.1203125
0 0.2578125 0.27421875 0.0078125 0.0125
0 0.27109375 0.275 0.009375 0.0109375
0 0.28046875 0.28515625 0.009375 0.015625
0 0.315625 0.284375 0.00625 0.009375
0 0.32734375 0.3015625 0.0109375 0.0171875
0 0.39296875 0.3234375 0.0109375 0.0171875
0 0.5 0.3546875 0.0125 0.0203125
0 0.490625 0.32734375 0.0046875 0.0078125
0 0.66171875 0.4015625 0.0125 0.0203125
0 0.64375 0.36796875 0.0046875 0.0078125
0 0.7046875 0.384375 0.0046875 0.0078125
0 0.778125 0.4328125 0.0140625 0.021875
0 0.7703125 0.40234375 0.0046875 0.00625
0 0.82421875 0.41640625 0.0046875 0.0078125
0 0.94296875 0.4765625 0.015625 0.021875
0 0.94921875 0.4484375 0.0046875 0.0078125
4 0.56875 0.36484375 0.0109375 0.0171875
4 0.4875 0.34140625 0.0109375 0.015625
4 0.4859375 0.3265625 0.00625 0.009375
4 0.34453125 0.29765625 0.0078125 0.0125
4 0.35078125 0.2953125 0.0078125 0.0109375
4 0.82421875 0.43515625 0.0109375 0.0171875
4 0.8 0.4109375 0.00625 0.009375
4 0.69453125 0.40234375 0.0109375 0.01875
4 0.725 0.39140625 0.00625 0.009375
4 0.44453125 0.3171875 0.0046875 0.0078125
4 0.38671875 0.3125 0.0078125 0.0125
4 0.390625 0.3046875 0.00625 0.009375
0 0.43203125 0.3125 0.0046875 0.0078125
4 0.85078125 0.42421875 0.0046875 0.0078125
4 0.92109375 0.4421875 0.00625 0.009375