0 0.10625 0.3546875 0.0140625 0.0203125
0 0.26640625 0.34921875 0.0125 0.0234375
0 0.29375 0.35859375 0.015625 0.0265625
0 0.41484375 0.3640625 0.0171875 0.034375
0 0.6390625 0.34765625 0.0203125 0.0375
0 0.8578125 0.421875 0.05625 0.08125
0 0.43203125 0.64140625 0.071875 0.15625
4 0.06796875 0.35078125 0.0109375 0.0171875
4 0.2890625 0.32578125 0.0078125 0.0171875
4 0.3609375 0.321875 0.0078125 0.0171875
4 0.41484375 0.32265625 0.009375 0.015625
4 0.47578125 0.32578125 0.0109375 0.015625
4 0.60078125 0.31640625 0.0140625 0.0234375
4 0.87109375 0.2890625 0.0203125 0.0296875
1 0.7546875 0.29375 0.0203125 0.04375
1 0.834375 0.31640625 0.040625 0.06875