1 0.11796875 0.7546875 0.0859375 0.2296875
1 0.9109375 0.67421875 0.1015625 0.2234375
0 0.3171875 0.5890625 0.040625 0.059375
0 0.3984375 0.5203125 0.0171875 0.03125
0 0.45234375 0.490625 0.0125 0.021875
0 0.50234375 0.47265625 0.009375 0.015625
0 0.5390625 0.46171875 0.0078125 0.0125
0 0.58828125 0.453125 0.0078125 0.0109375
0 0.653125 0.4453125 0.00625 0.009375
0 0.71953125 0.43828125 0.00625 0.0109375
0 0.78359375 0.4328125 0.00625 0.0109375
0 0.87421875 0.425 0.0078125 0.0109375
4 0.703125 0.55546875 0.034375 0.0609375
4 0.63828125 0.5015625 0.0203125 0.034375
4 0.60859375 0.47890625 0.0125 0.025
4 0.61328125 0.46484375 0.0078125 0.0171875
4 0.628125 0.45703125 0.0078125 0.015625
4 0.67265625 0.4484375 0.0078125 0.0125
4 0.74765625 0.440625 0.0078125 0.0140625
4 0.81484375 0.434375 0.0078125 0.0140625
4 0.8984375 0.4265625 0.009375 0.0140625