0 0.403125 0.53671875 0.02421875 0.03984375
0 0.48515625 0.5 0.01328125 0.0265625
0 0.51484375 0.48203125 0.009375 0.0203125
0 0.57109375 0.4734375 0.00703125 0.01484375
0 0.58984375 0.4671875 0.00703125 0.01328125
0 0.6046875 0.4625 0.0046875 0.0125
0 0.6125 0.46015625 0.0046875 0.01171875
0 0.628125 0.45546875 0.0046875 0.009375
0 0.64765625 0.453125 0.0046875 0.0078125
0 0.63984375 0.45 0.00390625 0.0078125
4 0.7484375 0.54765625 0.03203125 0.0484375
4 0.70625 0.50390625 0.01796875 0.03046875
4 0.68984375 0.4875 0.01328125 0.02265625
4 0.73359375 0.475 0.0109375 0.01796875
4 0.71328125 0.46640625 0.0078125 0.0140625
4 0.7015625 0.46015625 0.00625 0.0125
4 0.7125 0.45625 0.0046875 0.01015625
4 0.728125 0.45390625 0.0046875 0.01015625
4 0.734375 0.4484375 0.00390625 0.0078125
4 0.74296875 0.45234375 0.0046875 0.00859375
4 0.78984375 0.4453125 0.003125 0.0078125
4 0.8359375 0.4453125 0.003125 0.00625
4 0.90078125 0.44140625 0.00234375 0.00546875
4 0.86640625 0.44453125 0.003125 0.00625
4 0.871875 0.44296875 0.003125 0.00703125
0 0.92578125 0.440625 0.00234375 0.0046875
0 0.88828125 0.440625 0.00234375 0.00546875
0 0.8578125 0.44140625 0.00234375 0.0046875
0 0.8078125 0.44375 0.003125 0.00625
0 0.81484375 0.44296875 0.00234375 0.00546875
0 0.77890625 0.44375 0.00234375 0.00546875
0 0.6640625 0.45234375 0.00390625 0.0078125
0 0.67421875 0.45078125 0.00390625 0.0078125
0 0.66796875 0.45 0.003125 0.0078125
4 0.65703125 0.44765625 0.003125 0.00703125
4 0.66484375 0.4453125 0.00234375 0.00546875
4 0.6484375 0.44453125 0.00234375 0.0046875
4 0.61171875 0.44921875 0.00234375 0.0078125
0 0.60859375 0.45 0.003125 0.0078125
0 0.58203125 0.45234375 0.003125 0.0078125
0 0.53984375 0.4546875 0.00390625 0.0078125
4 0.565625 0.45078125 0.00234375 0.00703125
4 0.53515625 0.45234375 0.003125 0.00703125
0 0.48828125 0.4578125 0.00390625 0.0078125
0 0.44375 0.4609375 0.0046875 0.00859375
0 0.3578125 0.46640625 0.00390625 0.01015625
0 0.26875 0.47109375 0.00625 0.0109375
0 0.26015625 0.4609375 0.003125 0.00625
4 0.27890625 0.4609375 0.003125 0.00703125
4 0.30078125 0.46640625 0.00546875 0.0109375
4 0.3640625 0.46328125 0.00546875 0.0109375
4 0.19296875 0.465625 0.00390625 0.0078125
4 0.146875 0.46796875 0.0046875 0.0078125
4 0.06875 0.47421875 0.00703125 0.0109375
4 0.09140625 0.471875 0.0046875 0.009375
4 0.10234375 0.47421875 0.00703125 0.0109375
0 0.08671875 0.478125 0.00625 0.01171875
0 0.18671875 0.475 0.00625 0.0109375
0 0.1765625 0.46484375 0.0046875 0.00625
0 0.32421875 0.4578125 0.00234375 0.00546875
4 0.34453125 0.4578125 0.003125 0.00703125
4 0.390625 0.4546875 0.003125 0.00625
0 0.36953125 0.45546875 0.00234375 0.00546875
4 0.434375 0.459375 0.00390625 0.009375
4 0.46015625 0.4515625 0.00234375 0.00546875
0 0.47265625 0.45 0.00234375 0.00390625
0 0.5015625 0.4484375 0.0015625 0.00390625
0 0.52421875 0.44765625 0.0015625 0.003125
4 0.69609375 0.446875 0.00390625 0.0078125
0 0.71328125 0.44453125 0.00234375 0.00390625
0 0.68984375 0.44453125 0.00234375 0.0046875
4 0.73828125 0.44453125 0.003125 0.00703125
4 0.43515625 0.45234375 0.00234375 0.00546875
0 0.4421875 0.4515625 0.00234375 0.0046875
4 0.49296875 0.45 0.00234375 0.00546875
4 0.521875 0.44921875 0.00234375 0.0046875
4 0.6 0.4453125 0.00234375 0.0046875
4 0.6203125 0.44453125 0.00234375 0.00390625
0 0.6234375 0.44375 0.0015625 0.00390625
4 0.64375 0.4453125 0.00234375 0.0046875
4 0.63515625 0.44453125 0.00234375 0.00390625
0 0.6390625 0.44375 0.00234375 0.00390625
0 0.6546875 0.44375 0.00234375 0.00390625
0 0.67109375 0.44375 0.0015625 0.003125
0 0.68046875 0.44453125 0.00234375 0.00546875
0 0.74375 0.44375 0.00234375 0.00546875
0 0.8203125 0.4421875 0.00234375 0.00546875
4 0.875 0.44140625 0.00234375 0.00625
4 0.5484375 0.44765625 0.00234375 0.0046875
0 0.5453125 0.446875 0.0015625 0.00390625
4 0.5671875 0.44609375 0.00234375 0.0046875
4 0.5828125 0.44609375 0.00234375 0.00390625
0 0.5796875 0.4453125 0.0015625 0.00390625
0 0.56328125 0.44609375 0.00234375 0.00390625
0 0.6765625 0.44375 0.0015625 0.00390625
4 0.184375 0.47109375 0.00546875 0.01171875