4 0.60859375 0.59453125 0.04296875 0.07109375
4 0.38984375 0.5359375 0.0265625 0.04296875
4 0.24453125 0.5046875 0.01640625 0.02734375
4 0.1609375 0.4921875 0.01328125 0.01953125
4 0.14375 0.4734375 0.009375 0.0140625
4 0.13515625 0.48046875 0.0109375 0.0171875
4 0.17109375 0.465625 0.0078125 0.01171875
4 0.20390625 0.4609375 0.00703125 0.01015625
4 0.25390625 0.4578125 0.00546875 0.01015625
4 0.3140625 0.4546875 0.0046875 0.01015625
4 0.36796875 0.45390625 0.0046875 0.0078125
4 0.40234375 0.45390625 0.00390625 0.00859375
4 0.5875 0.4546875 0.00625 0.0125
4 0.6890625 0.45625 0.0078125 0.0140625
4 0.84296875 0.45859375 0.01015625 0.01484375
0 0.10703125 0.46484375 0.00625 0.01171875
0 0.15 0.46171875 0.0046875 0.009375
0 0.2125 0.4578125 0.0046875 0.0078125
0 0.27734375 0.45390625 0.003125 0.0078125
0 0.31796875 0.45234375 0.00234375 0.0078125
0 0.35546875 0.4515625 0.003125 0.0078125
0 0.39765625 0.45078125 0.003125 0.0078125
0 0.44765625 0.45 0.0015625 0.00625
0 0.525 0.45078125 0.00390625 0.009375
0 0.615625 0.45078125 0.0046875 0.01171875
0 0.71015625 0.4515625 0.00546875 0.0109375
0 0.83984375 0.45234375 0.00546875 0.0125