4 0.2296875 0.3765625 0.065625 0.10625
4 0.21640625 0.2890625 0.046875 0.06875
4 0.11484375 0.2328125 0.0328125 0.05
4 0.85078125 0.21796875 0.0109375 0.0171875
4 0.83359375 0.2359375 0.0171875 0.0265625
4 0.87109375 0.2515625 0.01875 0.03125
4 0.76875 0.20859375 0.009375 0.0171875
0 0.7921875 0.20703125 0.009375 0.0140625
0 0.715625 0.2 0.0078125 0.0125
0 0.64375 0.1921875 0.0078125 0.0125
0 0.63203125 0.18671875 0.0046875 0.0109375
0 0.609375 0.184375 0.0078125 0.0109375
0 0.70546875 0.19375 0.00625 0.009375
4 0.68046875 0.19921875 0.0109375 0.0171875
4 0.53515625 0.1859375 0.009375 0.015625
0 0.14140625 0.1390625 0.009375 0.0109375
4 0.16171875 0.1453125 0.0078125 0.0125
4 0.2 0.14765625 0.0140625 0.0140625
0 0.20234375 0.146875 0.009375 0.0140625
4 0.21484375 0.146875 0.0078125 0.0109375
0 0.2109375 0.14609375 0.0078125 0.009375
4 0.2328125 0.14921875 0.00625 0.0109375
4 0.23984375 0.15234375 0.0078125 0.0125
0 0.23671875 0.14921875 0.00625 0.009375
0 0.2421875 0.15 0.00625 0.0109375
0 0.2640625 0.153125 0.0078125 0.0125
4 0.26875 0.15234375 0.00625 0.0109375
0 0.27109375 0.153125 0.0046875 0.0078125
0 0.28203125 0.15390625 0.00625 0.009375
4 0.28828125 0.1546875 0.00625 0.009375
4 0.29453125 0.1578125 0.009375 0.0140625
0 0.29921875 0.15625 0.00625 0.0109375
4 0.3140625 0.15703125 0.0078125 0.0109375
0 0.32890625 0.1578125 0.0046875 0.009375
0 0.33671875 0.159375 0.00625 0.009375
0 0.340625 0.15859375 0.0046875 0.0078125
4 0.35 0.1625 0.0078125 0.0125
0 0.359375 0.16171875 0.0046875 0.009375
0 0.36484375 0.16171875 0.00625 0.0109375
4 0.3609375 0.1625 0.0046875 0.0125
4 0.36953125 0.16171875 0.0046875 0.009375
0 0.390625 0.1640625 0.0046875 0.0078125
4 0.3953125 0.1640625 0.00625 0.009375
4 0.41015625 0.165625 0.0078125 0.0125
4 0.4296875 0.16640625 0.0046875 0.009375
4 0.43359375 0.1671875 0.0046875 0.009375
0 0.44296875 0.16875 0.0046875 0.0078125
4 0.46875 0.17109375 0.0046875 0.0078125
0 0.4890625 0.17265625 0.0046875 0.0078125
4 0.5 0.18046875 0.009375 0.015625
4 0.49609375 0.17578125 0.00625 0.0125
4 0.5234375 0.1765625 0.0046875 0.0078125
4 0.528125 0.1765625 0.00625 0.0109375
0 0.540625 0.17734375 0.0046875 0.0078125
4 0.56328125 0.17890625 0.00625 0.0109375
0 0.58671875 0.18203125 0.0046875 0.0078125
0 0.5921875 0.18515625 0.00625 0.0125
0 0.59375 0.1875 0.00625 0.0140625
4 0.5953125 0.19140625 0.009375 0.015625
4 0.6015625 0.18359375 0.00625 0.0109375
4 0.61796875 0.18515625 0.00625 0.009375
0 0.634375 0.18671875 0.0046875 0.0078125
0 0.6671875 0.18984375 0.0046875 0.0109375
4 0.6640625 0.18984375 0.00625 0.0125
4 0.67890625 0.190625 0.0046875 0.0078125
0 0.69140625 0.19296875 0.0046875 0.00625
4 0.71015625 0.19453125 0.00625 0.0109375
0 0.75234375 0.1984375 0.00625 0.0109375
4 0.74765625 0.1984375 0.00625 0.0109375
4 0.77578125 0.2 0.00625 0.0109375
0 0.8 0.203125 0.00625 0.0125
0 0.8046875 0.2046875 0.0046875 0.0078125
4 0.8015625 0.20390625 0.00625 0.0125
4 0.83359375 0.20703125 0.0078125 0.0125
0 0.8515625 0.2078125 0.009375 0.0140625
0 0.8625 0.2078125 0.0078125 0.0109375
4 0.884375 0.23203125 0.0140625 0.0234375
4 0.8765625 0.20859375 0.009375 0.0140625
4 0.884375 0.21015625 0.0078125 0.0125
0 0.89140625 0.2171875 0.009375 0.0171875
0 0.89921875 0.21171875 0.0046875 0.009375
0 0.90703125 0.2125 0.009375 0.0125
4 0.90234375 0.2109375 0.0078125 0.0125
4 0.90859375 0.22421875 0.0140625 0.0203125
4 0.925 0.2296875 0.0171875 0.025
0 0.93828125 0.2140625 0.0078125 0.0109375
0 0.946875 0.2140625 0.009375 0.0125
0 0.96484375 0.2140625 0.0140625 0.0140625
0 0.96328125 0.225 0.015625 0.0203125