0 0.6703125 0.4234375 0.046875 0.0703125
0 0.26796875 0.384375 0.0125 0.01875
0 0.3703125 0.3609375 0.0125 0.0203125
0 0.46875 0.33984375 0.0109375 0.01875
0 0.5796875 0.3171875 0.0109375 0.01875
0 0.6703125 0.29765625 0.0109375 0.01875
0 0.7953125 0.2765625 0.0125 0.0203125
4 0.82109375 0.2625 0.0125 0.01875
4 0.6984375 0.284375 0.009375 0.0171875
4 0.60859375 0.3015625 0.009375 0.0140625
4 0.528125 0.31875 0.0078125 0.0140625
4 0.43984375 0.33828125 0.009375 0.015625
4 0.3578125 0.3546875 0.0078125 0.01875
4 0.2609375 0.378125 0.00625 0.0140625