0 0.67890625 0.55703125 0.04609375 0.0984375
0 0.571875 0.4421875 0.02890625 0.05234375
0 0.415625 0.39765625 0.01640625 0.03515625
0 0.2796875 0.36484375 0.01484375 0.025
0 0.20703125 0.3453125 0.0140625 0.0203125
0 0.1703125 0.3359375 0.009375 0.0171875
0 0.14609375 0.32578125 0.00703125 0.0140625
0 0.15546875 0.32109375 0.00703125 0.0125
0 0.16953125 0.31875 0.00625 0.01015625
0 0.2 0.31640625 0.0046875 0.01015625
0 0.22578125 0.31640625 0.00390625 0.0078125
0 0.27265625 0.31796875 0.00390625 0.0078125
0 0.3265625 0.31953125 0.00390625 0.0078125
0 0.39453125 0.32265625 0.003125 0.00625
0 0.434375 0.325 0.00234375 0.0078125
0 0.48125 0.32890625 0.00390625 0.0078125
0 0.55390625 0.334375 0.00390625 0.0078125
0 0.6359375 0.34140625 0.00390625 0.00859375
0 0.7171875 0.3484375 0.0046875 0.009375
4 0.68359375 0.4015625 0.015625 0.03046875
4 0.53984375 0.375 0.015625 0.025
4 0.40625 0.35390625 0.01171875 0.0203125
4 0.31640625 0.3421875 0.0078125 0.0171875
4 0.26875 0.3328125 0.00703125 0.01328125
4 0.2578125 0.32734375 0.00625 0.0125
4 0.3125 0.32109375 0.00390625 0.009375
4 0.36328125 0.32265625 0.003125 0.0078125
4 0.4125 0.3265625 0.0046875 0.0078125
4 0.44453125 0.328125 0.00390625 0.009375
4 0.5234375 0.33515625 0.0046875 0.00859375
4 0.61328125 0.3421875 0.0046875 0.009375
4 0.70078125 0.35078125 0.0046875 0.009375
4 0.93359375 0.3703125 0.00546875 0.0125
4 0.8265625 0.36171875 0.00703125 0.01171875
0 0.27734375 0.8421875 0.084375 0.1265625
4 0.2765625 0.32109375 0.00390625 0.0078125