4 0.92109375 0.2484375 0.0078125 0.0109375
4 0.9046875 0.26171875 0.009375 0.0171875
4 0.8953125 0.2578125 0.0078125 0.0140625
4 0.89296875 0.2765625 0.0140625 0.0203125
4 0.87421875 0.2546875 0.0078125 0.0125
4 0.88046875 0.2515625 0.00625 0.0125
4 0.81953125 0.28671875 0.015625 0.025
0 0.89765625 0.303125 0.0203125 0.0328125
0 0.7875 0.31875 0.021875 0.034375
0 0.8359375 0.42421875 0.0578125 0.0796875
0 0.646875 0.33203125 0.021875 0.0359375
4 0.73828125 0.296875 0.0140625 0.025
4 0.60625 0.31171875 0.0140625 0.028125
2 0.60390625 0.33515625 0.0203125 0.0375
2 0.5453125 0.31484375 0.0140625 0.028125
2 0.5171875 0.34765625 0.0203125 0.0421875
2 0.47265625 0.32109375 0.0140625 0.0296875
2 0.421875 0.359375 0.0203125 0.0421875
2 0.390625 0.32890625 0.0140625 0.028125
2 0.315625 0.3359375 0.015625 0.0296875
2 0.296875 0.35078125 0.01875 0.0359375
2 0.28046875 0.37109375 0.021875 0.0453125