4 0.15 0.2 0.03125 0.04375
4 0.115625 0.24765625 0.0328125 0.0625
4 0.13671875 0.1796875 0.0234375 0.0359375
4 0.953125 0.27734375 0.021875 0.03125
4 0.85078125 0.25 0.0140625 0.0234375
4 0.79375 0.23359375 0.0109375 0.0203125
4 0.76171875 0.225 0.009375 0.01875
4 0.72734375 0.215625 0.009375 0.0140625
0 0.7734375 0.2171875 0.009375 0.0140625
0 0.8109375 0.22421875 0.009375 0.015625
0 0.86328125 0.23671875 0.009375 0.0171875
0 0.9234375 0.2515625 0.0125 0.0203125
0 0.2078125 0.1453125 0.0109375 0.0171875
4 0.834375 0.81640625 0.1453125 0.2796875
0 0.24609375 0.1484375 0.009375 0.0140625
0 0.284375 0.15 0.0078125 0.0140625
0 0.31796875 0.15234375 0.00625 0.0109375
4 0.2234375 0.15234375 0.0140625 0.021875
4 0.30703125 0.15859375 0.0109375 0.015625
4 0.33828125 0.16171875 0.0078125 0.015625