0 0.48828125 0.6890625 0.1171875 0.184375
0 0.83046875 0.42578125 0.090625 0.1140625
0 0.67734375 0.30703125 0.0296875 0.0390625
0 0.54375 0.37578125 0.034375 0.0484375
4 0.53203125 0.32578125 0.01875 0.0265625
4 0.36328125 0.39609375 0.025 0.0359375
4 0.340625 0.40625 0.025 0.0359375
0 0.26328125 0.35078125 0.0125 0.021875
4 0.2390625 0.3328125 0.01875 0.0265625
4 0.2296875 0.3359375 0.0171875 0.025
4 0.225 0.34140625 0.0109375 0.0203125
1 0.6546875 0.23828125 0.00625 0.0140625
2 0.659375 0.228125 0.00625 0.009375