0 0.09609375 0.71015625 0.0625 0.11640625
0 0.91640625 0.47265625 0.01171875 0.01796875
0 0.81796875 0.4671875 0.0078125 0.01484375
0 0.78515625 0.4625 0.00703125 0.01328125
0 0.7625 0.45234375 0.0046875 0.0078125
0 0.72890625 0.45078125 0.003125 0.0078125
0 0.23984375 0.4703125 0.00390625 0.00859375
0 0.32578125 0.465625 0.00390625 0.0078125
0 0.40390625 0.4609375 0.00390625 0.0078125
0 0.46484375 0.4578125 0.003125 0.00703125
0 0.5125 0.45546875 0.00390625 0.00703125
0 0.55390625 0.453125 0.00234375 0.00546875
0 0.5875 0.4515625 0.00234375 0.00625
0 0.62890625 0.45078125 0.00234375 0.0046875
0 0.66796875 0.45 0.00390625 0.00703125
0 0.696875 0.45078125 0.00390625 0.00703125
0 0.775 0.4546875 0.003125 0.00859375
0 0.77890625 0.45703125 0.003125 0.01015625
0 0.78203125 0.46015625 0.00390625 0.01171875
4 0.86015625 0.48359375 0.0140625 0.02265625
4 0.725 0.475 0.009375 0.0171875
4 0.7078125 0.45546875 0.0046875 0.009375
4 0.67578125 0.465625 0.00625 0.01328125
4 0.69921875 0.4578125 0.00546875 0.0109375
4 0.68125 0.46171875 0.00625 0.0125
4 0.684375 0.453125 0.00234375 0.0078125
4 0.65703125 0.4515625 0.00390625 0.0078125
4 0.61875 0.45234375 0.003125 0.00703125
4 0.546875 0.45546875 0.00390625 0.0078125
4 0.49921875 0.4578125 0.00390625 0.0078125
4 0.4265625 0.4625 0.0046875 0.01015625
4 0.340625 0.4671875 0.0046875 0.009375
4 0.234375 0.47421875 0.00546875 0.01171875
4 0.13671875 0.4796875 0.0078125 0.0125
4 0.346875 0.52890625 0.0203125 0.034375
4 0.59296875 0.5453125 0.02734375 0.04765625
4 0.584375 0.453125 0.003125 0.00703125
0 0.13515625 0.47734375 0.0046875 0.01328125