4 0.0921875 0.396875 0.0171875 0.0203125
4 0.10859375 0.37890625 0.0078125 0.0109375
0 0.2109375 0.421875 0.015625 0.0203125
4 0.246875 0.41796875 0.0109375 0.015625
4 0.34609375 0.4328125 0.0078125 0.0140625
0 0.3375 0.43828125 0.0109375 0.015625
4 0.39765625 0.440625 0.00625 0.0109375
4 0.46640625 0.4515625 0.00625 0.0109375
0 0.4609375 0.4546875 0.009375 0.0125
0 0.5078125 0.46328125 0.009375 0.0125
4 0.5296875 0.46484375 0.00625 0.009375
0 0.546875 0.47265625 0.00625 0.0109375
0 0.55859375 0.478125 0.0078125 0.0125
0 0.5484375 0.47890625 0.009375 0.0140625
0 0.52421875 0.47890625 0.0109375 0.015625
0 0.49296875 0.47890625 0.0140625 0.0203125
0 0.4609375 0.48984375 0.01875 0.0265625
0 0.434375 0.50703125 0.025 0.0375
0 0.3625 0.54140625 0.0453125 0.0640625
0 0.071875 0.68671875 0.1296875 0.1765625
4 0.5796875 0.47578125 0.00625 0.0109375
4 0.63203125 0.490625 0.00625 0.0109375
4 0.57421875 0.46953125 0.0046875 0.0078125
0 0.5890625 0.471875 0.0046875 0.0078125
4 0.6234375 0.48046875 0.00625 0.0078125
4 0.68046875 0.49453125 0.00625 0.009375
4 0.65078125 0.4984375 0.00625 0.0125
4 0.6609375 0.50546875 0.009375 0.0171875
4 0.6515625 0.509375 0.009375 0.0171875
4 0.64140625 0.51484375 0.0140625 0.021875
4 0.65 0.5359375 0.01875 0.028125
4 0.7328125 0.59375 0.0328125 0.0453125
0 0.6625 0.4890625 0.0046875 0.00625
4 0.725 0.50546875 0.00625 0.0078125
0 0.690625 0.4953125 0.0046875 0.00625
4 0.75078125 0.51015625 0.00625 0.009375
0 0.56171875 0.46484375 0.003125 0.00625
0 0.6953125 0.49453125 0.0046875 0.0078125
0 0.16796875 0.3890625 0.00625 0.0078125
4 0.20546875 0.39609375 0.00625 0.009375
0 0.228125 0.3984375 0.00625 0.0078125
4 0.25390625 0.4046875 0.00625 0.0078125
0 0.28125 0.40859375 0.003125 0.00625
4 0.30859375 0.41484375 0.0046875 0.0078125
0 0.32578125 0.41640625 0.003125 0.00625
4 0.35390625 0.421875 0.0046875 0.0078125
0 0.3609375 0.42265625 0.003125 0.0046875
0 0.3875 0.42734375 0.003125 0.0046875
4 0.390625 0.428125 0.003125 0.00625
4 0.415625 0.43203125 0.003125 0.00625
0 0.41875 0.44921875 0.009375 0.0140625
0 0.43203125 0.434375 0.003125 0.0046875
4 0.43515625 0.4359375 0.003125 0.00625
4 0.45625 0.43984375 0.003125 0.0046875
0 0.45859375 0.440625 0.003125 0.0046875
4 0.47890625 0.44453125 0.003125 0.0046875
0 0.4828125 0.44609375 0.003125 0.0046875
4 0.496875 0.4484375 0.003125 0.00625
0 0.5 0.4484375 0.003125 0.0046875
4 0.5078125 0.453125 0.003125 0.00625
4 0.51015625 0.453125 0.0046875 0.0078125
4 0.51171875 0.453125 0.0046875 0.0078125
0 0.51875 0.453125 0.003125 0.0046875
4 0.534375 0.46015625 0.0046875 0.0078125
0 0.53671875 0.4578125 0.003125 0.0046875
0 0.5421875 0.459375 0.003125 0.0046875
0 0.54609375 0.46015625 0.003125 0.0046875
0 0.54765625 0.4609375 0.003125 0.00625
0 0.55078125 0.46171875 0.003125 0.00625
0 0.703125 0.4953125 0.003125 0.00625
0 0.721875 0.49921875 0.003125 0.0046875
4 0.7375 0.50390625 0.003125 0.00625
4 0.74140625 0.50390625 0.003125 0.00625
4 0.7421875 0.50546875 0.0046875 0.0078125
0 0.746875 0.5046875 0.003125 0.00625
4 0.7609375 0.50859375 0.0046875 0.0078125
0 0.77734375 0.51171875 0.003125 0.0046875
4 0.79375 0.51640625 0.0046875 0.0078125
4 0.8265625 0.52421875 0.0046875 0.0078125
0 0.8203125 0.521875 0.003125 0.00625
0 0.85625 0.53046875 0.003125 0.00625
4 0.86875 0.53515625 0.0046875 0.0078125
0 0.8765625 0.53515625 0.003125 0.00625
0 0.89609375 0.5390625 0.003125 0.00625
0 0.91640625 0.54375 0.003125 0.00625
4 0.909375 0.54375 0.00625 0.0078125
4 0.93046875 0.5484375 0.0046875 0.0078125
0 0.69296875 0.49375 0.003125 0.00625