4 0.4765625 0.64921875 0.1453125 0.2234375
4 0.91640625 0.24375 0.0125 0.0203125
4 0.834375 0.2296875 0.009375 0.0171875
4 0.765625 0.21796875 0.0109375 0.015625
4 0.665625 0.20078125 0.0078125 0.0140625
4 0.63125 0.1953125 0.0078125 0.0125
4 0.5921875 0.18828125 0.00625 0.009375
0 0.96015625 0.24140625 0.0109375 0.0171875
0 0.86640625 0.22890625 0.0078125 0.0125
0 0.80234375 0.21875 0.00625 0.0125
0 0.73359375 0.20703125 0.00625 0.0125
0 0.6828125 0.19921875 0.0078125 0.0109375
0 0.634375 0.190625 0.00625 0.0109375
0 0.590625 0.18359375 0.0046875 0.009375
0 0.56875 0.17734375 0.0046875 0.00625
0 0.56484375 0.1765625 0.0046875 0.009375
0 0.5609375 0.17890625 0.0046875 0.0078125
0 0.55625 0.17734375 0.0046875 0.0078125
4 0.54921875 0.1796875 0.0078125 0.0109375
0 0.5390625 0.17109375 0.003125 0.00625
4 0.521875 0.1703125 0.0046875 0.0078125
4 0.5125 0.1703125 0.0046875 0.009375
4 0.51015625 0.17421875 0.0046875 0.009375
0 0.50703125 0.1671875 0.003125 0.0078125
4 0.5015625 0.16796875 0.003125 0.0078125
4 0.4984375 0.16953125 0.0046875 0.009375
4 0.4921875 0.17109375 0.0046875 0.0078125
4 0.4734375 0.16484375 0.003125 0.0078125
0 0.4703125 0.16328125 0.003125 0.00625
0 0.43125 0.15859375 0.003125 0.00625
0 0.39296875 0.1546875 0.003125 0.00625
0 0.315625 0.14921875 0.0046875 0.0078125
0 0.2546875 0.14296875 0.003125 0.0078125
0 0.19921875 0.1359375 0.00625 0.0078125
0 0.15390625 0.13046875 0.00625 0.0078125
4 0.16875 0.13203125 0.00625 0.0078125
4 0.2140625 0.13671875 0.0078125 0.0109375
4 0.25234375 0.1421875 0.00625 0.009375
4 0.33828125 0.1515625 0.00625 0.009375
4 0.3625 0.15390625 0.0046875 0.009375
4 0.38671875 0.15546875 0.0046875 0.0078125
4 0.40546875 0.15703125 0.003125 0.0078125
4 0.440625 0.16015625 0.003125 0.0078125