4 0.790625 0.6484375 0.0578125 0.0734375
4 0.8 0.5328125 0.0125 0.0171875
4 0.78828125 0.52265625 0.009375 0.0140625
4 0.7828125 0.5171875 0.0078125 0.0125
4 0.79921875 0.5171875 0.00625 0.0109375
4 0.7453125 0.52890625 0.0109375 0.0203125
4 0.746875 0.53828125 0.0140625 0.025
4 0.7484375 0.5625 0.0265625 0.0359375
4 0.7921875 0.50703125 0.0046875 0.0078125
4 0.7625 0.5 0.003125 0.00625
4 0.7515625 0.49921875 0.0046875 0.0078125
4 0.81875 0.51875 0.0078125 0.0125
4 0.8328125 0.51640625 0.00625 0.009375
4 0.8375 0.52109375 0.00625 0.009375
4 0.703125 0.48984375 0.0046875 0.0078125
4 0.53671875 0.46328125 0.0046875 0.009375
4 0.559375 0.46171875 0.003125 0.00625
4 0.496875 0.45078125 0.003125 0.0078125
4 0.47734375 0.453125 0.00625 0.009375
4 0.4578125 0.44453125 0.0046875 0.0078125
4 0.4265625 0.44375 0.00625 0.009375
4 0.403125 0.4359375 0.003125 0.0078125
4 0.3390625 0.425 0.0046875 0.009375
4 0.340625 0.4296875 0.00625 0.009375
4 0.3078125 0.4203125 0.0046875 0.0078125
4 0.28515625 0.41953125 0.00625 0.009375
4 0.27265625 0.41484375 0.00625 0.009375
4 0.2609375 0.4140625 0.00625 0.009375
0 0.39765625 0.52578125 0.0328125 0.05
0 0.521875 0.50390625 0.01875 0.0296875
0 0.57734375 0.49765625 0.0140625 0.021875
0 0.60234375 0.49296875 0.009375 0.0171875
0 0.54453125 0.46640625 0.00625 0.009375
0 0.58515625 0.471875 0.0046875 0.0078125
0 0.4046875 0.4421875 0.00625 0.009375
0 0.34609375 0.43203125 0.0046875 0.009375
0 0.27890625 0.41953125 0.00625 0.0109375
0 0.225 0.409375 0.00625 0.009375
0 0.1890625 0.40234375 0.00625 0.009375
0 0.196875 0.4015625 0.0046875 0.0078125
0 0.21640625 0.4046875 0.0046875 0.0078125
0 0.240625 0.4078125 0.0046875 0.0078125
0 0.3265625 0.42265625 0.003125 0.00625
0 0.3890625 0.4328125 0.0046875 0.00625
0 0.65234375 0.4984375 0.009375 0.0140625
0 0.671875 0.4984375 0.0078125 0.0125
0 0.6875 0.4984375 0.00625 0.0125
0 0.696875 0.49765625 0.0078125 0.0109375
0 0.715625 0.49765625 0.00625 0.009375
0 0.73515625 0.50078125 0.00625 0.009375
0 0.73125 0.496875 0.0046875 0.0078125
0 0.67265625 0.48671875 0.0046875 0.0078125
0 0.63203125 0.4796875 0.003125 0.0078125
4 0.6578125 0.4828125 0.0046875 0.0078125
0 0.76484375 0.5046875 0.0046875 0.0078125
4 0.74609375 0.4953125 0.0046875 0.00625
4 0.9015625 0.528125 0.0046875 0.0078125
0 0.89140625 0.525 0.003125 0.00625
0 0.925 0.53203125 0.0046875 0.00625
0 0.93515625 0.53359375 0.003125 0.00625
0 0.85 0.51640625 0.003125 0.00625
4 0.61875 0.471875 0.003125 0.00625
4 0.62890625 0.478125 0.003125 0.0078125
0 0.75390625 0.50390625 0.0046875 0.0078125
4 0.840625 0.5203125 0.00625 0.009375
0 0.57109375 0.46328125 0.003125 0.0046875
0 0.5984375 0.4671875 0.003125 0.0046875
4 0.58984375 0.46640625 0.003125 0.00625
0 0.621875 0.471875 0.003125 0.0046875
0 0.64140625 0.475 0.003125 0.0046875
4 0.64375 0.4765625 0.003125 0.00625
4 0.66328125 0.4796875 0.003125 0.0046875
4 0.6796875 0.48203125 0.003125 0.0046875
4 0.696875 0.4859375 0.003125 0.0046875
0 0.7 0.490625 0.003125 0.0078125
0 0.721875 0.48984375 0.003125 0.0046875
0 0.71796875 0.4890625 0.003125 0.00625
0 0.73828125 0.4921875 0.003125 0.0046875
4 0.7421875 0.49453125 0.0046875 0.00625
0 0.75546875 0.49609375 0.003125 0.0046875
0 0.759375 0.503125 0.003125 0.0078125
0 0.77265625 0.49921875 0.003125 0.0046875
0 0.78046875 0.503125 0.003125 0.0046875
4 0.79765625 0.50625 0.0046875 0.0078125
0 0.815625 0.509375 0.0046875 0.00625
4 0.84296875 0.515625 0.0046875 0.0078125
4 0.5359375 0.45703125 0.003125 0.00625
4 0.54296875 0.4578125 0.003125 0.0046875
0 0.43984375 0.440625 0.0046875 0.00625
0 0.47890625 0.446875 0.003125 0.0046875
0 0.4734375 0.4546875 0.00625 0.009375
0 0.6765625 0.48046875 0.003125 0.0046875