0 0.5734375 0.55390625 0.065625 0.1078125
0 0.9109375 0.35 0.009375 0.0171875
0 0.78125 0.34375 0.00625 0.0140625
0 0.7234375 0.3390625 0.0046875 0.0125
4 0.90078125 0.34453125 0.00625 0.0125
4 0.81640625 0.34140625 0.0046875 0.0125
4 0.80546875 0.334375 0.0046875 0.0078125
4 0.7703125 0.3390625 0.003125 0.0078125
4 0.7640625 0.3359375 0.003125 0.0078125
4 0.78671875 0.33515625 0.003125 0.0078125
0 0.68828125 0.33359375 0.003125 0.009375
0 0.684375 0.33203125 0.003125 0.009375
4 0.859375 0.3328125 0.003125 0.0078125
0 0.9 0.33359375 0.003125 0.00625
0 0.86328125 0.33203125 0.0015625 0.00625
4 0.9140625 0.334375 0.003125 0.00625