4 0.0953125 0.5171875 0.06875 0.134375
4 0.8453125 0.15546875 0.0125 0.0171875
4 0.75546875 0.1609375 0.009375 0.015625
4 0.68046875 0.16484375 0.0078125 0.0140625
4 0.56953125 0.171875 0.0078125 0.0125
4 0.53203125 0.17421875 0.0046875 0.0109375
4 0.4875 0.17578125 0.00625 0.0109375
4 0.4390625 0.178125 0.00625 0.009375
0 0.87734375 0.1453125 0.0078125 0.015625
0 0.77734375 0.1546875 0.00625 0.0125
0 0.71015625 0.15859375 0.0046875 0.0125
0 0.63515625 0.16328125 0.0046875 0.0125
0 0.58125 0.1671875 0.0046875 0.0109375
0 0.4796875 0.17265625 0.0046875 0.0078125
0 0.52734375 0.1703125 0.0046875 0.009375
0 0.44609375 0.175 0.003125 0.0078125
0 0.43984375 0.175 0.003125 0.0078125
0 0.45 0.171875 0.003125 0.00625
0 0.44609375 0.17265625 0.003125 0.0046875
0 0.41640625 0.1734375 0.003125 0.0046875
0 0.38359375 0.1765625 0.0015625 0.00625
0 0.3453125 0.18046875 0.0015625 0.00625
0 0.30390625 0.18515625 0.0015625 0.0046875
4 0.315625 0.184375 0.003125 0.0078125
4 0.35 0.18046875 0.003125 0.0078125
4 0.37578125 0.1828125 0.003125 0.0078125
4 0.3796875 0.18046875 0.003125 0.0078125
4 0.3953125 0.18203125 0.003125 0.0078125
4 0.39296875 0.178125 0.003125 0.0078125
4 0.4015625 0.17578125 0.003125 0.0078125
0 0.44453125 0.1703125 0.003125 0.0046875