0 0.32109375 0.5421875 0.0421875 0.0609375
0 0.415625 0.503125 0.0265625 0.0375
0 0.3671875 0.4625 0.0125 0.0203125
0 0.30625 0.446875 0.0125 0.01875
0 0.2421875 0.4359375 0.0109375 0.015625
0 0.1796875 0.42890625 0.0109375 0.0171875
0 0.084375 0.42109375 0.015625 0.01875
0 0.4125 0.48125 0.0109375 0.0265625
4 0.7171875 0.5734375 0.0359375 0.0484375
4 0.65859375 0.5265625 0.0203125 0.03125
4 0.553125 0.48515625 0.0125 0.0203125
4 0.46796875 0.46484375 0.0109375 0.0171875
4 0.39375 0.45 0.009375 0.015625
4 0.32265625 0.4390625 0.0078125 0.0140625
4 0.153125 0.4203125 0.0109375 0.015625
4 0.09453125 0.40234375 0.00625 0.009375
4 0.85078125 0.496875 0.0046875 0.0078125
4 0.8203125 0.4921875 0.0046875 0.0078125
4 0.7875 0.4890625 0.0046875 0.0078125
4 0.76953125 0.4875 0.003125 0.0078125
4 0.75390625 0.4875 0.0046875 0.0078125
4 0.74375 0.48671875 0.0046875 0.0078125
4 0.7265625 0.48671875 0.00625 0.009375
4 0.7078125 0.4859375 0.00625 0.0109375
4 0.65625 0.48125 0.0078125 0.0125
4 0.57890625 0.46875 0.0078125 0.0125
4 0.521875 0.459375 0.00625 0.0109375
4 0.50859375 0.453125 0.0046875 0.009375
4 0.49296875 0.4515625 0.0046875 0.0109375
4 0.4859375 0.45234375 0.0078125 0.0125
0 0.6375 0.4734375 0.0046875 0.009375
0 0.68125 0.4765625 0.0046875 0.0078125
0 0.7 0.478125 0.0046875 0.00625
0 0.6 0.46796875 0.00625 0.0109375
0 0.56171875 0.4609375 0.0046875 0.009375
0 0.56640625 0.4625 0.0046875 0.009375
0 0.571875 0.4609375 0.0046875 0.0078125
0 0.58515625 0.46171875 0.0046875 0.0078125
4 0.528125 0.4546875 0.0046875 0.0078125
4 0.54375 0.45625 0.0046875 0.0078125
0 0.7109375 0.47890625 0.0046875 0.0078125
0 0.73046875 0.48046875 0.003125 0.00625
0 0.77265625 0.48515625 0.003125 0.0078125
0 0.803125 0.48984375 0.0046875 0.0078125
0 0.1359375 0.40703125 0.0046875 0.0078125
4 0.1828125 0.4125 0.0046875 0.0078125
0 0.20234375 0.4140625 0.003125 0.0078125
4 0.2453125 0.43125 0.00625 0.0125
4 0.26640625 0.42109375 0.0046875 0.0078125
0 0.28984375 0.4234375 0.003125 0.0046875
4 0.23359375 0.41796875 0.003125 0.00625
4 0.3265625 0.42734375 0.0046875 0.00625
4 0.35234375 0.4296875 0.003125 0.00625
0 0.3453125 0.428125 0.003125 0.0046875
0 0.3171875 0.42578125 0.003125 0.0046875
1 0.37109375 0.42890625 0.003125 0.00625
1 0.390625 0.43203125 0.003125 0.0078125
0 0.3859375 0.43203125 0.0015625 0.0046875
4 0.375 0.43203125 0.003125 0.00625
4 0.4046875 0.43515625 0.003125 0.0046875
4 0.4234375 0.4375 0.003125 0.0046875
0 0.42890625 0.4375 0.0015625 0.0046875
0 0.40703125 0.434375 0.0015625 0.0046875
0 0.44375 0.4390625 0.0015625 0.0046875
4 0.46484375 0.44140625 0.003125 0.0046875
0 0.45390625 0.43984375 0.0015625 0.0046875
0 0.47578125 0.4421875 0.0015625 0.0046875
4 0.484375 0.44375 0.003125 0.0046875
0 0.5 0.4453125 0.0015625 0.0046875
4 0.50390625 0.4453125 0.0015625 0.003125
4 0.55625 0.45703125 0.003125 0.00625
4 0.5703125 0.45546875 0.003125 0.00625
0 0.578125 0.45546875 0.003125 0.0046875
0 0.5890625 0.45625 0.003125 0.0046875
0 0.596875 0.46328125 0.003125 0.00625
0 0.6109375 0.46171875 0.003125 0.0046875
0 0.60546875 0.459375 0.0015625 0.0046875
0 0.60078125 0.4625 0.003125 0.0046875
0 0.596875 0.4578125 0.003125 0.0046875
0 0.60234375 0.4609375 0.003125 0.00625
0 0.659375 0.47578125 0.003125 0.0078125
0 0.83203125 0.49296875 0.0046875 0.00625
0 0.93125 0.50859375 0.003125 0.00625
4 0.8921875 0.503125 0.003125 0.00625