4 0.0921875 0.1734375 0.0109375 0.0171875
4 0.7109375 0.22265625 0.0140625 0.028125
4 0.88125 0.25546875 0.028125 0.04375
0 0.67421875 0.3296875 0.040625 0.071875
0 0.58515625 0.246875 0.021875 0.040625
0 0.46953125 0.22109375 0.015625 0.03125
0 0.38828125 0.2015625 0.0125 0.0234375
0 0.346875 0.19140625 0.0109375 0.0203125
0 0.29765625 0.18359375 0.009375 0.0171875
0 0.18125 0.18125 0.0125 0.01875
0 0.0625 0.18125 0.009375 0.01875
4 0.5875 0.203125 0.0109375 0.0265625
4 0.49296875 0.19375 0.009375 0.0203125
4 0.43125 0.1859375 0.0078125 0.0203125
4 0.3703125 0.18046875 0.0078125 0.0171875
4 0.29140625 0.1765625 0.00625 0.0171875
4 0.21484375 0.175 0.009375 0.01875