0 0.3625 0.60078125 0.04375 0.0625
0 0.434375 0.51171875 0.0203125 0.028125
0 0.453125 0.48671875 0.0125 0.01875
0 0.4640625 0.47109375 0.009375 0.0140625
0 0.46953125 0.46484375 0.00625 0.0125
0 0.4734375 0.459375 0.00625 0.0109375
0 0.48125 0.453125 0.003125 0.0078125
0 0.484375 0.4515625 0.003125 0.0078125
0 0.49296875 0.44765625 0.0046875 0.0078125
1 0.47890625 0.453125 0.0078125 0.0140625
0 0.89453125 0.37578125 0.00625 0.0078125
0 0.84140625 0.384375 0.0046875 0.00625
0 0.75390625 0.39921875 0.0046875 0.00625
0 0.79921875 0.390625 0.0046875 0.0078125
0 0.71796875 0.4046875 0.0046875 0.00625
0 0.678125 0.4109375 0.003125 0.00625
4 0.671875 0.5 0.0296875 0.04375
4 0.60234375 0.4734375 0.015625 0.0265625
4 0.57890625 0.4640625 0.0140625 0.0203125
4 0.5484375 0.45234375 0.0078125 0.0140625
4 0.54140625 0.45 0.00625 0.009375
4 0.53671875 0.44765625 0.0046875 0.0078125
1 0.5328125 0.44375 0.00625 0.0140625
4 0.53671875 0.44140625 0.003125 0.0078125
4 0.546875 0.43671875 0.003125 0.00625
4 0.55859375 0.434375 0.003125 0.00625
4 0.90859375 0.37734375 0.0078125 0.009375
4 0.85234375 0.384375 0.0046875 0.0078125
4 0.81484375 0.390625 0.0046875 0.0078125
4 0.771875 0.396875 0.0046875 0.0078125
4 0.728125 0.403125 0.0046875 0.0078125
4 0.7 0.40859375 0.0046875 0.00625
4 0.67109375 0.41328125 0.003125 0.00625
4 0.64140625 0.41875 0.0046875 0.00625
4 0.61328125 0.42265625 0.0046875 0.0078125
4 0.5796875 0.42890625 0.0046875 0.0078125
0 0.5078125 0.44296875 0.003125 0.00625
0 0.52421875 0.4390625 0.003125 0.00625
4 0.53828125 0.4390625 0.003125 0.0078125