0 0.903125 0.40703125 0.0078125 0.0125
0 0.8359375 0.4140625 0.00625 0.0109375
4 0.8390625 0.41796875 0.0078125 0.0125
0 0.7765625 0.42109375 0.00625 0.009375
0 0.7 0.43203125 0.00625 0.009375
0 0.64140625 0.440625 0.00625 0.009375
0 0.60625 0.4484375 0.00625 0.0109375
0 0.5625 0.459375 0.0078125 0.0125
0 0.53125 0.46875 0.009375 0.015625
0 0.48984375 0.48515625 0.0109375 0.0203125
0 0.4390625 0.5203125 0.01875 0.0328125
0 0.38046875 0.57734375 0.0328125 0.0546875
0 0.0765625 0.5203125 0.0046875 0.0078125
0 0.11484375 0.51484375 0.00625 0.0078125
0 0.1265625 0.5140625 0.00625 0.009375
0 0.13203125 0.515625 0.00625 0.0109375
0 0.12578125 0.5203125 0.0078125 0.0125
0 0.10703125 0.528125 0.0109375 0.015625
0 0.0921875 0.5359375 0.0140625 0.01875
4 0.75078125 0.42890625 0.0078125 0.0125
4 0.69609375 0.43828125 0.0078125 0.0125
4 0.665625 0.446875 0.009375 0.015625
4 0.64375 0.4609375 0.009375 0.01875
4 0.63828125 0.4765625 0.0140625 0.025
4 0.68828125 0.51484375 0.0296875 0.0453125