0 0.85546875 0.37578125 0.009375 0.0140625
0 0.784375 0.39140625 0.0078125 0.0125
0 0.6984375 0.41171875 0.0078125 0.0140625
0 0.6328125 0.4296875 0.009375 0.0140625
0 0.59453125 0.4421875 0.009375 0.015625
0 0.54375 0.4625 0.0109375 0.01875
0 0.50625 0.48359375 0.0140625 0.0234375
0 0.44296875 0.52421875 0.021875 0.034375
0 0.30625 0.67265625 0.0703125 0.0921875
4 0.8734375 0.37734375 0.0109375 0.0171875
4 0.76640625 0.40078125 0.009375 0.015625
4 0.70546875 0.41796875 0.009375 0.0171875
4 0.67734375 0.4328125 0.0140625 0.021875
4 0.67265625 0.45859375 0.0203125 0.0296875
4 0.69921875 0.49140625 0.0296875 0.0453125