0 0.37578125 0.61328125 0.07734375 0.13359375
0 0.86015625 0.48671875 0.0515625 0.06875
0 0.796875 0.38359375 0.0125 0.02421875
0 0.92578125 0.3875 0.01484375 0.02265625
0 0.61171875 0.3765625 0.009375 0.02421875
0 0.41328125 0.36875 0.0125 0.025
0 0.25625 0.36328125 0.0140625 0.025
0 0.1109375 0.3171875 0.00546875 0.009375
0 0.26328125 0.32421875 0.00390625 0.00859375
4 0.11484375 0.33828125 0.0109375 0.01953125
4 0.0921875 0.31953125 0.0078125 0.0109375
4 0.21875 0.34609375 0.009375 0.01875
4 0.23984375 0.325 0.00546875 0.01015625
4 0.3796875 0.35390625 0.0078125 0.01875
4 0.35546875 0.3296875 0.00390625 0.01015625
4 0.45546875 0.3328125 0.00390625 0.00859375
4 0.5390625 0.35703125 0.00703125 0.0171875
4 0.53125 0.33515625 0.00390625 0.00859375
4 0.68984375 0.3640625 0.00859375 0.0171875
4 0.66171875 0.34140625 0.003125 0.0078125
4 0.72890625 0.34375 0.00390625 0.0078125
4 0.7953125 0.346875 0.00390625 0.0078125