0 0.46015625 0.52734375 0.078125 0.1203125
0 0.7453125 0.35 0.0453125 0.059375
0 0.7109375 0.26484375 0.015625 0.0234375
0 0.62109375 0.2671875 0.0125 0.01875
0 0.48359375 0.2734375 0.009375 0.0140625
0 0.54140625 0.271875 0.0125 0.0171875
0 0.46171875 0.26875 0.0078125 0.0125
0 0.47734375 0.26328125 0.00625 0.0109375
0 0.85 0.29140625 0.0359375 0.0453125
0 0.86015625 0.26328125 0.01875 0.03125
0 0.26953125 0.3234375 0.015625 0.0234375
0 0.3671875 0.30078125 0.0109375 0.01875
0 0.39453125 0.2875 0.009375 0.0140625
0 0.4234375 0.27421875 0.0078125 0.0109375
0 0.45234375 0.2734375 0.0078125 0.0125
0 0.43984375 0.265625 0.00625 0.0125
1 0.40703125 0.27734375 0.0109375 0.021875
1 0.3265625 0.2875 0.0109375 0.021875
4 0.34453125 0.28671875 0.0078125 0.0125
4 0.37578125 0.27734375 0.00625 0.0109375
4 0.29375 0.3015625 0.009375 0.0171875
4 0.225 0.3171875 0.0109375 0.01875
4 0.11875 0.3359375 0.015625 0.021875
4 0.82734375 0.2421875 0.015625 0.0234375
4 0.69453125 0.25234375 0.0125 0.01875
4 0.56640625 0.2609375 0.0078125 0.0140625
4 0.63125 0.25625 0.0078125 0.015625
4 0.37578125 0.2765625 0.0046875 0.0109375
4 0.39609375 0.2703125 0.00625 0.0109375
4 0.409375 0.2671875 0.0046875 0.0078125
0 0.45 0.26328125 0.00625 0.009375
0 0.45390625 0.2609375 0.0046875 0.009375
0 0.4875 0.259375 0.00625 0.0109375
0 0.49375 0.2578125 0.00625 0.009375
0 0.50546875 0.25546875 0.0046875 0.0078125
2 0.50703125 0.2546875 0.0046875 0.009375
2 0.509375 0.25234375 0.003125 0.0078125
2 0.51484375 0.2515625 0.003125 0.0078125
2 0.5328125 0.2484375 0.003125 0.0078125
2 0.54296875 0.24921875 0.003125 0.009375
2 0.5453125 0.2484375 0.003125 0.009375
2 0.54921875 0.24765625 0.003125 0.009375
2 0.5515625 0.246875 0.0046875 0.0078125
4 0.53828125 0.26171875 0.00625 0.0125
4 0.534375 0.25625 0.0046875 0.009375
4 0.53828125 0.253125 0.0046875 0.0109375
4 0.325 0.2546875 0.0046875 0.0109375
4 0.3203125 0.25703125 0.00625 0.009375