4 0.65390625 0.17890625 0.0171875 0.028125
4 0.51328125 0.19375 0.0125 0.021875
4 0.42421875 0.2046875 0.009375 0.01875
0 0.4640625 0.18984375 0.009375 0.0140625
0 0.53515625 0.1796875 0.0109375 0.0171875
0 0.62265625 0.16953125 0.0125 0.0203125
0 0.7640625 0.15 0.0140625 0.0234375
4 0.10234375 0.5765625 0.08125 0.146875
4 0.3765625 0.21015625 0.0078125 0.015625
4 0.31875 0.2171875 0.009375 0.0140625
0 0.35 0.20546875 0.0078125 0.0125
0 0.30234375 0.21328125 0.00625 0.0109375
0 0.39765625 0.1984375 0.0078125 0.0125
4 0.28125 0.2234375 0.0078125 0.0125