4 0.75390625 0.7890625 0.1390625 0.2046875
4 0.26953125 0.48125 0.075 0.121875
4 0.09140625 0.390625 0.0453125 0.071875
4 0.06796875 0.2796875 0.0171875 0.025
4 0.1890625 0.25859375 0.0109375 0.021875
4 0.340625 0.228125 0.009375 0.015625
4 0.4328125 0.2109375 0.0078125 0.0125
4 0.4859375 0.2015625 0.00625 0.0125
4 0.51875 0.19609375 0.00625 0.0125
4 0.54921875 0.18984375 0.0046875 0.0109375
4 0.5765625 0.18359375 0.00625 0.0109375
4 0.6015625 0.1796875 0.0046875 0.0109375
0 0.090625 0.265625 0.0125 0.0203125
0 0.23125 0.2421875 0.0078125 0.015625
0 0.33515625 0.2234375 0.0078125 0.0125
0 0.409375 0.21015625 0.00625 0.0125
0 0.45859375 0.2015625 0.0046875 0.0109375
0 0.50390625 0.19375 0.0046875 0.0109375
0 0.56171875 0.1828125 0.0046875 0.009375
0 0.5328125 0.18828125 0.0046875 0.009375
1 0.5890625 0.17578125 0.0046875 0.0140625
1 0.63828125 0.1703125 0.00625 0.0140625