0 0.3875 0.5859375 0.040625 0.065625
0 0.61796875 0.53515625 0.0203125 0.0390625
0 0.78203125 0.51796875 0.0171875 0.03125
0 0.85859375 0.475 0.0046875 0.0109375
4 0.9234375 0.47578125 0.0046875 0.0109375
4 0.85078125 0.47265625 0.0046875 0.009375
0 0.7703125 0.4703125 0.0046875 0.009375
0 0.725 0.46796875 0.0046875 0.009375
0 0.69453125 0.465625 0.003125 0.0078125
4 0.79140625 0.4703125 0.003125 0.009375
4 0.75625 0.46640625 0.003125 0.0078125
0 0.64296875 0.45703125 0.003125 0.00625
0 0.65390625 0.4578125 0.003125 0.00625
0 0.66015625 0.4578125 0.0015625 0.00625
0 0.67734375 0.46015625 0.003125 0.00625
0 0.68828125 0.46328125 0.003125 0.0078125
0 0.70234375 0.4625 0.003125 0.0078125
0 0.7078125 0.4625 0.003125 0.00625
0 0.71484375 0.46328125 0.003125 0.0078125
4 0.7328125 0.4625 0.003125 0.00625
4 0.74921875 0.46640625 0.003125 0.0078125
4 0.7625 0.46484375 0.0015625 0.0078125
4 0.7640625 0.465625 0.003125 0.0078125
4 0.7765625 0.465625 0.0015625 0.0078125
4 0.81328125 0.46640625 0.0015625 0.00625
0 0.815625 0.465625 0.003125 0.00625
0 0.84453125 0.4671875 0.003125 0.00625
4 0.85546875 0.46875 0.003125 0.0078125
4 0.90234375 0.4703125 0.003125 0.0078125
0 0.884375 0.4703125 0.003125 0.00625