4 0.1234375 0.4328125 0.121875 0.1703125
4 0.90078125 0.26953125 0.0171875 0.025
0 0.41875 0.16484375 0.0140625 0.01875
0 0.49375 0.1765625 0.0109375 0.015625
0 0.53984375 0.1828125 0.0078125 0.0140625
0 0.34296875 0.1515625 0.0140625 0.0203125
0 0.56796875 0.18671875 0.009375 0.0140625
0 0.57265625 0.18828125 0.0078125 0.0140625
0 0.5328125 0.1796875 0.0078125 0.0125
4 0.8484375 0.2515625 0.0140625 0.0203125
4 0.35390625 0.1609375 0.015625 0.021875
0 0.18125 0.1203125 0.0125 0.01875
0 0.26484375 0.13671875 0.0125 0.01875
4 0.2546875 0.14375 0.015625 0.01875
0 0.38046875 0.15 0.00625 0.0109375
0 0.37421875 0.14765625 0.0046875 0.0078125
0 0.3703125 0.14765625 0.00625 0.009375
0 0.396875 0.15078125 0.00625 0.009375
0 0.425 0.15859375 0.00625 0.009375
0 0.44140625 0.15859375 0.0046875 0.0078125
4 0.43359375 0.15703125 0.0046875 0.009375
4 0.4375 0.15859375 0.0046875 0.009375
4 0.4546875 0.16015625 0.0046875 0.0078125
4 0.4734375 0.16640625 0.0046875 0.009375
0 0.4578125 0.1609375 0.003125 0.00625
0 0.46328125 0.16171875 0.003125 0.00625
0 0.46640625 0.16328125 0.0046875 0.0078125
0 0.47734375 0.1703125 0.00625 0.009375
0 0.48046875 0.16640625 0.00625 0.0078125
4 0.490625 0.16875 0.00625 0.0109375
4 0.50390625 0.1703125 0.0046875 0.0078125
4 0.50859375 0.1875 0.0125 0.01875
4 0.5125 0.17109375 0.003125 0.00625
4 0.515625 0.171875 0.003125 0.00625
4 0.52578125 0.1765625 0.0046875 0.009375
4 0.5375 0.1765625 0.0046875 0.0078125
4 0.54609375 0.178125 0.0046875 0.0078125
0 0.5515625 0.1796875 0.0046875 0.0078125
4 0.5796875 0.1859375 0.00625 0.009375
4 0.58359375 0.18828125 0.00625 0.0109375
4 0.58828125 0.196875 0.0125 0.01875
0 0.58984375 0.1875 0.003125 0.00625
4 0.61640625 0.1921875 0.0046875 0.0078125
4 0.62734375 0.19765625 0.0078125 0.0125
0 0.63203125 0.1953125 0.003125 0.00625
4 0.640625 0.20234375 0.0078125 0.015625
4 0.65390625 0.2015625 0.0046875 0.009375
4 0.659375 0.2046875 0.00625 0.0125
0 0.66328125 0.20234375 0.003125 0.00625
4 0.67109375 0.20703125 0.0078125 0.0140625
4 0.684375 0.2078125 0.0046875 0.0078125
0 0.68359375 0.20625 0.0046875 0.0078125
0 0.703125 0.2109375 0.0046875 0.0078125
0 0.73515625 0.21796875 0.003125 0.00625
4 0.728125 0.215625 0.0046875 0.0078125
0 0.7984375 0.23125 0.0046875 0.0078125
4 0.81171875 0.23203125 0.00625 0.009375
4 0.8453125 0.2453125 0.0109375 0.01875
0 0.871875 0.2453125 0.00625 0.0078125
4 0.89453125 0.25 0.00625 0.009375
4 0.90859375 0.25625 0.0109375 0.01875
4 0.9609375 0.26171875 0.0078125 0.0109375
4 0.9875 0.27109375 0.0125 0.01875
0 0.94609375 0.259375 0.00625 0.0078125