4 0.5890625 0.66953125 0.121875 0.2296875
4 0.72109375 0.14296875 0.009375 0.0171875
4 0.64296875 0.153125 0.009375 0.015625
4 0.5515625 0.16484375 0.0078125 0.0140625
0 0.76171875 0.1328125 0.00625 0.0125
0 0.66171875 0.14765625 0.0078125 0.0125
0 0.5609375 0.16015625 0.0078125 0.0109375
0 0.46953125 0.1734375 0.00625 0.0109375
0 0.39921875 0.1828125 0.00625 0.0109375
0 0.89609375 0.11171875 0.0046875 0.0125
4 0.4484375 0.17890625 0.0078125 0.0125
0 0.37421875 0.1859375 0.0046875 0.009375
0 0.36875 0.18515625 0.0046875 0.009375
0 0.359375 0.1859375 0.0046875 0.0078125
4 0.35234375 0.19375 0.0078125 0.0125
0 0.3390625 0.18671875 0.0046875 0.009375
4 0.30859375 0.1984375 0.00625 0.0125
4 0.3 0.196875 0.0046875 0.0109375
4 0.2953125 0.2 0.00625 0.0109375
4 0.2546875 0.20234375 0.0046875 0.0109375
0 0.24453125 0.20234375 0.0046875 0.0078125
4 0.21171875 0.209375 0.00625 0.0109375
0 0.19296875 0.2109375 0.0046875 0.0078125
4 0.1640625 0.21640625 0.00625 0.0109375
0 0.1359375 0.21953125 0.00625 0.0078125
4 0.12109375 0.2234375 0.0078125 0.0109375
4 0.1046875 0.228125 0.0078125 0.0125
4 0.08359375 0.23359375 0.0078125 0.0125
0 0.0875 0.22890625 0.0078125 0.009375
0 0.0484375 0.23515625 0.0078125 0.009375
4 0.06015625 0.23828125 0.0078125 0.0125
4 0.2921875 0.19609375 0.0046875 0.0109375