0 0.14140625 0.68046875 0.15 0.2015625
0 0.8546875 0.66328125 0.1015625 0.1296875
0 0.88046875 0.4359375 0.0140625 0.01875
0 0.803125 0.4203125 0.0125 0.0171875
0 0.7109375 0.40078125 0.0109375 0.0171875
0 0.62578125 0.38359375 0.009375 0.015625
0 0.52890625 0.365625 0.00625 0.0125
0 0.4859375 0.35234375 0.00625 0.0125
0 0.4625 0.34453125 0.00625 0.0109375
0 0.46875 0.3421875 0.00625 0.0109375
0 0.49765625 0.34609375 0.0046875 0.009375
4 0.85078125 0.425 0.0109375 0.015625
4 0.78203125 0.41015625 0.0109375 0.0140625
4 0.63203125 0.38046875 0.0078125 0.0125
0 0.821875 0.40625 0.0046875 0.0046875
0 0.88359375 0.41875 0.00625 0.0078125
0 0.759375 0.39609375 0.003125 0.00625
0 0.7015625 0.3828125 0.003125 0.0046875
0 0.66953125 0.37734375 0.0015625 0.003125
0 0.6453125 0.3703125 0.0015625 0.003125
4 0.9203125 0.42734375 0.003125 0.0078125
4 0.86328125 0.41640625 0.003125 0.0078125
4 0.79140625 0.4015625 0.0046875 0.0078125
4 0.715625 0.38671875 0.003125 0.0078125
4 0.70625 0.39609375 0.0046875 0.0109375
4 0.67578125 0.378125 0.003125 0.00625