4 0.3828125 0.5609375 0.115625 0.1890625
4 0.1125 0.2625 0.0375 0.0671875
4 0.2125 0.22890625 0.034375 0.0484375
4 0.28515625 0.2140625 0.025 0.0359375
4 0.38046875 0.2046875 0.0171875 0.025
4 0.44140625 0.20078125 0.0140625 0.021875
4 0.5640625 0.2015625 0.0125 0.01875
4 0.47578125 0.19921875 0.0125 0.0171875
0 0.20234375 0.18046875 0.0203125 0.0265625
0 0.28984375 0.18125 0.0140625 0.0234375
0 0.34375 0.18046875 0.0125 0.01875
0 0.4140625 0.18359375 0.009375 0.0171875
0 0.453125 0.184375 0.0109375 0.015625
0 0.4859375 0.18515625 0.0078125 0.0140625
0 0.509375 0.18515625 0.009375 0.0140625
0 0.54765625 0.1859375 0.0078125 0.0125
0 0.6078125 0.190625 0.00625 0.0109375
0 0.628125 0.190625 0.00625 0.0109375
0 0.11953125 0.15078125 0.003125 0.009375
4 0.13046875 0.14375 0.009375 0.0125
4 0.15703125 0.15078125 0.009375 0.0140625
0 0.19609375 0.15 0.0078125 0.009375
0 0.22421875 0.15859375 0.009375 0.0171875
4 0.2359375 0.16015625 0.009375 0.0140625
0 0.26171875 0.15546875 0.00625 0.0078125
4 0.28984375 0.159375 0.00625 0.0109375
0 0.3296875 0.16875 0.00625 0.0125
0 0.3234375 0.16171875 0.0046875 0.0078125
4 0.32578125 0.16640625 0.00625 0.0125
4 0.3546875 0.16484375 0.00625 0.009375
0 0.36953125 0.165625 0.0046875 0.0078125
0 0.38828125 0.17109375 0.00625 0.0125
4 0.39296875 0.16796875 0.00625 0.009375
4 0.4 0.16953125 0.0046875 0.009375
0 0.41484375 0.16875 0.0046875 0.0078125
4 0.44140625 0.17109375 0.0046875 0.0078125
0 0.45859375 0.17578125 0.00625 0.0140625
4 0.46796875 0.17421875 0.003125 0.0078125
4 0.48515625 0.1734375 0.003125 0.0078125
0 0.4953125 0.17578125 0.003125 0.00625
4 0.5109375 0.1765625 0.003125 0.00625
0 0.52109375 0.1796875 0.00625 0.0109375
4 0.52734375 0.17734375 0.003125 0.00625
0 0.559375 0.18359375 0.00625 0.009375
0 0.55546875 0.18046875 0.003125 0.0046875
4 0.5578125 0.17890625 0.003125 0.00625
4 0.58125 0.1984375 0.009375 0.015625
4 0.575 0.18359375 0.0046875 0.0109375
0 0.57890625 0.1859375 0.0078125 0.0140625
4 0.5828125 0.1796875 0.003125 0.0046875
4 0.59921875 0.196875 0.009375 0.015625
0 0.59921875 0.1875 0.00625 0.009375
0 0.61328125 0.18515625 0.003125 0.00625
4 0.634375 0.19765625 0.009375 0.015625
4 0.63359375 0.18828125 0.003125 0.00625
0 0.64296875 0.1875 0.003125 0.00625
4 0.6484375 0.18828125 0.003125 0.0078125
4 0.6515625 0.1890625 0.003125 0.0078125
4 0.65390625 0.1890625 0.003125 0.0078125
4 0.66640625 0.19921875 0.0078125 0.0125
4 0.66171875 0.18828125 0.003125 0.00625
0 0.6640625 0.18984375 0.003125 0.00625
4 0.66796875 0.18984375 0.003125 0.00625
4 0.67890625 0.1921875 0.003125 0.0078125
0 0.68515625 0.1921875 0.003125 0.00625
4 0.696875 0.2015625 0.00625 0.0109375
0 0.7 0.19375 0.003125 0.00625
0 0.70234375 0.19375 0.003125 0.00625
0 0.7078125 0.19375 0.003125 0.0078125
4 0.7140625 0.20078125 0.00625 0.0125
4 0.7046875 0.19375 0.003125 0.0078125
0 0.7328125 0.19765625 0.003125 0.0078125
4 0.75234375 0.19765625 0.003125 0.0078125
0 0.76953125 0.20078125 0.0046875 0.0078125
4 0.81015625 0.20703125 0.0046875 0.009375
0 0.8453125 0.21015625 0.0046875 0.0078125
0 0.86015625 0.2109375 0.0046875 0.0078125
4 0.865625 0.2140625 0.0046875 0.009375
0 0.87421875 0.2125 0.0046875 0.0078125
0 0.88359375 0.2125 0.0046875 0.0078125
4 0.9078125 0.21640625 0.0078125 0.0125
4 0.92265625 0.2171875 0.00625 0.009375
4 0.92890625 0.2171875 0.0046875 0.0078125
4 0.93671875 0.2171875 0.0046875 0.009375
0 0.9421875 0.2171875 0.0046875 0.009375
4 0.953125 0.21796875 0.00625 0.009375
4 0.08984375 0.375 0.028125 0.0453125