0 0.45625 0.52109375 0.06875 0.115625
0 0.765625 0.390625 0.040625 0.05625
0 0.7453125 0.30078125 0.0140625 0.0234375
0 0.65625 0.2890625 0.0109375 0.0171875
0 0.51875 0.27421875 0.0078125 0.0140625
0 0.5765625 0.28125 0.0109375 0.015625
0 0.49765625 0.265625 0.00625 0.0125
0 0.51484375 0.2625 0.0046875 0.0109375
0 0.878125 0.34921875 0.0328125 0.04375
0 0.89296875 0.321875 0.0171875 0.0296875
0 0.3 0.28984375 0.0140625 0.021875
0 0.4 0.28203125 0.009375 0.0171875
0 0.42890625 0.27421875 0.0078125 0.0140625
0 0.459375 0.26484375 0.00625 0.0109375
0 0.48828125 0.26875 0.00625 0.0125
0 0.47734375 0.259375 0.00625 0.0125
1 0.44296875 0.265625 0.0078125 0.021875
1 0.36171875 0.26328125 0.009375 0.021875
4 0.3796875 0.26484375 0.0078125 0.0125
4 0.4125 0.2609375 0.0046875 0.0109375
4 0.32734375 0.271875 0.0078125 0.015625
4 0.25703125 0.2765625 0.009375 0.0171875
4 0.14921875 0.278125 0.0125 0.021875
4 0.86328125 0.296875 0.0140625 0.021875
4 0.73125 0.2859375 0.0109375 0.0171875
4 0.603125 0.27421875 0.00625 0.0140625
4 0.66796875 0.2796875 0.00625 0.015625
4 0.4125 0.26015625 0.0046875 0.0109375
4 0.43359375 0.25703125 0.0046875 0.0109375
4 0.446875 0.25546875 0.0046875 0.0078125
0 0.4875 0.2578125 0.0046875 0.009375
0 0.4921875 0.25625 0.0046875 0.009375
0 0.52578125 0.26015625 0.0046875 0.0109375
0 0.53203125 0.259375 0.0046875 0.009375
0 0.54375 0.259375 0.003125 0.0078125
2 0.5453125 0.25859375 0.003125 0.009375
2 0.5484375 0.25703125 0.003125 0.0078125
2 0.55390625 0.25703125 0.003125 0.0078125
2 0.571875 0.25703125 0.003125 0.0078125
2 0.58203125 0.25859375 0.003125 0.009375
2 0.584375 0.25859375 0.003125 0.009375
2 0.58828125 0.25859375 0.003125 0.009375
2 0.590625 0.2578125 0.003125 0.0078125
4 0.575 0.2703125 0.00625 0.0125
4 0.57265625 0.26484375 0.0046875 0.009375
4 0.5765625 0.26171875 0.003125 0.0109375
4 0.365625 0.23046875 0.0046875 0.0109375
4 0.3609375 0.23203125 0.0046875 0.009375