4 0.3640625 0.45625 0.08125 0.1234375
4 0.7078125 0.1546875 0.021875 0.034375
4 0.62890625 0.1609375 0.01875 0.0265625
4 0.66171875 0.13984375 0.015625 0.0203125
4 0.64453125 0.14921875 0.015625 0.0234375
0 0.73046875 0.11640625 0.0109375 0.01875
0 0.78515625 0.10703125 0.0125 0.0203125
0 0.81484375 0.10625 0.0140625 0.025
0 0.8328125 0.10859375 0.0171875 0.0265625
0 0.31640625 0.2078125 0.00625 0.0109375
0 0.2890625 0.2171875 0.009375 0.0125
0 0.29765625 0.21875 0.009375 0.0140625
0 0.35078125 0.20234375 0.009375 0.0171875
0 0.42578125 0.1859375 0.009375 0.0140625
0 0.49921875 0.16640625 0.009375 0.0140625
0 0.590625 0.146875 0.009375 0.0140625
0 0.47265625 0.16796875 0.00625 0.0109375
0 0.51796875 0.1578125 0.00625 0.009375
4 0.24375 0.23515625 0.0109375 0.01875
4 0.19453125 0.24765625 0.009375 0.0171875
4 0.95546875 0.63515625 0.040625 0.0625
4 0.0578125 0.27109375 0.009375 0.0140625
4 0.04765625 0.2734375 0.00625 0.0078125
4 0.07890625 0.265625 0.009375 0.0140625
0 0.0703125 0.2671875 0.00625 0.009375
0 0.12734375 0.25390625 0.00625 0.0078125
4 0.10625 0.26015625 0.00625 0.009375
4 0.171875 0.24453125 0.00625 0.0109375
4 0.18046875 0.2453125 0.009375 0.015625
0 0.18828125 0.23984375 0.0046875 0.0078125
4 0.2078125 0.234375 0.0078125 0.0140625
4 0.215625 0.23359375 0.00625 0.0109375
4 0.240625 0.2265625 0.00625 0.0125
4 0.27734375 0.21796875 0.00625 0.0109375
0 0.29140625 0.2140625 0.0046875 0.0078125
0 0.29921875 0.21171875 0.00625 0.0125
4 0.31328125 0.21875 0.0109375 0.01875
4 0.340625 0.20078125 0.0078125 0.0125
4 0.40390625 0.19453125 0.0109375 0.0171875
0 0.3859375 0.1890625 0.00625 0.0109375
0 0.4296875 0.1796875 0.00625 0.009375
4 0.4078125 0.18515625 0.00625 0.0109375
4 0.4453125 0.175 0.00625 0.0109375
4 0.4578125 0.17265625 0.00625 0.0109375
4 0.49140625 0.17265625 0.0109375 0.01875
0 0.5078125 0.159375 0.0046875 0.0078125
4 0.503125 0.16015625 0.00625 0.0109375
4 0.53125 0.15390625 0.0078125 0.0109375
4 0.5484375 0.14921875 0.00625 0.009375
0 0.54140625 0.1515625 0.0046875 0.0078125
0 0.5609375 0.146875 0.00625 0.009375
0 0.57265625 0.14296875 0.0046875 0.0078125
4 0.56875 0.1546875 0.0125 0.0171875
0 0.5875 0.13984375 0.0046875 0.009375
0 0.59453125 0.1375 0.0046875 0.0078125
0 0.59921875 0.13671875 0.0046875 0.0078125
0 0.65625 0.13125 0.009375 0.0171875
4 0.63046875 0.14375 0.0109375 0.015625
4 0.0234375 0.27734375 0.009375 0.0109375