4 0.59609375 0.6546875 0.1421875 0.2328125
4 0.53125 0.1703125 0.0078125 0.0125
4 0.621875 0.15859375 0.0078125 0.0140625
4 0.69765625 0.1484375 0.009375 0.015625
4 0.42734375 0.184375 0.0078125 0.0109375
4 0.3328125 0.19921875 0.00625 0.0125
0 0.540625 0.165625 0.00625 0.0125
0 0.44921875 0.17890625 0.00625 0.0109375
0 0.37890625 0.18984375 0.0046875 0.009375
0 0.35390625 0.1921875 0.0046875 0.009375
4 0.79765625 0.13359375 0.0078125 0.015625
0 0.640625 0.15234375 0.00625 0.0125
4 0.28828125 0.20625 0.00625 0.0109375
4 0.27578125 0.20703125 0.00625 0.009375
0 0.3390625 0.1921875 0.0046875 0.0078125
0 0.34921875 0.19140625 0.0046875 0.009375
4 0.190625 0.21640625 0.00625 0.0078125
4 0.23515625 0.209375 0.0046875 0.0078125
0 0.22421875 0.21015625 0.0046875 0.0078125
4 0.271875 0.203125 0.0046875 0.0078125
4 0.2796875 0.20390625 0.0046875 0.009375
0 0.31796875 0.19453125 0.003125 0.0078125