4 0.86796875 0.38984375 0.00625 0.0109375
4 0.90546875 0.4421875 0.0296875 0.0375
4 0.84296875 0.48203125 0.0328125 0.0484375
4 0.88125 0.56015625 0.065625 0.090625
0 0.3828125 0.58125 0.0328125 0.0515625
0 0.54296875 0.5 0.021875 0.0328125
0 0.68359375 0.45625 0.015625 0.0234375
0 0.76640625 0.43203125 0.0140625 0.0203125
0 0.86171875 0.41015625 0.0125 0.01875
4 0.9109375 0.3796875 0.0046875 0.0078125
4 0.853125 0.38984375 0.0046875 0.0078125
4 0.80859375 0.4 0.00625 0.009375
4 0.78828125 0.4015625 0.0046875 0.0078125
4 0.72734375 0.41484375 0.0046875 0.0078125
4 0.72421875 0.4125 0.0046875 0.0078125
4 0.6984375 0.41796875 0.0046875 0.0078125
4 0.6828125 0.42109375 0.0046875 0.0078125
4 0.665625 0.425 0.0046875 0.0078125
4 0.671875 0.421875 0.0046875 0.0078125
0 0.62109375 0.4328125 0.003125 0.00625
0 0.62421875 0.43125 0.003125 0.00625
0 0.63359375 0.42890625 0.003125 0.00625
0 0.6453125 0.428125 0.0046875 0.0078125
0 0.64765625 0.4265625 0.003125 0.00625
0 0.6796875 0.42265625 0.0046875 0.0078125
0 0.7328125 0.41484375 0.00625 0.009375
0 0.7125 0.4140625 0.0046875 0.0078125
0 0.78515625 0.40546875 0.0046875 0.009375
0 0.771875 0.40390625 0.0046875 0.0078125
0 0.859375 0.39296875 0.00625 0.009375
0 0.88359375 0.384375 0.0046875 0.0078125
0 0.83203125 0.39375 0.0046875 0.00625