4 0.31875 0.334375 0.021875 0.0359375
4 0.52578125 0.325 0.015625 0.028125
4 0.64140625 0.321875 0.0140625 0.0265625
4 0.74453125 0.31640625 0.0140625 0.0234375
4 0.82109375 0.3046875 0.0109375 0.0203125
4 0.825 0.31171875 0.0140625 0.0234375
4 0.80390625 0.2984375 0.009375 0.0140625
4 0.85234375 0.2828125 0.00625 0.009375
4 0.8046875 0.29296875 0.0078125 0.0125
4 0.80625 0.284375 0.00625 0.009375
4 0.79375 0.28671875 0.0078125 0.0125
4 0.92421875 0.28359375 0.00625 0.0109375
0 0.91640625 0.2953125 0.0109375 0.015625
0 0.89921875 0.290625 0.0078125 0.0140625
0 0.90546875 0.28671875 0.00625 0.0125
0 0.46484375 0.3703125 0.0296875 0.0484375
0 0.6453125 0.359375 0.0265625 0.04375
0 0.80625 0.353125 0.028125 0.0390625
0 0.92578125 0.44296875 0.03125 0.05
0 0.525 0.53984375 0.0671875 0.121875