4 0.23125 0.371875 0.0671875 0.10625
4 0.2203125 0.284375 0.0484375 0.06875
4 0.11953125 0.22578125 0.034375 0.05
4 0.85546875 0.22421875 0.0109375 0.0171875
4 0.83828125 0.2421875 0.0171875 0.0265625
4 0.875 0.2578125 0.01875 0.03125
4 0.77421875 0.21328125 0.0109375 0.0171875
0 0.796875 0.2125 0.009375 0.0140625
0 0.72109375 0.20390625 0.0078125 0.0140625
0 0.64921875 0.19453125 0.0078125 0.0140625
0 0.63671875 0.1890625 0.0046875 0.0109375
0 0.61484375 0.18671875 0.0078125 0.0125
0 0.7109375 0.196875 0.00625 0.009375
4 0.68515625 0.20234375 0.0109375 0.0171875
4 0.540625 0.18671875 0.009375 0.015625
0 0.14765625 0.1328125 0.009375 0.0109375
4 0.16796875 0.13984375 0.009375 0.0125
4 0.20625 0.14296875 0.0140625 0.015625
0 0.20859375 0.14140625 0.009375 0.0140625
4 0.22109375 0.1421875 0.0078125 0.0125
0 0.2171875 0.14140625 0.0078125 0.0109375
4 0.2390625 0.14453125 0.00625 0.0109375
4 0.2453125 0.1484375 0.0078125 0.0140625
0 0.24296875 0.14453125 0.00625 0.009375
0 0.2484375 0.1453125 0.00625 0.0109375
0 0.2703125 0.1484375 0.0078125 0.0140625
4 0.275 0.1484375 0.00625 0.0109375
0 0.27734375 0.14921875 0.0046875 0.0078125
0 0.28828125 0.15 0.00625 0.009375
4 0.29453125 0.15078125 0.00625 0.009375
4 0.30078125 0.1546875 0.009375 0.0140625
0 0.3046875 0.15234375 0.00625 0.0109375
4 0.3203125 0.153125 0.0078125 0.0109375
0 0.334375 0.1546875 0.0046875 0.009375
0 0.3421875 0.15625 0.00625 0.009375
0 0.34609375 0.15625 0.0046875 0.0078125
4 0.35625 0.16015625 0.0078125 0.0140625
0 0.36484375 0.159375 0.0046875 0.009375
0 0.3703125 0.159375 0.00625 0.0109375
4 0.3671875 0.16015625 0.0046875 0.0125
4 0.375 0.16015625 0.0046875 0.009375
0 0.396875 0.1625 0.0046875 0.0078125
4 0.40078125 0.1625 0.00625 0.009375
4 0.41640625 0.1640625 0.0078125 0.0125
4 0.43515625 0.165625 0.0046875 0.009375
4 0.43984375 0.16640625 0.0046875 0.009375
0 0.44921875 0.16796875 0.0046875 0.0078125
4 0.475 0.17109375 0.0046875 0.0078125
0 0.49453125 0.17265625 0.0046875 0.0078125
4 0.50546875 0.18046875 0.009375 0.015625
4 0.5015625 0.17578125 0.00625 0.0125
4 0.52890625 0.17734375 0.0046875 0.0078125
4 0.53359375 0.17734375 0.00625 0.0109375
0 0.54609375 0.178125 0.0046875 0.0078125
4 0.56875 0.18046875 0.0078125 0.0109375
0 0.5921875 0.18359375 0.0046875 0.0078125
0 0.59765625 0.18671875 0.00625 0.0125
0 0.59921875 0.1890625 0.00625 0.0140625
4 0.60078125 0.19296875 0.009375 0.015625
4 0.60703125 0.18515625 0.0078125 0.0109375
4 0.6234375 0.1875 0.00625 0.009375
0 0.63984375 0.1890625 0.0046875 0.0078125
0 0.67265625 0.19296875 0.0046875 0.0109375
4 0.66953125 0.19296875 0.00625 0.0125
4 0.684375 0.19375 0.0046875 0.0078125
0 0.696875 0.196875 0.0046875 0.00625
4 0.715625 0.19765625 0.00625 0.0109375
0 0.7578125 0.203125 0.00625 0.0109375
4 0.75234375 0.203125 0.00625 0.0109375
4 0.78046875 0.20546875 0.00625 0.0109375
0 0.8046875 0.2078125 0.00625 0.0125
0 0.81015625 0.21015625 0.0046875 0.0078125
4 0.80703125 0.209375 0.00625 0.0125
4 0.8390625 0.2125 0.0078125 0.0125
0 0.85703125 0.2140625 0.009375 0.0140625
0 0.8671875 0.2140625 0.0078125 0.0109375
4 0.88828125 0.2390625 0.0140625 0.0234375
4 0.88125 0.215625 0.009375 0.0140625
4 0.88984375 0.2171875 0.0078125 0.0125
0 0.89609375 0.22421875 0.009375 0.0171875
0 0.9046875 0.21875 0.0046875 0.009375
0 0.9125 0.21953125 0.009375 0.0125
4 0.9078125 0.21796875 0.0078125 0.0125
4 0.91328125 0.23203125 0.0140625 0.0203125
4 0.9296875 0.2375 0.0171875 0.025
0 0.94375 0.22109375 0.0078125 0.0109375
0 0.9515625 0.221875 0.0109375 0.0125
0 0.96953125 0.22265625 0.0140625 0.0140625
0 0.96796875 0.2328125 0.015625 0.0203125