0 0.33203125 0.57578125 0.0359375 0.0578125
0 0.41796875 0.51953125 0.021875 0.034375
0 0.3625 0.48828125 0.0109375 0.0203125
0 0.29921875 0.48515625 0.009375 0.0171875
0 0.234375 0.48671875 0.009375 0.015625
0 0.171875 0.49140625 0.009375 0.015625
0 0.07734375 0.5015625 0.0125 0.0171875
0 0.4109375 0.4984375 0.0078125 0.0265625
4 0.72734375 0.53046875 0.0296875 0.0453125
4 0.6609375 0.49609375 0.0171875 0.0296875
4 0.54921875 0.47578125 0.0109375 0.01875
4 0.46171875 0.471875 0.0078125 0.015625
4 0.38671875 0.47109375 0.0078125 0.0140625
4 0.31484375 0.4734375 0.00625 0.0140625
4 0.14453125 0.48828125 0.009375 0.0140625
4 0.08359375 0.48203125 0.00625 0.009375
4 0.84375 0.43046875 0.0046875 0.0078125
4 0.8125 0.43125 0.003125 0.0078125
4 0.7796875 0.434375 0.0046875 0.0078125
4 0.76171875 0.4359375 0.003125 0.0078125
4 0.74609375 0.4390625 0.0046875 0.0078125
4 0.73671875 0.43984375 0.0046875 0.0078125
4 0.7203125 0.44375 0.00625 0.009375
4 0.7015625 0.446875 0.0046875 0.0109375
4 0.65 0.4515625 0.00625 0.0109375
4 0.571875 0.4546875 0.00625 0.0125
4 0.51328125 0.45546875 0.0046875 0.0109375
4 0.49921875 0.45234375 0.0046875 0.009375
4 0.48359375 0.45390625 0.0046875 0.0109375
4 0.47734375 0.45625 0.00625 0.0125
0 0.63046875 0.44765625 0.0046875 0.009375
0 0.6734375 0.4421875 0.003125 0.0078125
0 0.69140625 0.43984375 0.003125 0.00625
0 0.5921875 0.44921875 0.0046875 0.0109375
0 0.553125 0.45 0.0046875 0.009375
0 0.5578125 0.45 0.0046875 0.009375
0 0.56328125 0.44765625 0.003125 0.0078125
0 0.5765625 0.446875 0.003125 0.0078125
4 0.51875 0.45 0.0046875 0.0078125
4 0.53515625 0.4484375 0.003125 0.0078125
0 0.70234375 0.4390625 0.003125 0.0078125
0 0.721875 0.43671875 0.003125 0.00625
0 0.76484375 0.43359375 0.003125 0.0078125
0 0.7953125 0.43203125 0.0046875 0.0078125
0 0.125 0.478125 0.0046875 0.0078125
4 0.171875 0.475 0.0046875 0.0078125
0 0.19140625 0.47265625 0.003125 0.0078125
4 0.23671875 0.48125 0.0046875 0.0125
4 0.25546875 0.4671875 0.003125 0.0078125
0 0.27890625 0.46484375 0.003125 0.0046875
4 0.22265625 0.4703125 0.003125 0.00625
4 0.315625 0.46171875 0.003125 0.00625
4 0.34140625 0.459375 0.003125 0.00625
0 0.334375 0.45859375 0.003125 0.0046875
0 0.30625 0.4625 0.003125 0.0046875
1 0.36015625 0.4546875 0.003125 0.00625
1 0.3796875 0.45390625 0.003125 0.0078125
0 0.375 0.45546875 0.0015625 0.0046875
4 0.3640625 0.45703125 0.003125 0.00625
4 0.39375 0.4546875 0.003125 0.0046875
4 0.41328125 0.453125 0.003125 0.0046875
0 0.41875 0.45234375 0.0015625 0.0046875
0 0.39609375 0.45390625 0.0015625 0.0046875
0 0.43359375 0.45078125 0.0015625 0.0046875
4 0.4546875 0.44921875 0.003125 0.0046875
0 0.44375 0.44921875 0.0015625 0.0046875
0 0.465625 0.4484375 0.0015625 0.0046875
4 0.47421875 0.44765625 0.003125 0.0046875
0 0.48984375 0.44609375 0.0015625 0.0046875
4 0.49375 0.4453125 0.0015625 0.003125
4 0.546875 0.446875 0.003125 0.00625
4 0.5609375 0.44296875 0.003125 0.00625
0 0.56796875 0.44140625 0.003125 0.0046875
0 0.57890625 0.43984375 0.003125 0.0046875
0 0.58828125 0.4453125 0.0015625 0.00625
0 0.6015625 0.440625 0.003125 0.0046875
0 0.5953125 0.440625 0.0015625 0.0046875
0 0.5921875 0.44375 0.003125 0.0046875
0 0.58671875 0.43984375 0.003125 0.0046875
0 0.59296875 0.4421875 0.0015625 0.00625
0 0.65234375 0.4453125 0.003125 0.0078125
0 0.82421875 0.4296875 0.003125 0.00625
0 0.925 0.42578125 0.003125 0.00625
4 0.88515625 0.428125 0.003125 0.00625