0 0.2578125 0.5890625 0.0703125 0.0921875
0 0.46640625 0.53359375 0.0296875 0.0453125
0 0.45390625 0.5046875 0.0234375 0.034375
0 0.3515625 0.46328125 0.01875 0.0265625
0 0.30390625 0.44140625 0.0140625 0.021875
0 0.31015625 0.4328125 0.0078125 0.015625
0 0.3390625 0.43125 0.009375 0.0140625
0 0.40234375 0.440625 0.00625 0.0125
0 0.46640625 0.45078125 0.00625 0.0109375
0 0.52890625 0.4625 0.0046875 0.0078125
0 0.59921875 0.4765625 0.00625 0.009375
0 0.66640625 0.49140625 0.00625 0.009375
0 0.721875 0.5046875 0.0078125 0.0125
0 0.784375 0.52109375 0.0078125 0.0125
0 0.86640625 0.5390625 0.009375 0.0140625
4 0.84375 0.6203125 0.0359375 0.0515625
4 0.69296875 0.546875 0.021875 0.03125
4 0.565625 0.5046875 0.0140625 0.0234375
4 0.475 0.47421875 0.0125 0.01875
4 0.425 0.4578125 0.009375 0.0171875
4 0.42890625 0.4515625 0.0078125 0.0140625
4 0.48046875 0.459375 0.00625 0.0125
4 0.5390625 0.46953125 0.00625 0.0125
4 0.60625 0.48203125 0.0078125 0.0125
4 0.68359375 0.5015625 0.009375 0.0140625
4 0.74296875 0.5171875 0.009375 0.0140625
4 0.84921875 0.5421875 0.0109375 0.015625