4 0.675 0.475 0.0515625 0.078125
4 0.91015625 0.45234375 0.0453125 0.059375
4 0.9046875 0.371875 0.0171875 0.025
4 0.87265625 0.353125 0.0125 0.01875
4 0.846875 0.33828125 0.0078125 0.0140625
4 0.85546875 0.3453125 0.0078125 0.0125
1 0.91953125 0.375 0.028125 0.046875
0 0.94375 0.34609375 0.009375 0.0140625
0 0.9625 0.35234375 0.00625 0.0125
4 0.86015625 0.3453125 0.0046875 0.0140625
4 0.73671875 0.296875 0.00625 0.0125
4 0.74609375 0.29609375 0.00625 0.0125
4 0.74296875 0.29453125 0.0046875 0.0109375