4 0.690625 0.5265625 0.025 0.0359375
4 0.65625 0.484375 0.0125 0.0203125
0 0.578125 0.45625 0.0046875 0.009375
0 0.56796875 0.45859375 0.00625 0.0125
0 0.55 0.46484375 0.0078125 0.0140625
4 0.65234375 0.471875 0.00625 0.0140625
0 0.5234375 0.47578125 0.009375 0.0171875
0 0.45078125 0.5046875 0.0171875 0.0328125
0 0.59140625 0.45390625 0.003125 0.0078125
0 0.60078125 0.4515625 0.003125 0.0078125
0 0.6109375 0.44921875 0.003125 0.00625
0 0.61640625 0.44921875 0.003125 0.00625
0 0.89140625 0.4640625 0.0046875 0.0078125
4 0.65 0.4640625 0.003125 0.0109375
4 0.6484375 0.4609375 0.003125 0.009375
0 0.62890625 0.44921875 0.003125 0.00625
4 0.64921875 0.4546875 0.003125 0.0046875
4 0.65234375 0.45078125 0.003125 0.0046875
4 0.6546875 0.45 0.0015625 0.0046875
4 0.6703125 0.45 0.003125 0.0046875
4 0.69609375 0.4515625 0.003125 0.0046875
0 0.6796875 0.45 0.003125 0.0046875
0 0.70390625 0.4515625 0.003125 0.0046875
0 0.7359375 0.45390625 0.003125 0.00625
4 0.7296875 0.45390625 0.003125 0.00625
4 0.76953125 0.45703125 0.003125 0.0046875
4 0.79765625 0.45859375 0.003125 0.00625
0 0.77421875 0.45625 0.003125 0.00625
0 0.8046875 0.4578125 0.0046875 0.00625
4 0.83203125 0.4609375 0.0046875 0.0078125
0 0.86015625 0.4625 0.0046875 0.00625
4 0.8671875 0.4640625 0.0046875 0.0078125
0 0.93203125 0.4671875 0.0046875 0.0078125