0 0.63984375 0.62109375 0.08125 0.1359375
0 0.834375 0.465625 0.046875 0.0625
0 0.8109375 0.40390625 0.021875 0.0359375
0 0.76953125 0.38046875 0.015625 0.025
0 0.7234375 0.36875 0.009375 0.0203125
0 0.63125 0.3625 0.009375 0.01875
0 0.5234375 0.35625 0.009375 0.01875
0 0.353125 0.346875 0.0078125 0.015625
0 0.3390625 0.34296875 0.0078125 0.0125
0 0.3453125 0.3390625 0.0046875 0.0109375
0 0.37578125 0.3359375 0.00625 0.0109375
4 0.865625 0.36875 0.0109375 0.01875
4 0.81796875 0.34296875 0.0046875 0.0078125
4 0.75546875 0.36015625 0.009375 0.015625
4 0.67109375 0.35546875 0.00625 0.0140625
4 0.57421875 0.3515625 0.0078125 0.0140625
4 0.49140625 0.346875 0.00625 0.0125
4 0.48828125 0.3375 0.0046875 0.0078125
4 0.5109375 0.334375 0.0046875 0.00625
4 0.91875 0.3453125 0.00625 0.009375
0 0.86875 0.3421875 0.0046875 0.0078125
0 0.7828125 0.340625 0.0046875 0.0078125
0 0.7125 0.3375 0.003125 0.0078125
4 0.71875 0.33984375 0.0046875 0.0078125
4 0.525 0.3375 0.0046875 0.009375
4 0.53046875 0.3359375 0.003125 0.0078125
4 0.4921875 0.33203125 0.003125 0.0078125
4 0.44921875 0.33828125 0.0046875 0.009375
0 0.46171875 0.334375 0.0046875 0.009375
0 0.46640625 0.3328125 0.0046875 0.009375
4 0.6703125 0.33828125 0.003125 0.00625
4 0.6328125 0.3359375 0.003125 0.00625