0 0.10859375 0.77109375 0.0640625 0.140625
0 0.3953125 0.52265625 0.0234375 0.0359375
0 0.4390625 0.48828125 0.0140625 0.0203125
0 0.471875 0.47109375 0.0109375 0.015625
0 0.4875 0.4609375 0.0078125 0.0125
0 0.49375 0.4546875 0.0046875 0.0109375
0 0.50078125 0.45234375 0.0046875 0.009375
4 0.56953125 0.45546875 0.0078125 0.0125
4 0.58359375 0.4625 0.009375 0.0171875
4 0.6078125 0.47890625 0.0140625 0.0234375
4 0.65234375 0.50390625 0.01875 0.034375
4 0.87421875 0.42734375 0.0078125 0.0125
4 0.81484375 0.43046875 0.00625 0.009375
4 0.75625 0.43203125 0.0046875 0.009375
0 0.884375 0.42421875 0.00625 0.0109375
0 0.83515625 0.4265625 0.00625 0.009375
0 0.790625 0.428125 0.0046875 0.0078125
0 0.75234375 0.4296875 0.0046875 0.0078125
4 0.71171875 0.434375 0.0046875 0.0078125
4 0.6578125 0.43671875 0.0046875 0.0078125
0 0.55390625 0.44296875 0.0046875 0.0078125
0 0.5234375 0.44609375 0.003125 0.0078125
0 0.50625 0.4484375 0.0046875 0.0078125
0 0.58828125 0.43984375 0.003125 0.00625
0 0.61875 0.4375 0.003125 0.00625
4 0.5609375 0.45 0.0046875 0.0078125
4 0.5796875 0.4421875 0.003125 0.0078125
4 0.6125 0.43984375 0.003125 0.0078125
0 0.66015625 0.4359375 0.003125 0.00625
0 0.709375 0.4328125 0.003125 0.00625