0 0.646875 0.5296875 0.0984375 0.146875
0 0.203125 0.10859375 0.0171875 0.0234375
4 0.2375 0.1078125 0.0140625 0.021875
4 0.3484375 0.13828125 0.009375 0.0171875
4 0.4515625 0.1671875 0.0078125 0.015625
0 0.4234375 0.16875 0.0109375 0.01875
0 0.31796875 0.1390625 0.0125 0.0203125
0 0.5703125 0.2234375 0.015625 0.025
0 0.51015625 0.2 0.0125 0.021875
4 0.53359375 0.19375 0.0109375 0.01875
4 0.596875 0.21484375 0.0109375 0.0171875
4 0.6671875 0.23984375 0.0125 0.01875
0 0.70390625 0.26953125 0.01875 0.028125
4 0.76953125 0.271875 0.0140625 0.0203125
0 0.8484375 0.30859375 0.0203125 0.028125
0 0.9140625 0.453125 0.0625 0.0859375
4 0.9390625 0.315625 0.0203125 0.025
1 0.8734375 0.29140625 0.021875 0.0359375
1 0.95703125 0.328125 0.0328125 0.0453125
0 0.9640625 0.40390625 0.0234375 0.034375