4 0.8484375 0.64375 0.05625 0.08125
4 0.87578125 0.56796875 0.0296875 0.0421875
4 0.90390625 0.5375 0.0203125 0.028125
4 0.89296875 0.52421875 0.01875 0.021875
4 0.8140625 0.50234375 0.009375 0.015625
4 0.86015625 0.49453125 0.0078125 0.0109375
4 0.86796875 0.48515625 0.003125 0.0078125
4 0.82890625 0.484375 0.003125 0.0078125
4 0.79609375 0.4859375 0.0046875 0.009375
4 0.8078125 0.48359375 0.003125 0.00625
4 0.78515625 0.48203125 0.0046875 0.0078125
4 0.7671875 0.48046875 0.0046875 0.0078125
4 0.76171875 0.48046875 0.0046875 0.009375
4 0.740625 0.4875 0.0078125 0.0125
4 0.68046875 0.47734375 0.00625 0.0109375
4 0.625 0.471875 0.0046875 0.0140625
4 0.37578125 0.44921875 0.0046875 0.009375
4 0.43359375 0.453125 0.0046875 0.009375
4 0.48359375 0.45625 0.00625 0.009375
4 0.52265625 0.46015625 0.0046875 0.009375
4 0.57265625 0.46484375 0.0046875 0.009375
4 0.3046875 0.43984375 0.003125 0.0078125
4 0.28984375 0.43828125 0.003125 0.0078125
4 0.25703125 0.43515625 0.003125 0.0078125
0 0.2453125 0.62109375 0.0609375 0.0984375
0 0.51328125 0.5390625 0.0328125 0.046875
0 0.61640625 0.5171875 0.0203125 0.03125
0 0.6734375 0.50703125 0.015625 0.0234375
0 0.7078125 0.5015625 0.0140625 0.01875
0 0.70390625 0.49296875 0.0078125 0.015625
0 0.66953125 0.48359375 0.0078125 0.0125
0 0.58125 0.46796875 0.00625 0.0109375
0 0.5453125 0.4640625 0.00625 0.0109375
0 0.5046875 0.4609375 0.00625 0.009375
0 0.446875 0.45703125 0.00625 0.0109375
0 0.3859375 0.45390625 0.00625 0.0109375
0 0.2953125 0.4484375 0.0078125 0.0109375
0 0.23671875 0.44140625 0.0078125 0.0109375
0 0.85078125 0.4890625 0.0046875 0.009375
0 0.846875 0.4890625 0.0046875 0.0078125
0 0.8796875 0.490625 0.0046875 0.0078125
0 0.8921875 0.4953125 0.00625 0.009375
0 0.89921875 0.49140625 0.0046875 0.0078125
0 0.90703125 0.49140625 0.0046875 0.0078125
0 0.625 0.47421875 0.00625 0.0125
0 0.9109375 0.490625 0.003125 0.00625
0 0.91328125 0.48984375 0.003125 0.00625
0 0.9171875 0.48984375 0.003125 0.0046875
0 0.9203125 0.490625 0.003125 0.00625
0 0.928125 0.4921875 0.003125 0.00625
0 0.91640625 0.48984375 0.003125 0.00625