0 0.20546875 0.5859375 0.0515625 0.071875
0 0.34609375 0.503125 0.01875 0.03125
0 0.37890625 0.48359375 0.0140625 0.0234375
0 0.41875 0.46796875 0.009375 0.015625
0 0.45625 0.4609375 0.0078125 0.0125
0 0.484375 0.4578125 0.0046875 0.0125
0 0.5234375 0.45546875 0.0046875 0.0109375
0 0.5546875 0.45390625 0.0046875 0.009375
0 0.6046875 0.4546875 0.0046875 0.0078125
0 0.66484375 0.45625 0.0046875 0.0078125
0 0.709375 0.45859375 0.0046875 0.0078125
0 0.7546875 0.4609375 0.0046875 0.0078125
0 0.81640625 0.46640625 0.0046875 0.009375
0 0.90703125 0.47265625 0.0078125 0.0125
4 0.640625 0.55390625 0.0296875 0.05
4 0.546875 0.49765625 0.015625 0.025
4 0.5328125 0.4765625 0.0109375 0.0171875
4 0.54375 0.46796875 0.0078125 0.015625
4 0.56875 0.4609375 0.0078125 0.0125
4 0.59765625 0.4578125 0.0046875 0.009375
4 0.6421875 0.45859375 0.0046875 0.009375
4 0.70625 0.46171875 0.0046875 0.009375
4 0.7765625 0.46640625 0.00625 0.0109375
4 0.83046875 0.47109375 0.0078125 0.0125