4 0.2234375 0.48046875 0.1109375 0.1703125
4 0.20625 0.2734375 0.0640625 0.0796875
4 0.246875 0.22734375 0.0421875 0.05625
4 0.34375 0.21484375 0.0296875 0.0421875
4 0.45390625 0.215625 0.025 0.034375
0 0.29921875 0.1796875 0.0203125 0.0296875
0 0.41640625 0.1890625 0.015625 0.025
0 0.53125 0.203125 0.0125 0.0203125
0 0.61171875 0.2140625 0.0109375 0.0171875
0 0.67109375 0.2203125 0.0125 0.01875
0 0.74140625 0.23203125 0.0109375 0.015625
0 0.78828125 0.23828125 0.0125 0.0171875
0 0.8625 0.24921875 0.0109375 0.0140625
4 0.88203125 0.26328125 0.0140625 0.01875
4 0.91953125 0.265625 0.0140625 0.01875
4 0.95703125 0.26875 0.0140625 0.0171875
0 0.3359375 0.1546875 0.00625 0.009375
0 0.34375 0.15390625 0.00625 0.0078125
0 0.36171875 0.1578125 0.0046875 0.0078125
0 0.36640625 0.16015625 0.00625 0.0078125
0 0.38515625 0.1625 0.0046875 0.0078125
4 0.40234375 0.1640625 0.0046875 0.0078125
0 0.41484375 0.16796875 0.0078125 0.0125
4 0.4234375 0.16875 0.0046875 0.009375
4 0.45390625 0.1734375 0.00625 0.009375
4 0.47890625 0.17734375 0.003125 0.0078125
0 0.47578125 0.17890625 0.0078125 0.0109375
4 0.490625 0.18046875 0.0078125 0.0125
4 0.53671875 0.2203125 0.0203125 0.0296875
0 0.53671875 0.1890625 0.00625 0.0109375
0 0.55390625 0.1890625 0.0046875 0.0078125
4 0.56953125 0.19453125 0.00625 0.0109375
4 0.56796875 0.1921875 0.0046875 0.009375
0 0.6125 0.2015625 0.0078125 0.0125
0 0.621875 0.2 0.0046875 0.0078125
4 0.6296875 0.203125 0.0046875 0.0078125
4 0.640625 0.20546875 0.0078125 0.0125
4 0.64921875 0.23046875 0.015625 0.025
0 0.67109375 0.2203125 0.0140625 0.01875
0 0.67734375 0.21015625 0.00625 0.0078125
0 0.70234375 0.21796875 0.00625 0.0109375
4 0.70859375 0.2171875 0.0046875 0.0078125
0 0.73203125 0.2203125 0.00625 0.0078125
4 0.72578125 0.24140625 0.0140625 0.0203125
4 0.77421875 0.2453125 0.015625 0.0234375
0 0.759375 0.228125 0.00625 0.0109375
0 0.77734375 0.228125 0.0046875 0.0078125
4 0.7796875 0.22890625 0.0046875 0.009375
4 0.79765625 0.23203125 0.00625 0.0109375
0 0.825 0.2359375 0.0046875 0.0078125
0 0.83359375 0.240625 0.0046875 0.009375
0 0.82890625 0.24453125 0.009375 0.0140625
0 0.87421875 0.24375 0.0046875 0.00625
4 0.85234375 0.24140625 0.0046875 0.009375
4 0.85 0.23984375 0.0046875 0.009375
4 0.90234375 0.2484375 0.0046875 0.0078125
0 0.9046875 0.25234375 0.00625 0.0109375
0 0.915625 0.2546875 0.0109375 0.0171875
0 0.95390625 0.25859375 0.00625 0.0109375
0 0.9625 0.2625 0.0078125 0.0125
4 0.98359375 0.2625 0.0078125 0.0109375
0 0.9984375 0.26640625 0.003125 0.0171875