0 0.16640625 0.55625 0.015625 0.0203125
0 0.2515625 0.5265625 0.0109375 0.0171875
0 0.33203125 0.503125 0.009375 0.0140625
0 0.425 0.47890625 0.0078125 0.0140625
0 0.5046875 0.45234375 0.00625 0.0078125
0 0.50703125 0.44921875 0.0046875 0.0078125
0 0.52265625 0.44375 0.0046875 0.0078125
0 0.55078125 0.4359375 0.0046875 0.0078125
0 0.59453125 0.425 0.003125 0.00625
0 0.64296875 0.41484375 0.0046875 0.0078125
0 0.6921875 0.4046875 0.0046875 0.0078125
0 0.753125 0.39375 0.0046875 0.00625
0 0.8078125 0.3828125 0.00625 0.009375
0 0.85 0.3765625 0.00625 0.0109375
0 0.89765625 0.36875 0.00625 0.0109375
4 0.60546875 0.55390625 0.0453125 0.065625
4 0.3953125 0.55 0.0296875 0.0421875
4 0.29375 0.54765625 0.021875 0.0296875
4 0.56015625 0.4515625 0.009375 0.015625
4 0.59296875 0.43984375 0.0078125 0.0140625
4 0.584375 0.4375 0.0078125 0.0125
4 0.575 0.43671875 0.00625 0.0109375
4 0.6328125 0.41953125 0.0046875 0.0078125
4 0.67890625 0.41015625 0.00625 0.009375
4 0.73125 0.4 0.00625 0.0078125
4 0.775 0.39296875 0.00625 0.009375
4 0.878125 0.37890625 0.00625 0.0125
0 0.07734375 0.60078125 0.00625 0.0078125
4 0.80390625 0.390625 0.0078125 0.0109375