0 0.28359375 0.65390625 0.05625 0.0828125
0 0.41015625 0.52265625 0.021875 0.03125
0 0.4484375 0.49140625 0.0109375 0.0203125
0 0.46953125 0.47578125 0.009375 0.0140625
0 0.503125 0.4640625 0.0078125 0.0125
0 0.55703125 0.4515625 0.00625 0.0109375
0 0.61796875 0.43984375 0.00625 0.0109375
0 0.67109375 0.43125 0.0078125 0.0109375
0 0.746875 0.4203125 0.00625 0.0109375
0 0.85234375 0.4046875 0.0078125 0.0125
4 0.79609375 0.5734375 0.0609375 0.0828125
4 0.615625 0.48359375 0.0171875 0.028125
4 0.5921875 0.465625 0.009375 0.01875
4 0.5796875 0.45703125 0.009375 0.015625
4 0.61328125 0.44765625 0.00625 0.0125
4 0.76796875 0.42109375 0.0078125 0.0140625
4 0.90234375 0.403125 0.0109375 0.0171875
4 0.671875 0.4359375 0.0078125 0.0125