0 0.34609375 0.58515625 0.0390625 0.0625
0 0.44296875 0.5046875 0.015625 0.03125
0 0.47578125 0.4796875 0.0109375 0.021875
0 0.51953125 0.46875 0.0078125 0.0171875
0 0.58828125 0.4609375 0.0078125 0.015625
0 0.659375 0.45703125 0.00625 0.0140625
0 0.7265625 0.4546875 0.00625 0.0140625
0 0.82734375 0.4546875 0.0078125 0.0140625
4 0.87265625 0.4609375 0.0125 0.0171875
4 0.7375 0.4609375 0.0109375 0.015625
4 0.6640625 0.465625 0.0125 0.01875
4 0.62578125 0.475 0.0125 0.021875
4 0.659375 0.4953125 0.01875 0.0296875
4 0.75703125 0.55703125 0.034375 0.0546875