0 0.39765625 0.5390625 0.0265625 0.0390625
0 0.43828125 0.4953125 0.0140625 0.0234375
0 0.45703125 0.47421875 0.009375 0.015625
0 0.46484375 0.46484375 0.0078125 0.0125
0 0.471875 0.4578125 0.00625 0.0109375
1 0.478125 0.45078125 0.00625 0.0140625
0 0.48125 0.45078125 0.003125 0.0078125
0 0.48515625 0.44921875 0.003125 0.0078125
0 0.4953125 0.4453125 0.003125 0.00625
0 0.51171875 0.4421875 0.003125 0.00625
0 0.52890625 0.4390625 0.003125 0.00625
0 0.87890625 0.40546875 0.003125 0.00625
0 0.83046875 0.40859375 0.003125 0.00625
0 0.77890625 0.4125 0.0015625 0.00625
0 0.7390625 0.4171875 0.003125 0.0046875
4 0.82890625 0.590625 0.0671875 0.0890625
4 0.64296875 0.49921875 0.021875 0.0359375
4 0.6015625 0.478125 0.015625 0.025
4 0.559375 0.45703125 0.0078125 0.015625
4 0.5484375 0.45234375 0.00625 0.0125
4 0.54453125 0.45 0.0046875 0.009375
1 0.53984375 0.44375 0.0046875 0.015625
4 0.54375 0.44296875 0.003125 0.0078125
4 0.5453125 0.43984375 0.003125 0.0078125
4 0.56640625 0.4359375 0.003125 0.00625
4 0.625 0.42890625 0.003125 0.00625
4 0.8953125 0.4046875 0.0046875 0.009375
4 0.85 0.409375 0.003125 0.0078125
4 0.8015625 0.4125 0.003125 0.0078125
4 0.75078125 0.4171875 0.003125 0.00625
4 0.71953125 0.41953125 0.0015625 0.00625
4 0.68828125 0.421875 0.003125 0.00625
0 0.55546875 0.43515625 0.003125 0.0046875
0 0.58828125 0.43203125 0.0015625 0.0046875
0 0.69453125 0.4203125 0.003125 0.0046875
4 0.65546875 0.42578125 0.003125 0.00625
4 0.5890625 0.4328125 0.003125 0.00625
4 0.55390625 0.43828125 0.003125 0.00625
0 0.6546875 0.42578125 0.0015625 0.0046875
0 0.62265625 0.428125 0.0015625 0.0046875