4 0.6234375 0.4375 0.021875 0.0328125
0 0.39765625 0.4171875 0.021875 0.034375
4 0.321875 0.36640625 0.0140625 0.0234375
4 0.92578125 0.5078125 0.0296875 0.034375
0 0.25234375 0.38125 0.0234375 0.0234375
0 0.3203125 0.4 0.01875 0.0265625
4 0.7578125 0.46953125 0.0234375 0.0296875
0 0.49765625 0.4125 0.015625 0.0234375
4 0.39140625 0.38515625 0.01875 0.0203125
0 0.53125 0.4515625 0.028125 0.0421875
4 0.44375 0.39453125 0.0171875 0.0265625
2 0.553125 0.42421875 0.0171875 0.025
2 0.61640625 0.48125 0.03125 0.034375