0 0.31640625 0.6484375 0.05625 0.0796875
0 0.4671875 0.521875 0.028125 0.0375
0 0.52265625 0.4828125 0.0171875 0.025
0 0.54453125 0.4640625 0.0125 0.01875
0 0.5921875 0.44453125 0.0109375 0.015625
0 0.609375 0.43671875 0.009375 0.0140625
0 0.62265625 0.428125 0.0078125 0.0125
0 0.63046875 0.42421875 0.0078125 0.0109375
0 0.6453125 0.41640625 0.00625 0.0109375
0 0.65703125 0.4078125 0.0046875 0.0078125
0 0.66328125 0.409375 0.00625 0.009375
0 0.68046875 0.40390625 0.00625 0.0078125
0 0.68984375 0.4 0.0046875 0.0078125
4 0.9140625 0.56328125 0.1 0.11875
4 0.69921875 0.43125 0.0171875 0.0234375
4 0.7109375 0.43984375 0.0203125 0.028125
4 0.7421875 0.41015625 0.0140625 0.01875
4 0.71484375 0.40390625 0.009375 0.0140625
4 0.725 0.40703125 0.0109375 0.015625
4 0.72734375 0.396875 0.0078125 0.0125
4 0.74296875 0.39140625 0.0078125 0.0109375
4 0.75 0.38359375 0.00625 0.0078125
4 0.73671875 0.4640625 0.034375 0.04375
4 0.8078125 0.365625 0.00625 0.0078125
4 0.8984375 0.3390625 0.00625 0.0078125
4 0.89375 0.3421875 0.0046875 0.0078125
4 0.88828125 0.34453125 0.00625 0.0078125
4 0.85546875 0.353125 0.0046875 0.0078125
0 0.88125 0.34296875 0.003125 0.0046875
0 0.8578125 0.34921875 0.0046875 0.00625
0 0.82734375 0.35859375 0.003125 0.00625
0 0.834375 0.35703125 0.003125 0.00625
0 0.83984375 0.35546875 0.003125 0.00625
0 0.79765625 0.36640625 0.003125 0.00625
4 0.759375 0.38203125 0.003125 0.0078125
4 0.75703125 0.38515625 0.00625 0.009375
4 0.75546875 0.378125 0.0046875 0.0078125
0 0.76171875 0.37578125 0.003125 0.00625
0 0.73046875 0.38359375 0.003125 0.00625
4 0.7140625 0.38984375 0.003125 0.00625
4 0.71171875 0.39140625 0.0046875 0.0078125
0 0.071875 0.58125 0.0046875 0.009375
0 0.0828125 0.57421875 0.00625 0.009375
0 0.10859375 0.56640625 0.00625 0.0109375
0 0.11484375 0.56953125 0.0078125 0.0109375
0 0.13828125 0.55625 0.00625 0.0078125
0 0.18046875 0.5515625 0.0078125 0.0125
4 0.1609375 0.553125 0.00625 0.0109375
4 0.175 0.546875 0.0046875 0.009375
4 0.1890625 0.54609375 0.0078125 0.0109375
0 0.1828125 0.54375 0.00625 0.0078125
4 0.21875 0.53359375 0.00625 0.009375
0 0.240625 0.52578125 0.0046875 0.0078125
0 0.26015625 0.52890625 0.00625 0.0109375
4 0.2546875 0.52734375 0.00625 0.0109375
0 0.309375 0.5046875 0.003125 0.00625
0 0.32578125 0.50859375 0.0078125 0.0109375
0 0.3640625 0.48828125 0.003125 0.00625
0 0.40078125 0.4859375 0.00625 0.009375
0 0.40390625 0.47578125 0.003125 0.00625
4 0.3265625 0.50078125 0.0046875 0.0078125
4 0.35 0.49921875 0.00625 0.0109375
4 0.3828125 0.48359375 0.0046875 0.00625
4 0.4046875 0.48359375 0.00625 0.0109375
4 0.4234375 0.47109375 0.0046875 0.0078125
4 0.46640625 0.4640625 0.00625 0.009375
0 0.47578125 0.4625 0.00625 0.009375
0 0.51484375 0.45078125 0.00625 0.0078125
0 0.5625 0.4359375 0.0046875 0.0078125
0 0.6015625 0.42421875 0.0046875 0.0078125
4 0.46328125 0.459375 0.003125 0.0046875
4 0.4875 0.4515625 0.003125 0.00625
4 0.51640625 0.44296875 0.003125 0.00625
0 0.525 0.43984375 0.003125 0.0046875
4 0.5578125 0.43515625 0.0046875 0.0078125
4 0.5859375 0.42734375 0.0046875 0.0078125
0 0.6265625 0.41640625 0.003125 0.00625
4 0.62890625 0.4140625 0.0046875 0.0078125
4 0.54453125 0.43515625 0.003125 0.0046875
4 0.56953125 0.428125 0.003125 0.0046875
0 0.4984375 0.4484375 0.003125 0.0046875
0 0.546875 0.43359375 0.0015625 0.003125
0 0.56640625 0.428125 0.003125 0.0046875
4 0.5875 0.421875 0.003125 0.0046875
4 0.63828125 0.40703125 0.003125 0.0046875
4 0.65390625 0.40390625 0.003125 0.0046875
4 0.67421875 0.4015625 0.0046875 0.00625
4 0.6625 0.40234375 0.003125 0.0046875
0 0.684375 0.40078125 0.0046875 0.0078125
0 0.70703125 0.390625 0.003125 0.0046875
4 0.603125 0.41796875 0.003125 0.0046875
4 0.6203125 0.41328125 0.003125 0.0046875
0 0.6 0.41875 0.003125 0.0046875
0 0.64140625 0.40625 0.003125 0.0046875
0 0.65703125 0.40234375 0.003125 0.0046875
4 0.66640625 0.40078125 0.003125 0.00625
0 0.6984375 0.3921875 0.003125 0.0046875
0 0.68984375 0.39453125 0.003125 0.0046875
4 0.68203125 0.39765625 0.003125 0.00625
0 0.62109375 0.41171875 0.003125 0.0046875