4 0.14140625 0.41484375 0.0171875 0.0234375
4 0.25234375 0.4265625 0.0125 0.01875
4 0.36796875 0.43984375 0.009375 0.0140625
4 0.46796875 0.44609375 0.00625 0.009375
4 0.4578125 0.45390625 0.009375 0.0140625
4 0.51875 0.45703125 0.00625 0.009375
4 0.528125 0.46640625 0.0078125 0.0140625
0 0.2640625 0.4390625 0.015625 0.021875
0 0.34921875 0.4453125 0.0125 0.01875
0 0.421875 0.45546875 0.0125 0.0171875
0 0.503125 0.45078125 0.00625 0.009375
0 0.53671875 0.4578125 0.00625 0.009375
4 0.728125 0.4953125 0.00625 0.009375
4 0.73125 0.49765625 0.00625 0.009375
4 0.7140625 0.490625 0.0046875 0.0078125
4 0.70390625 0.49375 0.0078125 0.0109375
4 0.6515625 0.48359375 0.00625 0.0109375
4 0.58046875 0.46796875 0.00625 0.009375
4 0.603125 0.4859375 0.009375 0.0171875
0 0.625 0.475 0.0046875 0.0078125
4 0.63671875 0.49921875 0.009375 0.01875
0 0.48125 0.46796875 0.0109375 0.0171875
0 0.49921875 0.478125 0.0140625 0.021875
0 0.48125 0.4859375 0.0171875 0.025
0 0.4328125 0.490625 0.021875 0.0328125
0 0.34609375 0.50625 0.0375 0.0484375
4 0.66484375 0.5171875 0.0125 0.0234375
4 0.66796875 0.5359375 0.021875 0.0328125
4 0.68125 0.57265625 0.0328125 0.0484375
4 0.86171875 0.7875 0.071875 0.13125
4 0.7625 0.4984375 0.0046875 0.0078125
4 0.79765625 0.50546875 0.0046875 0.0078125
0 0.65859375 0.48203125 0.0046875 0.0078125
0 0.034375 0.67109375 0.0546875 0.1078125
0 0.825 0.51015625 0.0046875 0.00625
0 0.846875 0.51484375 0.003125 0.0078125
0 0.8625 0.51640625 0.0046875 0.00625
0 0.88046875 0.51953125 0.0046875 0.00625
0 0.909375 0.525 0.0046875 0.00625
4 0.9375 0.53125 0.0046875 0.0078125
4 0.921875 0.52890625 0.0046875 0.0078125
4 0.903125 0.5265625 0.00625 0.009375
4 0.88515625 0.5234375 0.0046875 0.0078125
4 0.84453125 0.51484375 0.0046875 0.0078125
0 0.7875 0.5015625 0.0046875 0.0078125
0 0.7421875 0.4921875 0.003125 0.0078125
4 0.728125 0.48984375 0.003125 0.0078125
0 0.71015625 0.4859375 0.003125 0.00625
4 0.7046875 0.48828125 0.0046875 0.0078125
4 0.70625 0.48671875 0.003125 0.0078125
0 0.68359375 0.48125 0.003125 0.00625
0 0.65625 0.47734375 0.003125 0.0078125
0 0.6625 0.48125 0.0046875 0.0078125
0 0.66484375 0.478125 0.003125 0.00625
0 0.48125 0.44296875 0.003125 0.00625
0 0.48359375 0.4453125 0.003125 0.00625
0 0.48671875 0.44609375 0.003125 0.00625
0 0.48984375 0.44765625 0.003125 0.0078125
0 0.4734375 0.44140625 0.003125 0.0046875
0 0.45234375 0.4375 0.003125 0.00625
0 0.43125 0.43359375 0.003125 0.0046875
4 0.43671875 0.4375 0.003125 0.0078125
4 0.43828125 0.440625 0.0046875 0.00625
4 0.44296875 0.43828125 0.0046875 0.00625
4 0.44453125 0.4375 0.003125 0.0078125
4 0.4265625 0.434375 0.003125 0.0078125
4 0.40625 0.4296875 0.0046875 0.0078125
0 0.4109375 0.4296875 0.003125 0.00625
0 0.38203125 0.42421875 0.003125 0.0046875
4 0.37890625 0.425 0.003125 0.00625
4 0.35234375 0.4203125 0.0046875 0.0078125
0 0.34921875 0.41953125 0.003125 0.00625
0 0.3234375 0.41640625 0.003125 0.00625
4 0.32578125 0.4171875 0.003125 0.00625
4 0.29140625 0.4125 0.0046875 0.0078125
4 0.23671875 0.4046875 0.0046875 0.0078125
0 0.25234375 0.40546875 0.0046875 0.0078125
0 0.20078125 0.3984375 0.0046875 0.0078125
0 0.1265625 0.3890625 0.00625 0.009375
4 0.16484375 0.3953125 0.00625 0.009375