0 0.11640625 0.2453125 0.034375 0.05
0 0.3453125 0.23125 0.0234375 0.0359375
0 0.515625 0.23046875 0.01875 0.0296875
0 0.64609375 0.2328125 0.0140625 0.028125
0 0.746875 0.2328125 0.0140625 0.028125
0 0.83203125 0.23359375 0.015625 0.028125
4 0.78359375 0.2546875 0.0234375 0.0375
4 0.59609375 0.25546875 0.0234375 0.0375
4 0.41875 0.275 0.0359375 0.0515625
4 0.1484375 0.32890625 0.0578125 0.084375
4 0.12890625 0.50625 0.103125 0.1671875
4 0.3734375 0.18515625 0.0046875 0.0078125
4 0.36875 0.18515625 0.0046875 0.0078125
4 0.396875 0.18671875 0.0046875 0.0078125
4 0.40078125 0.1875 0.003125 0.0078125
4 0.4328125 0.18828125 0.0046875 0.0078125
4 0.43828125 0.18984375 0.0046875 0.009375
4 0.4453125 0.19140625 0.0046875 0.0125
4 0.44921875 0.19375 0.00625 0.0125
4 0.46796875 0.1921875 0.0046875 0.0109375
4 0.4859375 0.19609375 0.00625 0.0140625
4 0.4734375 0.19296875 0.003125 0.0109375
4 0.54921875 0.19921875 0.00625 0.0140625
4 0.68828125 0.2078125 0.0046875 0.0125
4 0.7453125 0.21171875 0.00625 0.0140625
4 0.9578125 0.2546875 0.0265625 0.034375
4 0.88515625 0.21953125 0.0078125 0.015625
0 0.31484375 0.1828125 0.00625 0.0078125
0 0.32890625 0.18359375 0.00625 0.0078125
0 0.36796875 0.190625 0.00625 0.0109375
0 0.36328125 0.18984375 0.0046875 0.0109375
0 0.3890625 0.18984375 0.00625 0.009375
0 0.40390625 0.19375 0.00625 0.0125
0 0.409375 0.18984375 0.0046875 0.009375
0 0.4546875 0.196875 0.0078125 0.0140625
0 0.546875 0.2015625 0.0078125 0.0140625
0 0.621875 0.20625 0.00625 0.0140625
4 0.61953125 0.203125 0.0046875 0.0125
0 0.69765625 0.21015625 0.0078125 0.0125
0 0.75546875 0.21484375 0.00625 0.0125
0 0.79609375 0.2171875 0.0078125 0.0125
0 0.87265625 0.2328125 0.0125 0.0234375
0 0.86875 0.22734375 0.009375 0.01875
4 0.9484375 0.2234375 0.0125 0.01875
0 0.3609375 0.1859375 0.0046875 0.009375
0 0.83671875 0.22109375 0.0078125 0.0140625
0 0.6859375 0.2046875 0.003125 0.0078125
0 0.384375 0.18515625 0.003125 0.00625
0 0.42734375 0.18828125 0.003125 0.0078125
0 0.4015625 0.18984375 0.003125 0.0078125
0 0.3453125 0.18359375 0.003125 0.0078125
0 0.58046875 0.1984375 0.003125 0.0078125
4 0.5890625 0.1984375 0.0046875 0.009375
4 0.63515625 0.20078125 0.0046875 0.009375
4 0.7203125 0.20625 0.003125 0.0078125
0 0.75390625 0.20859375 0.0046875 0.0078125
4 0.81484375 0.215625 0.00625 0.0109375
4 0.54375 0.19609375 0.0046875 0.009375