0 0.29296875 0.58125 0.059375 0.08125
0 0.39375 0.51875 0.0265625 0.04375
0 0.43515625 0.49453125 0.0203125 0.03125
0 0.4515625 0.48046875 0.0140625 0.0234375
0 0.4765625 0.46953125 0.0109375 0.01875
0 0.403125 0.4515625 0.0078125 0.0140625
0 0.44296875 0.453125 0.0078125 0.0125
0 0.48671875 0.45625 0.0078125 0.0109375
0 0.50390625 0.46640625 0.009375 0.015625
0 0.525 0.46640625 0.0078125 0.0125
0 0.53515625 0.4625 0.0078125 0.0140625
0 0.2171875 0.4484375 0.0140625 0.01875
4 0.23984375 0.4421875 0.0109375 0.015625
4 0.10234375 0.43828125 0.015625 0.0203125
0 0.084375 0.44609375 0.01875 0.025
0 0.32890625 0.45078125 0.009375 0.0140625
4 0.38046875 0.44609375 0.0078125 0.0109375
4 0.8078125 0.596875 0.0484375 0.059375
4 0.67109375 0.5296875 0.0234375 0.0359375
4 0.6125 0.49921875 0.0140625 0.0234375
4 0.6078125 0.48515625 0.0109375 0.01875
4 0.61875 0.4796875 0.009375 0.015625
4 0.6296875 0.47734375 0.009375 0.0140625
4 0.603125 0.46640625 0.0078125 0.0125
4 0.5546875 0.4578125 0.00625 0.0109375
4 0.903125 0.490625 0.0046875 0.00625
4 0.8828125 0.4890625 0.0046875 0.0078125
4 0.8625 0.4859375 0.0046875 0.0078125
4 0.8265625 0.48203125 0.0046875 0.0078125
4 0.6921875 0.4703125 0.0046875 0.009375
4 0.7171875 0.47265625 0.00625 0.009375
4 0.7109375 0.4703125 0.0046875 0.0078125
4 0.70625 0.46875 0.0046875 0.0078125
4 0.64921875 0.465625 0.00625 0.009375
4 0.62109375 0.47109375 0.0078125 0.0140625
4 0.59609375 0.459375 0.0046875 0.009375
4 0.54921875 0.45390625 0.0046875 0.0078125
4 0.50625 0.45390625 0.00625 0.0109375
4 0.484375 0.44609375 0.0046875 0.00625
4 0.48671875 0.44609375 0.003125 0.00625
4 0.08828125 0.41953125 0.0078125 0.0109375
4 0.18359375 0.425 0.0078125 0.0109375
4 0.23203125 0.428125 0.00625 0.0078125
4 0.2859375 0.43125 0.0046875 0.0078125
4 0.33046875 0.44375 0.0078125 0.0125
4 0.4453125 0.4484375 0.00625 0.0109375
0 0.14375 0.4203125 0.00625 0.0078125
0 0.20390625 0.425 0.00625 0.0078125
0 0.2578125 0.428125 0.0046875 0.0078125
0 0.30234375 0.43046875 0.0046875 0.0078125
0 0.33671875 0.4328125 0.003125 0.00625
0 0.3875 0.4359375 0.003125 0.00625
0 0.4078125 0.4375 0.003125 0.00625
0 0.45859375 0.440625 0.003125 0.00625
0 0.49375 0.44453125 0.003125 0.00625
0 0.5265625 0.44921875 0.0046875 0.0078125
0 0.5234375 0.4484375 0.003125 0.0078125
0 0.521875 0.4484375 0.0046875 0.00625
0 0.51875 0.44765625 0.003125 0.00625
0 0.5125 0.446875 0.0046875 0.00625
0 0.5375 0.45078125 0.0046875 0.0078125
0 0.56328125 0.45390625 0.003125 0.0078125
0 0.63359375 0.46171875 0.003125 0.0078125
0 0.66015625 0.4640625 0.0046875 0.0078125
0 0.6734375 0.4640625 0.003125 0.00625
0 0.66640625 0.46484375 0.003125 0.0078125
0 0.74453125 0.47109375 0.0046875 0.00625
0 0.7828125 0.47578125 0.0046875 0.00625
0 0.85390625 0.484375 0.0046875 0.0078125
4 0.33046875 0.43359375 0.0046875 0.0078125
4 0.39140625 0.43671875 0.003125 0.00625
4 0.41171875 0.4375 0.003125 0.00625
4 0.36796875 0.4359375 0.003125 0.00625
0 0.3640625 0.43515625 0.003125 0.00625
4 0.45546875 0.44140625 0.003125 0.00625
0 0.52421875 0.45859375 0.0046875 0.0109375
0 0.93984375 0.49296875 0.003125 0.00625
0 0.9 0.4890625 0.003125 0.00625
0 0.871875 0.48515625 0.003125 0.00625
0 0.715625 0.46875 0.003125 0.0046875
0 0.69140625 0.465625 0.003125 0.00625
0 0.66484375 0.4625 0.003125 0.00625
0 0.59765625 0.4578125 0.003125 0.0078125
4 0.51015625 0.45 0.0046875 0.0078125
4 0.47265625 0.44375 0.003125 0.00625
0 0.47578125 0.4421875 0.003125 0.0046875
4 0.43203125 0.4390625 0.003125 0.00625
0 0.434375 0.4390625 0.0015625 0.0046875