0 0.1125 0.565625 0.0296875 0.04140625
0 0.11171875 0.603125 0.04765625 0.059375
0 0.85625 0.440625 0.003125 0.00703125
0 0.8171875 0.44296875 0.00390625 0.00703125
0 0.77578125 0.4453125 0.003125 0.00625
0 0.71171875 0.45 0.00234375 0.00625
0 0.9046875 0.43828125 0.00390625 0.00625
0 0.65625 0.45390625 0.003125 0.00625
1 0.69140625 0.44921875 0.00390625 0.009375
1 0.71640625 0.44921875 0.00390625 0.01015625
4 0.66328125 0.4546875 0.00390625 0.0078125
4 0.73828125 0.44921875 0.00390625 0.00703125
4 0.76796875 0.446875 0.00390625 0.0078125
4 0.80078125 0.4453125 0.00390625 0.0078125
4 0.8390625 0.4421875 0.00390625 0.0078125
4 0.8765625 0.43984375 0.00390625 0.0078125
4 0.9171875 0.43828125 0.00390625 0.0078125
4 0.65390625 0.590625 0.040625 0.06796875
4 0.4890625 0.52734375 0.02109375 0.0328125
4 0.3734375 0.5171875 0.015625 0.0265625
4 0.2546875 0.52109375 0.0125 0.02265625
4 0.115625 0.53046875 0.01796875 0.02734375
4 0.69453125 0.45234375 0.003125 0.0078125
0 0.3671875 0.47421875 0.00234375 0.0078125
0 0.43671875 0.46953125 0.00390625 0.00703125
0 0.496875 0.465625 0.003125 0.00703125
0 0.5421875 0.46171875 0.00234375 0.00703125
0 0.621875 0.45625 0.003125 0.00625
4 0.39375 0.4734375 0.00390625 0.00859375
4 0.4703125 0.46796875 0.0046875 0.0078125
4 0.521875 0.46484375 0.003125 0.0078125
4 0.5578125 0.46171875 0.00390625 0.0078125