4 0.6078125 0.41328125 0.021875 0.0328125
0 0.3828125 0.440625 0.0203125 0.034375
4 0.2984375 0.40625 0.0140625 0.0234375
4 0.91796875 0.41953125 0.0296875 0.034375
0 0.23359375 0.43515625 0.0234375 0.021875
0 0.303125 0.43984375 0.0171875 0.025
4 0.74609375 0.41640625 0.021875 0.0296875
0 0.47890625 0.41484375 0.015625 0.0234375
4 0.36953125 0.41015625 0.01875 0.01875
0 0.5203125 0.44609375 0.0265625 0.0421875
4 0.42265625 0.40859375 0.015625 0.0265625
2 0.53671875 0.41484375 0.0171875 0.0234375
2 0.61015625 0.4578125 0.0296875 0.0328125