4 0.7234375 0.4828125 0.01171875 0.02421875
4 0.73046875 0.51171875 0.01875 0.03359375
4 0.7859375 0.4734375 0.01328125 0.0203125
4 0.9078125 0.46875 0.0125 0.01953125
4 0.846875 0.60546875 0.05390625 0.07734375
0 0.82578125 0.45859375 0.009375 0.0140625
0 0.72734375 0.46015625 0.00703125 0.0140625
0 0.634375 0.46484375 0.0078125 0.01640625
0 0.56171875 0.47578125 0.009375 0.01953125
0 0.49609375 0.49921875 0.0171875 0.02890625
0 0.35 0.57265625 0.03671875 0.0578125
0 0.9234375 0.4578125 0.009375 0.01484375