0 0.21015625 0.6796875 0.0984375 0.13125
0 0.41953125 0.55078125 0.0359375 0.053125
0 0.478125 0.5140625 0.025 0.0359375
0 0.46953125 0.49375 0.015625 0.028125
0 0.41875 0.47734375 0.0125 0.021875
0 0.35703125 0.46484375 0.0109375 0.01875
0 0.29453125 0.45859375 0.009375 0.0171875
0 0.159375 0.45234375 0.0125 0.0171875
0 0.2390625 0.4546875 0.009375 0.0171875
0 0.66953125 0.475 0.0078125 0.0109375
0 0.63125 0.471875 0.00625 0.009375
0 0.5921875 0.46640625 0.00625 0.0078125
0 0.59609375 0.46796875 0.0046875 0.009375
0 0.60078125 0.46640625 0.0046875 0.009375
0 0.68984375 0.47578125 0.0046875 0.009375
0 0.7109375 0.47578125 0.0046875 0.0078125
0 0.7296875 0.4765625 0.0046875 0.0078125
0 0.76171875 0.4765625 0.0046875 0.0078125
0 0.86953125 0.48515625 0.0046875 0.0078125
0 0.91875 0.48984375 0.0046875 0.0078125
0 0.8390625 0.48203125 0.003125 0.0078125
4 0.7703125 0.565625 0.0359375 0.046875
4 0.70234375 0.52421875 0.021875 0.03125
4 0.59453125 0.4921875 0.0140625 0.021875
4 0.50703125 0.47578125 0.009375 0.01875
4 0.43359375 0.46484375 0.009375 0.015625
4 0.51875 0.46171875 0.0046875 0.0109375
4 0.5234375 0.46171875 0.0046875 0.0109375
4 0.5375 0.4609375 0.0046875 0.0078125
4 0.55390625 0.4671875 0.00625 0.0109375
4 0.5734375 0.4625 0.0046875 0.0078125
4 0.58359375 0.46171875 0.003125 0.0078125
4 0.6109375 0.4734375 0.0078125 0.0125
4 0.74140625 0.484375 0.00625 0.0109375
4 0.7640625 0.484375 0.00625 0.0109375
4 0.7875 0.4828125 0.0046875 0.009375
4 0.80390625 0.4828125 0.0046875 0.0078125
4 0.821875 0.4828125 0.0046875 0.0078125
4 0.8578125 0.4859375 0.0046875 0.0078125
4 0.89140625 0.4890625 0.00625 0.0078125
4 0.934375 0.49296875 0.0046875 0.0078125
4 0.13125 0.4453125 0.0109375 0.015625
4 0.21171875 0.44765625 0.0109375 0.0140625
4 0.36484375 0.45703125 0.00625 0.0125
4 0.6890625 0.48125 0.0078125 0.0125
0 0.74140625 0.4765625 0.0046875 0.0078125
4 0.29140625 0.453125 0.0078125 0.0140625
0 0.10234375 0.43125 0.0046875 0.0078125
0 0.6140625 0.46640625 0.003125 0.0078125
0 0.62578125 0.46640625 0.0046875 0.0078125
0 0.6375 0.4640625 0.003125 0.00625
0 0.62265625 0.4609375 0.0015625 0.0046875
0 0.6296875 0.465625 0.003125 0.00625
0 0.63203125 0.4625 0.0015625 0.00625
0 0.80703125 0.4796875 0.003125 0.00625
0 0.78515625 0.47890625 0.0046875 0.0078125
4 0.5921875 0.459375 0.003125 0.00625
4 0.596875 0.46171875 0.003125 0.00625
4 0.5953125 0.46015625 0.003125 0.00625
4 0.58671875 0.45859375 0.0015625 0.00625
4 0.5796875 0.45859375 0.003125 0.0046875
4 0.58203125 0.4609375 0.003125 0.00625
4 0.55703125 0.46171875 0.003125 0.0078125
4 0.45 0.45 0.0015625 0.00625
4 0.4703125 0.45 0.0015625 0.0046875
4 0.225 0.43828125 0.003125 0.0078125
4 0.146875 0.434375 0.0046875 0.009375