4 0.08828125 0.54296875 0.065625 0.125
4 0.1421875 0.31484375 0.025 0.040625
4 0.2453125 0.27578125 0.01875 0.0328125
4 0.35625 0.240625 0.01875 0.0265625
0 0.10703125 0.2984375 0.01875 0.025
0 0.2515625 0.25546875 0.0125 0.021875
0 0.403125 0.2140625 0.0125 0.01875
0 0.5125 0.184375 0.0109375 0.01875
0 0.6359375 0.15390625 0.0109375 0.01875
0 0.73515625 0.13125 0.0125 0.01875
4 0.709375 0.14609375 0.015625 0.025
4 0.46875 0.209375 0.0140625 0.0234375
4 0.56640625 0.1828125 0.0140625 0.0234375
4 0.8296875 0.11640625 0.015625 0.0234375
0 0.5921875 0.153125 0.00625 0.009375
0 0.60703125 0.1484375 0.0046875 0.0078125
0 0.61015625 0.1484375 0.0046875 0.0078125
0 0.6265625 0.14453125 0.0046875 0.0078125
0 0.64609375 0.14140625 0.00625 0.0078125
0 0.69375 0.13046875 0.0046875 0.0078125
0 0.70078125 0.1296875 0.00625 0.0109375
4 0.6671875 0.1359375 0.00625 0.009375
4 0.67421875 0.13359375 0.00625 0.009375
4 0.71640625 0.12578125 0.0078125 0.0125
0 0.759375 0.11640625 0.00625 0.0109375
4 0.81015625 0.103125 0.0078125 0.0125
0 0.8453125 0.0953125 0.00625 0.0109375
0 0.653125 0.13828125 0.0046875 0.0078125