0 0.88359375 0.35234375 0.009375 0.0109375
0 0.809375 0.3703125 0.0078125 0.009375
0 0.75625 0.38359375 0.00625 0.009375
0 0.7078125 0.396875 0.00625 0.0078125
0 0.64375 0.41484375 0.00625 0.0078125
0 0.59140625 0.43046875 0.00625 0.009375
0 0.5609375 0.44140625 0.00625 0.009375
0 0.52265625 0.45546875 0.00625 0.0109375
0 0.49609375 0.46875 0.0078125 0.0140625
0 0.46171875 0.48671875 0.0109375 0.0171875
0 0.4265625 0.51640625 0.0171875 0.025
0 0.396875 0.55234375 0.025 0.0375
0 0.25078125 0.73046875 0.084375 0.1046875
0 0.10078125 0.57421875 0.00625 0.009375
0 0.11640625 0.5703125 0.00625 0.0109375
0 0.125 0.56953125 0.00625 0.0078125
0 0.12421875 0.575 0.0078125 0.009375
0 0.1125 0.58125 0.009375 0.0140625
0 0.1078125 0.5875 0.0125 0.015625
4 0.90703125 0.35234375 0.0109375 0.015625
4 0.83828125 0.36796875 0.009375 0.0140625
4 0.75546875 0.3875 0.0078125 0.0109375
4 0.684375 0.40703125 0.0078125 0.0125
4 0.63828125 0.42109375 0.0078125 0.0125
4 0.61015625 0.43203125 0.0078125 0.0140625
4 0.5890625 0.44765625 0.009375 0.0171875
4 0.58125 0.46015625 0.0125 0.0203125
4 0.61015625 0.47890625 0.0203125 0.03125
4 0.778125 0.51875 0.0578125 0.0734375