4 0.921875 0.45859375 0.00625 0.009375
0 0.89375 0.45703125 0.0046875 0.0078125
4 0.83203125 0.45546875 0.0046875 0.0078125
0 0.5640625 0.44921875 0.003125 0.00625
0 0.56015625 0.45078125 0.003125 0.0078125
0 0.55703125 0.453125 0.0046875 0.0078125
0 0.54921875 0.45546875 0.0046875 0.009375
0 0.53515625 0.4609375 0.0046875 0.0109375
0 0.52578125 0.465625 0.00625 0.0125
0 0.5078125 0.4765625 0.0078125 0.0171875
0 0.47578125 0.4984375 0.0140625 0.0265625
0 0.3265625 0.609375 0.04375 0.078125
4 0.6140625 0.4578125 0.0046875 0.009375
4 0.61953125 0.4625 0.0046875 0.0109375
4 0.6265625 0.46796875 0.00625 0.0125
4 0.6421875 0.4796875 0.0078125 0.0171875
4 0.671875 0.50546875 0.0171875 0.0296875
4 0.90390625 0.65234375 0.059375 0.0984375
4 0.8328125 0.45546875 0.0046875 0.0078125
4 0.7953125 0.4546875 0.0046875 0.0078125
4 0.61015625 0.45390625 0.003125 0.0078125
4 0.60703125 0.4515625 0.003125 0.0078125
4 0.609375 0.44921875 0.003125 0.00625
4 0.62578125 0.4484375 0.003125 0.00625
4 0.6515625 0.4484375 0.003125 0.0078125
4 0.6875 0.45 0.003125 0.0078125
4 0.728125 0.45078125 0.003125 0.0078125
4 0.75859375 0.45234375 0.0046875 0.0078125
0 0.8515625 0.45546875 0.0046875 0.0078125
0 0.81953125 0.453125 0.0046875 0.0078125
0 0.78984375 0.45234375 0.003125 0.0078125
0 0.7625 0.4515625 0.003125 0.00625
0 0.73046875 0.45 0.0015625 0.00625
0 0.69140625 0.44921875 0.003125 0.00625
0 0.659375 0.4484375 0.003125 0.00625
0 0.634375 0.4484375 0.003125 0.00625
0 0.58203125 0.44765625 0.003125 0.0078125
0 0.56953125 0.44921875 0.003125 0.00625