0 0.3125 0.59375 0.0421875 0.065625
0 0.39921875 0.53046875 0.0234375 0.0390625
0 0.42734375 0.50234375 0.0171875 0.0265625
0 0.4625 0.48046875 0.0109375 0.01875
0 0.49453125 0.47109375 0.0078125 0.015625
0 0.5203125 0.465625 0.0078125 0.0140625
0 0.53125 0.46171875 0.00625 0.0125
4 0.7234375 0.5296875 0.0265625 0.046875
4 0.61796875 0.47421875 0.0109375 0.0203125
4 0.62890625 0.4921875 0.0140625 0.028125
4 0.6375 0.45859375 0.00625 0.0140625
4 0.62890625 0.46484375 0.009375 0.015625
4 0.19921875 0.49296875 0.0109375 0.0140625
4 0.159375 0.4828125 0.00625 0.009375
4 0.2125 0.47578125 0.0046875 0.009375
4 0.2703125 0.46953125 0.0046875 0.0078125
4 0.30703125 0.47734375 0.0078125 0.0125
4 0.31796875 0.4640625 0.003125 0.00625
4 0.36328125 0.4703125 0.0046875 0.0125
4 0.434375 0.4609375 0.0046875 0.009375
4 0.5 0.45546875 0.00625 0.009375
4 0.50546875 0.45 0.0046875 0.0078125
4 0.546875 0.446875 0.0046875 0.0078125
4 0.55234375 0.4515625 0.0046875 0.0109375
4 0.60703125 0.45078125 0.0046875 0.0109375
4 0.596875 0.44453125 0.003125 0.0078125
4 0.92734375 0.42265625 0.003125 0.00625
4 0.884375 0.42578125 0.003125 0.00625
4 0.84453125 0.428125 0.003125 0.00625
4 0.80234375 0.42890625 0.003125 0.00625
4 0.76953125 0.43046875 0.003125 0.0078125
4 0.7375 0.43203125 0.003125 0.00625
4 0.72734375 0.43671875 0.0046875 0.009375
4 0.71796875 0.43515625 0.003125 0.0078125
4 0.70078125 0.4390625 0.0046875 0.0078125
4 0.71328125 0.43359375 0.003125 0.00625
0 0.11953125 0.48515625 0.0046875 0.0078125
0 0.15859375 0.5078125 0.0140625 0.01875
0 0.1859375 0.478125 0.0046875 0.0078125
0 0.2984375 0.4859375 0.0078125 0.015625
0 0.24296875 0.47109375 0.0046875 0.00625
0 0.28984375 0.465625 0.003125 0.00625
0 0.32578125 0.4625 0.0015625 0.00625
0 0.38515625 0.47265625 0.0046875 0.0125
0 0.4296875 0.465625 0.0046875 0.0125
0 0.47734375 0.4609375 0.00625 0.0125
0 0.8921875 0.421875 0.003125 0.00625
0 0.871875 0.4234375 0.003125 0.0046875
0 0.853125 0.425 0.003125 0.0078125
0 0.83203125 0.4265625 0.003125 0.00625
0 0.796875 0.42890625 0.003125 0.0046875
0 0.753125 0.43125 0.0015625 0.0046875
0 0.72265625 0.43203125 0.003125 0.0046875
0 0.696875 0.43359375 0.0015625 0.0046875
0 0.67890625 0.4359375 0.003125 0.00625
0 0.665625 0.4390625 0.003125 0.0078125
0 0.63671875 0.440625 0.003125 0.00625
4 0.65546875 0.44140625 0.0046875 0.009375
0 0.59921875 0.44296875 0.003125 0.0078125
0 0.56171875 0.44453125 0.003125 0.0078125
0 0.534375 0.44609375 0.003125 0.0078125
0 0.52265625 0.446875 0.0015625 0.0046875
0 0.515625 0.4453125 0.003125 0.0046875
0 0.48984375 0.446875 0.0015625 0.0046875
0 0.453125 0.44921875 0.003125 0.0046875
4 0.4671875 0.44921875 0.003125 0.00625
4 0.44921875 0.45 0.003125 0.0046875
4 0.42578125 0.45234375 0.003125 0.0046875
4 0.40390625 0.45390625 0.003125 0.0046875
4 0.38359375 0.45625 0.003125 0.0046875
4 0.3578125 0.459375 0.003125 0.00625
0 0.3546875 0.459375 0.003125 0.0046875
0 0.3796875 0.45625 0.003125 0.00625
0 0.40078125 0.45390625 0.003125 0.0046875
0 0.428125 0.4515625 0.003125 0.0046875
0 0.47109375 0.4484375 0.003125 0.0046875
4 0.478125 0.45078125 0.003125 0.00625
4 0.48046875 0.45078125 0.003125 0.00625
4 0.4828125 0.44921875 0.003125 0.00625
0 0.50859375 0.44609375 0.003125 0.0046875
0 0.51796875 0.44609375 0.003125 0.0046875
0 0.52109375 0.446875 0.0015625 0.00625
0 0.51953125 0.4578125 0.0046875 0.009375
0 0.6703125 0.43828125 0.003125 0.00625
0 0.92265625 0.4203125 0.003125 0.0046875
4 0.62734375 0.453125 0.00625 0.0125