0 0.42265625 0.6 0.046875 0.065625
0 0.540625 0.51015625 0.0265625 0.0375
0 0.59140625 0.4703125 0.021875 0.0296875
0 0.6203125 0.44921875 0.0171875 0.0234375
0 0.6109375 0.4421875 0.0140625 0.01875
0 0.571875 0.4453125 0.0109375 0.015625
0 0.52578125 0.45390625 0.009375 0.0125
0 0.4796875 0.4640625 0.009375 0.0125
0 0.44296875 0.475 0.0078125 0.0125
0 0.40078125 0.48828125 0.0078125 0.0125
0 0.33828125 0.50859375 0.009375 0.0140625
0 0.2640625 0.53203125 0.009375 0.015625
0 0.1484375 0.5703125 0.0125 0.0171875
0 0.90625 0.3375 0.00625 0.0078125
0 0.8609375 0.35234375 0.00625 0.009375
0 0.83125 0.36171875 0.00625 0.009375
0 0.803125 0.3703125 0.0078125 0.009375
0 0.7609375 0.38125 0.00625 0.009375
0 0.74765625 0.38203125 0.00625 0.0078125
0 0.72578125 0.38984375 0.00625 0.0078125
0 0.72109375 0.38984375 0.00625 0.0078125
0 0.73203125 0.3859375 0.00625 0.0078125
4 0.934375 0.590625 0.1109375 0.140625
4 0.82734375 0.4546875 0.040625 0.053125
4 0.815625 0.41484375 0.0234375 0.0328125
4 0.790625 0.4046875 0.0171875 0.025
4 0.82109375 0.36953125 0.009375 0.0125
4 0.88828125 0.35 0.009375 0.0109375
4 0.71015625 0.4109375 0.0109375 0.0171875
4 0.63828125 0.4234375 0.0078125 0.0140625
4 0.64921875 0.4109375 0.00625 0.0078125
4 0.65390625 0.40859375 0.00625 0.0078125
4 0.66875 0.40390625 0.00625 0.0078125
4 0.68125 0.40390625 0.00625 0.009375
4 0.70390625 0.39296875 0.0046875 0.0078125
4 0.6875 0.39765625 0.0046875 0.0078125
4 0.73671875 0.38984375 0.0078125 0.0125
4 0.5796875 0.43515625 0.009375 0.0125
4 0.471875 0.4640625 0.00625 0.0109375
4 0.42109375 0.47890625 0.00625 0.009375
4 0.378125 0.49140625 0.0078125 0.0125
4 0.321875 0.509375 0.009375 0.0125
4 0.1859375 0.553125 0.009375 0.0125
4 0.25625 0.53125 0.0078125 0.0109375
4 0.13359375 0.5671875 0.009375 0.0125
4 0.12578125 0.56875 0.009375 0.0125
4 0.171875 0.55078125 0.00625 0.0109375
4 0.1109375 0.56875 0.0078125 0.009375
4 0.1015625 0.56796875 0.0046875 0.0078125
0 0.0734375 0.5796875 0.009375 0.0125
4 0.15234375 0.5578125 0.0078125 0.0109375
4 0.15546875 0.5546875 0.00625 0.009375
4 0.1953125 0.53984375 0.00625 0.0078125
4 0.2234375 0.53203125 0.0046875 0.0078125
0 0.22578125 0.53046875 0.003125 0.0046875
0 0.2546875 0.521875 0.003125 0.00625
4 0.2640625 0.51953125 0.0046875 0.0078125
4 0.303125 0.50859375 0.0046875 0.0078125
0 0.28828125 0.51171875 0.0046875 0.00625
0 0.3375 0.496875 0.003125 0.00625
4 0.3640625 0.48828125 0.0046875 0.0078125
4 0.44375 0.4640625 0.00625 0.0078125
4 0.4640625 0.45859375 0.00625 0.0078125
4 0.4859375 0.4515625 0.003125 0.00625
4 0.5234375 0.44921875 0.0078125 0.0109375
4 0.5078125 0.4453125 0.0046875 0.00625
4 0.71640625 0.3875 0.0046875 0.0078125
4 0.7328125 0.38203125 0.0046875 0.0078125
0 0.7609375 0.3765625 0.00625 0.0078125
0 0.765625 0.375 0.0046875 0.00625
0 0.76875 0.3734375 0.003125 0.00625
0 0.78046875 0.36875 0.003125 0.00625
0 0.7734375 0.3703125 0.003125 0.0046875
0 0.7703125 0.37109375 0.003125 0.0046875
0 0.8875 0.34453125 0.00625 0.0078125
0 0.5 0.44765625 0.003125 0.0046875
0 0.5546875 0.43125 0.003125 0.0046875
0 0.5921875 0.4203125 0.003125 0.0046875
4 0.5875 0.421875 0.003125 0.0046875
4 0.60625 0.415625 0.003125 0.00625
4 0.5703125 0.42734375 0.003125 0.00625
1 0.5578125 0.4296875 0.0046875 0.0078125
4 0.66328125 0.4 0.003125 0.0046875
4 0.68515625 0.39375 0.003125 0.0046875
4 0.64453125 0.40546875 0.003125 0.0046875
0 0.659375 0.40078125 0.003125 0.0046875
0 0.68203125 0.39453125 0.003125 0.003125