0 0.7359375 0.396875 0.059375 0.1015625
0 0.67578125 0.26328125 0.03125 0.046875
0 0.62109375 0.22578125 0.01875 0.0328125
0 0.56796875 0.20703125 0.0140625 0.0234375
0 0.58359375 0.18203125 0.00625 0.0140625
0 0.54609375 0.1953125 0.009375 0.0171875
0 0.63359375 0.178125 0.00625 0.0125
0 0.540625 0.18046875 0.00625 0.0125
0 0.54765625 0.1859375 0.00625 0.0140625
0 0.07890625 0.2078125 0.0171875 0.0234375
0 0.2 0.2078125 0.0140625 0.0234375
4 0.15390625 0.1921875 0.0125 0.0203125
4 0.25546875 0.19140625 0.0109375 0.0171875
4 0.35078125 0.1875 0.0078125 0.015625
0 0.35 0.203125 0.0109375 0.0203125
0 0.43671875 0.19296875 0.009375 0.0171875
4 0.4484375 0.1796875 0.00625 0.0125
1 0.4140625 0.178125 0.009375 0.0234375
1 0.484375 0.1828125 0.0109375 0.0265625
4 0.74921875 0.20859375 0.0140625 0.025
4 0.81953125 0.22421875 0.01875 0.034375
4 0.684375 0.1953125 0.0109375 0.01875
4 0.66484375 0.18984375 0.0078125 0.015625
4 0.69296875 0.1859375 0.0078125 0.015625
4 0.71328125 0.18046875 0.00625 0.0125
2 0.72265625 0.16953125 0.0046875 0.0109375
2 0.7328125 0.16875 0.0046875 0.009375
2 0.746875 0.16796875 0.00625 0.009375
2 0.76953125 0.17109375 0.0046875 0.0125
2 0.775 0.16796875 0.0046875 0.009375
2 0.78125 0.1703125 0.0046875 0.0109375
2 0.79296875 0.16953125 0.00625 0.0109375
2 0.80234375 0.1671875 0.0046875 0.0109375
4 0.75546875 0.171875 0.0078125 0.0125
4 0.73515625 0.17734375 0.00625 0.0125
0 0.66328125 0.17578125 0.00625 0.0125
0 0.68359375 0.17265625 0.00625 0.0109375
0 0.65078125 0.16875 0.0046875 0.009375
0 0.59765625 0.17421875 0.0046875 0.0109375
0 0.603125 0.17421875 0.0046875 0.0125
4 0.51875 0.1734375 0.0046875 0.0125
2 0.7171875 0.1703125 0.0046875 0.0125
0 0.7109375 0.17109375 0.0046875 0.0109375
0 0.63125 0.17109375 0.0046875 0.0109375
4 0.5984375 0.16875 0.0046875 0.0078125
4 0.56796875 0.17109375 0.003125 0.0109375
4 0.56484375 0.1703125 0.003125 0.0109375