0 0.08046875 0.48203125 0.0109375 0.0171875
0 0.0953125 0.4765625 0.009375 0.01484375
0 0.1046875 0.4640625 0.00625 0.009375
0 0.11484375 0.47109375 0.00625 0.0125
0 0.1171875 0.46484375 0.0046875 0.0109375
0 0.1234375 0.46640625 0.00546875 0.01015625
0 0.06640625 0.46484375 0.0046875 0.00859375
0 0.35546875 0.553125 0.0265625 0.04921875
0 0.421875 0.5078125 0.01796875 0.0296875
0 0.478125 0.48046875 0.01015625 0.01875
0 0.5234375 0.46953125 0.00703125 0.0140625
0 0.55625 0.46328125 0.00625 0.01328125
0 0.60078125 0.4578125 0.00546875 0.0109375
0 0.6359375 0.4546875 0.00390625 0.0109375
0 0.69453125 0.45390625 0.00390625 0.00859375
0 0.76875 0.45234375 0.0046875 0.009375
0 0.82578125 0.453125 0.00390625 0.01015625
0 0.89296875 0.4546875 0.00625 0.01171875
4 0.9328125 0.46015625 0.00703125 0.01484375
4 0.828125 0.45703125 0.00703125 0.0125
4 0.74375 0.45703125 0.00625 0.0125
4 0.6890625 0.459375 0.00625 0.0125
4 0.65703125 0.46328125 0.00703125 0.01328125
4 0.63203125 0.475 0.009375 0.01796875
4 0.6234375 0.4890625 0.01328125 0.0234375
4 0.65859375 0.5296875 0.02265625 0.0390625