4 0.59609375 0.60703125 0.0515625 0.0765625
4 0.3859375 0.521875 0.03125 0.0453125
4 0.24609375 0.4734375 0.0203125 0.0296875
4 0.1640625 0.45078125 0.015625 0.0203125
4 0.15 0.43046875 0.0109375 0.015625
4 0.140625 0.4359375 0.0125 0.01875
4 0.178125 0.42578125 0.009375 0.0125
4 0.2109375 0.425 0.0078125 0.0109375
4 0.2609375 0.428125 0.00625 0.0109375
4 0.32109375 0.43203125 0.00625 0.0109375
4 0.37421875 0.43828125 0.00625 0.0078125
4 0.40859375 0.4421875 0.0046875 0.009375
4 0.5921875 0.465625 0.0078125 0.0125
4 0.69296875 0.4796875 0.009375 0.015625
4 0.8453125 0.50078125 0.0125 0.015625
0 0.1140625 0.4171875 0.0078125 0.0125
0 0.15703125 0.41953125 0.00625 0.009375
0 0.21953125 0.4234375 0.00625 0.0078125
0 0.284375 0.42734375 0.0046875 0.0078125
0 0.325 0.43046875 0.003125 0.0078125
0 0.3625 0.434375 0.0046875 0.0078125
0 0.4046875 0.4390625 0.0046875 0.0078125
0 0.45390625 0.44375 0.0015625 0.00625
0 0.53046875 0.45390625 0.0046875 0.009375
0 0.62109375 0.465625 0.00625 0.0125
0 0.71484375 0.47734375 0.00625 0.0109375
0 0.84296875 0.49375 0.00625 0.0125