0 0.2234375 0.55390625 0.096875 0.1421875
0 0.653125 0.5359375 0.05625 0.0734375
0 0.7359375 0.50703125 0.0375 0.0515625
0 0.6328125 0.4453125 0.0265625 0.0359375
0 0.53828125 0.39375 0.01875 0.028125
0 0.475 0.36328125 0.0140625 0.0203125
0 0.45625 0.34765625 0.0109375 0.015625
0 0.4796875 0.34765625 0.0109375 0.015625
0 0.51484375 0.35234375 0.0078125 0.0140625
0 0.5609375 0.3640625 0.0078125 0.0125
0 0.62578125 0.3828125 0.00625 0.0109375
4 0.81171875 0.4828125 0.0234375 0.03125
4 0.68125 0.42734375 0.0171875 0.025
4 0.59609375 0.3921875 0.0140625 0.0203125
4 0.73984375 0.4203125 0.009375 0.0125
4 0.76328125 0.425 0.009375 0.0125
4 0.753125 0.41875 0.0078125 0.0109375
4 0.94140625 0.47421875 0.0078125 0.0109375
0 0.9203125 0.46328125 0.00625 0.0078125
4 0.8953125 0.4578125 0.00625 0.009375
0 0.85546875 0.44296875 0.0046875 0.00625
4 0.84140625 0.43984375 0.0078125 0.009375
4 0.79375 0.42578125 0.00625 0.009375
0 0.803125 0.4265625 0.0046875 0.00625
0 0.69140625 0.39296875 0.0046875 0.00625
0 0.68125 0.39453125 0.00625 0.0078125
4 0.74140625 0.4125 0.0078125 0.0109375
0 0.7140625 0.4 0.0046875 0.00625
0 0.67890625 0.39140625 0.0046875 0.0078125
0 0.75625 0.41171875 0.003125 0.0046875