0 0.3 0.6640625 0.05 0.0953125
0 0.55234375 0.53203125 0.01875 0.0390625
0 0.68828125 0.49921875 0.0171875 0.028125
0 0.78046875 0.4828125 0.0171875 0.025
0 0.846875 0.47109375 0.0140625 0.0203125
0 0.8984375 0.4625 0.0125 0.01875
0 0.90390625 0.45546875 0.0078125 0.0171875
0 0.8640625 0.4515625 0.009375 0.0140625
0 0.81171875 0.44921875 0.0078125 0.0125
0 0.7625 0.44921875 0.00625 0.0109375
0 0.7234375 0.45078125 0.0046875 0.009375
0 0.68203125 0.453125 0.0046875 0.009375
0 0.628125 0.45546875 0.0046875 0.009375
0 0.575 0.459375 0.0046875 0.009375
0 0.503125 0.4640625 0.0046875 0.0078125
4 0.92421875 0.53046875 0.0265625 0.0453125
4 0.56484375 0.459375 0.0046875 0.0078125
4 0.6140625 0.45390625 0.0046875 0.009375
4 0.6609375 0.4515625 0.0046875 0.0078125
4 0.7015625 0.44921875 0.0046875 0.0078125
4 0.75546875 0.44765625 0.0046875 0.009375
4 0.8171875 0.4453125 0.0046875 0.0109375
4 0.88671875 0.44296875 0.0078125 0.0125
4 0.934375 0.43203125 0.003125 0.0046875
4 0.9046875 0.43359375 0.003125 0.00625
4 0.8640625 0.4359375 0.003125 0.00625
4 0.8375 0.4375 0.003125 0.0046875
4 0.69375 0.44609375 0.003125 0.00625
4 0.64609375 0.4484375 0.003125 0.00625
0 0.87890625 0.4359375 0.003125 0.0046875
0 0.621875 0.44921875 0.0015625 0.0046875
4 0.59140625 0.4515625 0.0015625 0.0046875
0 0.57890625 0.45234375 0.0015625 0.003125
4 0.5609375 0.45390625 0.003125 0.00625
1 0.86015625 0.43515625 0.003125 0.0078125
1 0.884375 0.43359375 0.003125 0.0078125
4 0.828125 0.4375 0.0046875 0.00625
0 0.46015625 0.4671875 0.003125 0.00625
4 0.503125 0.45703125 0.0015625 0.0046875
0 0.53125 0.453125 0.0015625 0.00625
0 0.665625 0.44765625 0.003125 0.0046875
0 0.70546875 0.44453125 0.0015625 0.0046875
4 0.72890625 0.44453125 0.003125 0.0046875
0 0.77265625 0.44140625 0.0015625 0.00625
4 0.78125 0.4421875 0.0015625 0.0046875
0 0.79921875 0.43984375 0.003125 0.0046875
4 0.809375 0.43984375 0.003125 0.0046875
4 0.81484375 0.4375 0.0015625 0.0046875
0 0.55234375 0.45390625 0.0015625 0.0046875
4 0.490625 0.45703125 0.0015625 0.003125
4 0.5296875 0.45546875 0.0015625 0.0046875
0 0.7375 0.44375 0.0015625 0.003125