4 0.81328125 0.63671875 0.046875 0.0609375
4 0.61484375 0.53359375 0.0234375 0.034375
4 0.484375 0.46640625 0.0140625 0.021875
4 0.43671875 0.44296875 0.0109375 0.015625
4 0.415625 0.43359375 0.0078125 0.0125
4 0.4046875 0.428125 0.00625 0.0109375
4 0.38515625 0.41796875 0.00625 0.009375
4 0.37890625 0.41484375 0.00625 0.009375
4 0.3734375 0.4125 0.0046875 0.009375
1 0.371875 0.409375 0.00625 0.0125
1 0.328125 0.39921875 0.0046875 0.0109375
0 0.3328125 0.40078125 0.003125 0.00625
0 0.3453125 0.40078125 0.003125 0.00625
0 0.35859375 0.403125 0.003125 0.0046875
0 0.3265625 0.403125 0.0046875 0.0078125
0 0.328125 0.40546875 0.0046875 0.009375
0 0.3296875 0.40859375 0.00625 0.009375
0 0.3328125 0.4125 0.00625 0.0109375
0 0.33671875 0.41875 0.009375 0.0140625
0 0.34375 0.42890625 0.0109375 0.0171875
0 0.3578125 0.4515625 0.0171875 0.025
0 0.3765625 0.50546875 0.034375 0.0484375
0 0.24921875 0.61328125 0.0890625 0.1203125
4 0.62890625 0.46953125 0.003125 0.00625
4 0.6609375 0.47734375 0.003125 0.00625
4 0.5390625 0.44453125 0.003125 0.00625
4 0.56171875 0.45078125 0.003125 0.00625
4 0.58046875 0.45546875 0.003125 0.00625
4 0.38828125 0.41015625 0.003125 0.00625
4 0.40625 0.41484375 0.003125 0.00625
4 0.43203125 0.4203125 0.003125 0.0046875
4 0.45390625 0.425 0.003125 0.0046875
4 0.47578125 0.4296875 0.003125 0.00625
4 0.4953125 0.434375 0.003125 0.0046875
0 0.48125 0.43046875 0.003125 0.0046875
0 0.509375 0.4375 0.003125 0.0046875
4 0.51328125 0.43828125 0.003125 0.0046875
0 0.53125 0.4421875 0.003125 0.0046875
0 0.55703125 0.44921875 0.003125 0.0046875
0 0.578125 0.45390625 0.003125 0.0046875
4 0.6015625 0.4625 0.003125 0.00625
0 0.61796875 0.46484375 0.003125 0.0046875
0 0.63828125 0.4703125 0.003125 0.0046875
0 0.65859375 0.475 0.003125 0.00625
0 0.68125 0.48046875 0.003125 0.00625
4 0.69375 0.48515625 0.0046875 0.0078125
4 0.7046875 0.48671875 0.003125 0.00625
4 0.71953125 0.49296875 0.0046875 0.00625
4 0.72890625 0.49296875 0.003125 0.00625
4 0.74453125 0.5 0.00625 0.0078125
0 0.73984375 0.49609375 0.003125 0.00625
0 0.71640625 0.49140625 0.003125 0.0046875
0 0.74765625 0.4984375 0.003125 0.0046875
0 0.7671875 0.503125 0.003125 0.0046875
0 0.7703125 0.5046875 0.003125 0.0046875
0 0.78515625 0.509375 0.003125 0.00625
4 0.7859375 0.5109375 0.00625 0.0078125
0 0.80390625 0.5140625 0.003125 0.00625
0 0.81640625 0.51640625 0.00625 0.0078125
0 0.83828125 0.52265625 0.0046875 0.00625
4 0.83359375 0.521875 0.00625 0.009375
4 0.82421875 0.51796875 0.0046875 0.00625
4 0.8296875 0.51875 0.0046875 0.0078125
0 0.8421875 0.52265625 0.003125 0.00625
4 0.8609375 0.528125 0.00625 0.0078125
4 0.87421875 0.53125 0.0046875 0.00625
4 0.8875 0.534375 0.00625 0.009375
4 0.90390625 0.5375 0.00625 0.009375
0 0.89140625 0.5359375 0.003125 0.0046875
4 0.921875 0.54296875 0.0046875 0.00625
0 0.7984375 0.5109375 0.003125 0.0046875
0 0.6859375 0.48125 0.003125 0.0046875