0 0.33671875 0.528125 0.0421875 0.0578125
0 0.453125 0.484375 0.0171875 0.028125
0 0.515625 0.4765625 0.0125 0.01875
0 0.55625 0.47421875 0.0109375 0.0171875
0 0.60625 0.47578125 0.009375 0.0140625
0 0.64609375 0.47890625 0.009375 0.0140625
0 0.70859375 0.4859375 0.00625 0.0125
0 0.79296875 0.49921875 0.00625 0.0109375
0 0.85859375 0.5109375 0.0078125 0.0125
0 0.93515625 0.52578125 0.009375 0.0140625
4 0.8671875 0.51796875 0.009375 0.0140625
4 0.76875 0.5015625 0.009375 0.0140625
4 0.70859375 0.49375 0.009375 0.0140625
4 0.67578125 0.49453125 0.0125 0.0171875
4 0.65234375 0.509375 0.015625 0.025
4 0.64921875 0.53515625 0.025 0.0359375
4 0.76015625 0.67265625 0.0703125 0.090625
0 0.034375 0.72109375 0.0453125 0.0796875