0 0.17109375 0.584375 0.084375 0.1078125
0 0.4375 0.5265625 0.0328125 0.05
0 0.5234375 0.50703125 0.0203125 0.03125
0 0.56796875 0.49921875 0.0171875 0.025
0 0.5640625 0.48828125 0.0109375 0.01875
0 0.528125 0.47265625 0.0109375 0.0171875
0 0.48125 0.45859375 0.009375 0.0140625
0 0.434375 0.44765625 0.0078125 0.0125
0 0.39296875 0.4390625 0.009375 0.0140625
0 0.34296875 0.43046875 0.0078125 0.0125
0 0.26484375 0.41953125 0.0109375 0.015625
0 0.16640625 0.40625 0.0125 0.0171875
4 0.77265625 0.62109375 0.046875 0.0640625
4 0.7703125 0.56015625 0.025 0.034375
4 0.74921875 0.53515625 0.015625 0.025
4 0.671875 0.503125 0.0125 0.01875
4 0.60234375 0.4828125 0.009375 0.0140625
4 0.5421875 0.465625 0.0078125 0.0140625
4 0.61953125 0.47421875 0.00625 0.009375
4 0.65078125 0.4828125 0.0078125 0.0125
4 0.70390625 0.49453125 0.0078125 0.0125
4 0.78359375 0.5125 0.009375 0.0140625
4 0.84453125 0.52421875 0.009375 0.0125
4 0.86953125 0.52734375 0.0078125 0.0125
4 0.8953125 0.53046875 0.00625 0.009375
4 0.91171875 0.53203125 0.00625 0.009375
4 0.9359375 0.53671875 0.0046875 0.0078125
4 0.675 0.48203125 0.0046875 0.0078125
4 0.6390625 0.4765625 0.00625 0.009375
4 0.62421875 0.475 0.00625 0.009375
4 0.6578125 0.4796875 0.00625 0.009375
4 0.4859375 0.453125 0.0078125 0.0125
4 0.42890625 0.44296875 0.00625 0.0125
4 0.371875 0.4328125 0.0078125 0.0125
4 0.321875 0.42421875 0.009375 0.0140625
4 0.253125 0.41328125 0.009375 0.015625
0 0.69140625 0.48828125 0.0046875 0.0078125
0 0.69453125 0.48984375 0.0046875 0.0078125
0 0.70078125 0.4890625 0.0046875 0.0078125
0 0.715625 0.49140625 0.0046875 0.0078125
0 0.728125 0.4984375 0.00625 0.009375
0 0.73359375 0.49296875 0.003125 0.0078125
4 0.68828125 0.484375 0.0046875 0.0078125
0 0.7671875 0.50546875 0.00625 0.009375
0 0.79140625 0.51015625 0.00625 0.009375
0 0.81875 0.51328125 0.00625 0.009375
0 0.86015625 0.51953125 0.0046875 0.0078125
0 0.88671875 0.525 0.0046875 0.0078125
4 0.1109375 0.38046875 0.0046875 0.00625
4 0.14453125 0.3859375 0.00625 0.0078125
4 0.16328125 0.4 0.00625 0.0140625
0 0.15078125 0.38671875 0.0046875 0.0078125
0 0.18671875 0.39375 0.0046875 0.00625
4 0.196875 0.39609375 0.0046875 0.0078125
4 0.24453125 0.40390625 0.0046875 0.0078125
0 0.22890625 0.40078125 0.0046875 0.00625
0 0.28828125 0.41015625 0.003125 0.0046875
4 0.31875 0.415625 0.003125 0.00625
0 0.3421875 0.4203125 0.003125 0.0046875
4 0.37265625 0.425 0.003125 0.0046875
0 0.38515625 0.4265625 0.003125 0.0046875
4 0.4078125 0.43125 0.003125 0.00625
4 0.43125 0.43515625 0.003125 0.00625
0 0.4484375 0.43828125 0.003125 0.0046875
0 0.46953125 0.440625 0.003125 0.0046875
4 0.47734375 0.44296875 0.003125 0.0046875
0 0.4921875 0.44453125 0.003125 0.0046875
4 0.4984375 0.44609375 0.003125 0.0046875
4 0.5171875 0.4484375 0.003125 0.0046875
1 0.5140625 0.446875 0.003125 0.0078125
0 0.52734375 0.45078125 0.0015625 0.0046875
1 0.53125 0.45078125 0.0046875 0.0078125
4 0.54375 0.453125 0.003125 0.0046875
4 0.5609375 0.45703125 0.0015625 0.003125
4 0.5796875 0.4609375 0.003125 0.0046875
0 0.565625 0.4578125 0.003125 0.0046875
0 0.5890625 0.4625 0.0015625 0.003125
4 0.59921875 0.4640625 0.003125 0.0046875
4 0.61875 0.4671875 0.003125 0.0046875
4 0.6375 0.47109375 0.003125 0.0046875
0 0.63359375 0.46953125 0.0015625 0.0046875
0 0.65625 0.47421875 0.0015625 0.0046875
0 0.67734375 0.47890625 0.0015625 0.0046875
4 0.69453125 0.48203125 0.003125 0.0046875
4 0.7 0.48359375 0.003125 0.0046875
4 0.703125 0.4859375 0.003125 0.0046875
0 0.7140625 0.4859375 0.003125 0.0046875
0 0.74140625 0.4921875 0.003125 0.0046875
0 0.746875 0.49296875 0.003125 0.00625
0 0.72890625 0.49296875 0.003125 0.00625
0 0.73671875 0.49296875 0.003125 0.00625
0 0.7328125 0.48984375 0.003125 0.0046875
0 0.84375 0.5171875 0.0046875 0.0078125
0 0.91875 0.5296875 0.0046875 0.0078125