4 0.92734375 0.50078125 0.0125 0.01875
0 0.8609375 0.48828125 0.0078125 0.0125
0 0.7765625 0.4828125 0.0078125 0.0140625
0 0.69140625 0.478125 0.0078125 0.0125
0 0.6078125 0.4765625 0.0078125 0.0140625
0 0.54140625 0.48046875 0.009375 0.0171875
0 0.484375 0.4921875 0.0140625 0.0234375
0 0.378125 0.52578125 0.0234375 0.040625
4 0.83359375 0.4953125 0.0109375 0.0171875
4 0.73203125 0.49140625 0.0109375 0.01875
4 0.67421875 0.4953125 0.0109375 0.021875
4 0.6640625 0.51171875 0.0140625 0.028125
4 0.69375 0.559375 0.0265625 0.046875