4 0.8171875 0.66796875 0.14375 0.2359375
4 0.215625 0.3984375 0.0859375 0.121875
4 0.13828125 0.27890625 0.05 0.075
4 0.20703125 0.22578125 0.0328125 0.053125
4 0.2640625 0.2015625 0.0265625 0.040625
4 0.3453125 0.18515625 0.01875 0.0296875
4 0.3984375 0.178125 0.015625 0.025
4 0.42578125 0.17421875 0.0140625 0.0234375
4 0.50859375 0.17421875 0.0109375 0.01875
0 0.13828125 0.16484375 0.021875 0.03125
0 0.22734375 0.1625 0.0171875 0.0265625
0 0.28046875 0.16015625 0.0125 0.0203125
0 0.35078125 0.16015625 0.009375 0.01875
0 0.38671875 0.15859375 0.009375 0.0171875
0 0.4171875 0.1578125 0.009375 0.0171875
0 0.43984375 0.1578125 0.0078125 0.0140625
4 0.52109375 0.16953125 0.009375 0.0171875
4 0.53359375 0.16640625 0.0078125 0.0125
4 0.5671875 0.165625 0.00625 0.0109375
4 0.596875 0.165625 0.00625 0.0125
4 0.62578125 0.16640625 0.0078125 0.0125
4 0.63828125 0.16484375 0.00625 0.0109375
4 0.6703125 0.1625 0.00625 0.0109375
4 0.1875 0.134375 0.0078125 0.0109375
4 0.2375 0.140625 0.00625 0.0109375
4 0.25859375 0.13828125 0.00625 0.009375
4 0.29921875 0.13984375 0.0046875 0.009375
4 0.315625 0.1453125 0.00625 0.0125
4 0.35 0.1421875 0.003125 0.0078125
4 0.38359375 0.1453125 0.003125 0.00625
4 0.396875 0.14453125 0.003125 0.00625
4 0.42890625 0.15 0.0046875 0.0078125
4 0.49375 0.15234375 0.003125 0.0078125
4 0.5484375 0.1515625 0.003125 0.00625
4 0.56640625 0.15390625 0.003125 0.00625
4 0.57578125 0.1546875 0.003125 0.00625
4 0.58359375 0.15625 0.003125 0.0078125
4 0.60078125 0.15859375 0.0046875 0.0109375
4 0.62265625 0.15859375 0.0046875 0.0109375
4 0.728125 0.1671875 0.0046875 0.009375
4 0.7796875 0.17265625 0.0046875 0.0109375
4 0.81875 0.17578125 0.00625 0.0125
4 0.83046875 0.175 0.0046875 0.009375
4 0.8359375 0.17421875 0.00625 0.0109375
4 0.8421875 0.17421875 0.0046875 0.0109375
0 0.81328125 0.171875 0.003125 0.009375
0 0.7921875 0.16953125 0.0046875 0.0078125
0 0.784375 0.1703125 0.0046875 0.009375
0 0.7734375 0.16875 0.0046875 0.009375
0 0.759375 0.16875 0.00625 0.009375
0 0.6859375 0.1625 0.0046875 0.0078125
0 0.72578125 0.165625 0.0046875 0.009375
0 0.6484375 0.159375 0.00625 0.0078125
0 0.615625 0.15703125 0.0046875 0.0078125
0 0.61875 0.15703125 0.0046875 0.009375
0 0.596875 0.15625 0.003125 0.0078125
0 0.55546875 0.15625 0.0078125 0.0140625
0 0.53515625 0.15859375 0.0078125 0.0109375
0 0.5234375 0.15390625 0.0078125 0.0109375
0 0.50859375 0.15703125 0.00625 0.0125
0 0.48125 0.153125 0.00625 0.0109375
0 0.47578125 0.15703125 0.00625 0.0125
0 0.37890625 0.14921875 0.00625 0.0109375
0 0.3671875 0.14296875 0.0046875 0.0078125
0 0.30703125 0.1453125 0.00625 0.0125
0 0.24453125 0.14375 0.009375 0.0140625
0 0.22265625 0.1359375 0.0078125 0.009375
0 0.8796875 0.17578125 0.0046875 0.0078125
0 0.92109375 0.178125 0.0046875 0.0078125