0 0.20078125 0.7046875 0.0765625 0.1046875
0 0.51875 0.525 0.021875 0.040625
0 0.90078125 0.4 0.00625 0.009375
0 0.87265625 0.40625 0.0078125 0.0109375
0 0.8578125 0.4109375 0.0078125 0.0125
0 0.834375 0.41640625 0.0078125 0.0125
0 0.80859375 0.421875 0.009375 0.0140625
0 0.75546875 0.43203125 0.009375 0.015625
0 0.728125 0.4421875 0.0109375 0.0171875
0 0.68125 0.45625 0.009375 0.01875
0 0.60859375 0.48125 0.015625 0.028125
4 0.9109375 0.41796875 0.0125 0.01875
4 0.9 0.425 0.0140625 0.021875
4 0.8765625 0.440625 0.0171875 0.0265625
4 0.85625 0.47109375 0.025 0.0390625
4 0.88203125 0.51328125 0.0453125 0.0609375
0 0.409375 0.47265625 0.0046875 0.0078125
0 0.4109375 0.47109375 0.003125 0.0078125
0 0.421875 0.46875 0.003125 0.0078125
0 0.43671875 0.46640625 0.003125 0.00625
0 0.434375 0.46953125 0.0046875 0.009375
0 0.45546875 0.46484375 0.0046875 0.0078125
4 0.46171875 0.4625 0.0046875 0.009375
4 0.475 0.46171875 0.0046875 0.009375
0 0.47265625 0.4640625 0.0046875 0.0078125
4 0.48671875 0.45859375 0.0046875 0.0078125
0 0.5 0.45546875 0.003125 0.00625
4 0.5125 0.4546875 0.0046875 0.0078125
4 0.51796875 0.45546875 0.0046875 0.0078125
0 0.52421875 0.45546875 0.0046875 0.0078125
0 0.55078125 0.44765625 0.003125 0.00625
4 0.56484375 0.4453125 0.003125 0.0078125
0 0.57265625 0.4484375 0.0046875 0.009375
4 0.5890625 0.4453125 0.0046875 0.0078125
0 0.596875 0.43984375 0.003125 0.00625
4 0.6140625 0.4375 0.003125 0.00625
0 0.6328125 0.43359375 0.003125 0.0046875
4 0.6359375 0.43828125 0.0046875 0.0078125
0 0.6328125 0.43984375 0.0046875 0.009375
4 0.65234375 0.43125 0.003125 0.00625
0 0.6703125 0.428125 0.003125 0.00625
4 0.69375 0.43046875 0.0046875 0.0078125
0 0.7015625 0.4296875 0.0046875 0.0078125
4 0.71875 0.42109375 0.003125 0.00625
0 0.73203125 0.41796875 0.003125 0.00625
0 0.74296875 0.421875 0.0046875 0.0078125
4 0.7453125 0.4203125 0.0046875 0.0078125
4 0.75390625 0.41484375 0.003125 0.00625
0 0.76328125 0.41328125 0.003125 0.00625
4 0.78828125 0.409375 0.003125 0.00625
0 0.79296875 0.40859375 0.003125 0.0046875
4 0.79453125 0.41171875 0.0046875 0.009375
0 0.79765625 0.41328125 0.00625 0.0078125
0 0.81875 0.4046875 0.003125 0.0046875
4 0.821875 0.40390625 0.003125 0.00625
4 0.83359375 0.40546875 0.0046875 0.0078125
0 0.84375 0.4 0.003125 0.0046875
4 0.8484375 0.4 0.003125 0.00625
0 0.8515625 0.40390625 0.00625 0.0078125
0 0.86796875 0.39609375 0.003125 0.0046875
4 0.871875 0.39609375 0.003125 0.00625
0 0.88828125 0.39765625 0.00625 0.0078125
4 0.89765625 0.39140625 0.003125 0.00625
4 0.896875 0.3953125 0.0046875 0.0078125
0 0.90078125 0.39140625 0.003125 0.0046875
4 0.69296875 0.425 0.003125 0.00625
0 0.7 0.42421875 0.003125 0.00625