4 0.39375 0.64375 0.1265625 0.2203125
4 0.19375 0.40625 0.0484375 0.090625
4 0.42109375 0.2765625 0.03125 0.0546875
4 0.57265625 0.2171875 0.025 0.0390625
4 0.746875 0.17734375 0.021875 0.0328125
0 0.0734375 0.3171875 0.0328125 0.05
0 0.29765625 0.253125 0.0171875 0.034375
0 0.46328125 0.21328125 0.0140625 0.0296875
0 0.5890625 0.1859375 0.0171875 0.0265625
0 0.68515625 0.165625 0.015625 0.025
0 0.7640625 0.14921875 0.0125 0.0234375
0 0.7984375 0.1390625 0.0125 0.021875
0 0.74921875 0.13671875 0.0109375 0.015625
0 0.70546875 0.14140625 0.009375 0.0140625
0 0.6640625 0.146875 0.0078125 0.0125
0 0.60859375 0.1546875 0.0078125 0.0140625
4 0.65 0.14765625 0.0078125 0.0140625
4 0.59296875 0.15546875 0.0078125 0.0140625
4 0.85390625 0.11640625 0.009375 0.0171875
4 0.71953125 0.13671875 0.00625 0.0125
4 0.5265625 0.16640625 0.0046875 0.0125
4 0.5296875 0.1609375 0.003125 0.0078125
4 0.3859375 0.18515625 0.003125 0.009375
4 0.45546875 0.1765625 0.003125 0.0125
4 0.4828125 0.16796875 0.003125 0.0078125
0 0.5328125 0.1671875 0.00625 0.0125
0 0.578125 0.15390625 0.003125 0.0078125
0 0.7875 0.13515625 0.009375 0.0171875
0 0.36328125 0.1953125 0.0046875 0.0125
0 0.30859375 0.20234375 0.0046875 0.0125
0 0.2859375 0.20390625 0.003125 0.00625
0 0.26796875 0.2078125 0.003125 0.0109375
4 0.9046875 0.13828125 0.0171875 0.034375
4 0.684375 0.1375 0.003125 0.0078125
0 0.5140625 0.1640625 0.0015625 0.00625
0 0.45859375 0.1796875 0.0046875 0.0125
4 0.3703125 0.1875 0.0015625 0.0109375
0 0.26171875 0.20703125 0.0015625 0.0109375