0 0.32734375 0.5796875 0.03984375 0.0625
0 0.1796875 0.51015625 0.02265625 0.0328125
0 0.1171875 0.4921875 0.01796875 0.02421875
0 0.13203125 0.4796875 0.0125 0.01953125
0 0.1828125 0.46953125 0.009375 0.01640625
0 0.271875 0.4625 0.00703125 0.01328125
0 0.35 0.45859375 0.00546875 0.01171875
0 0.421875 0.45703125 0.00390625 0.0109375
0 0.49765625 0.4546875 0.00390625 0.01015625
0 0.5671875 0.45546875 0.00390625 0.01015625
0 0.621875 0.4578125 0.0046875 0.01171875
0 0.68046875 0.459375 0.0046875 0.0109375
0 0.75390625 0.46015625 0.00625 0.01171875
0 0.8578125 0.459375 0.00625 0.01171875
0 0.315625 0.5375 0.0265625 0.04375
4 0.30078125 0.46953125 0.009375 0.01640625
4 0.29375 0.478125 0.01015625 0.02109375
4 0.35546875 0.48515625 0.01171875 0.02265625
4 0.36640625 0.4640625 0.0078125 0.01328125
4 0.4328125 0.4609375 0.00703125 0.0125
4 0.465625 0.49765625 0.01328125 0.02578125
4 0.5046875 0.459375 0.00625 0.0125
4 0.5859375 0.4625 0.00703125 0.01328125
4 0.61328125 0.5140625 0.01875 0.03359375
4 0.64453125 0.46484375 0.0078125 0.0140625
4 0.74375 0.46796875 0.0078125 0.015625
4 0.828125 0.46640625 0.009375 0.015625
4 0.803125 0.5671875 0.03203125 0.0578125