0 0.1625 0.12734375 0.0125 0.01875
0 0.2890625 0.15078125 0.0140625 0.01875
0 0.390625 0.17109375 0.0125 0.01875
0 0.48515625 0.1890625 0.0125 0.01875
0 0.57578125 0.20546875 0.0125 0.01875
0 0.6578125 0.2203125 0.0125 0.01875
0 0.72421875 0.2296875 0.0109375 0.01875
0 0.75546875 0.2328125 0.0109375 0.015625
0 0.76875 0.234375 0.009375 0.0140625
0 0.76171875 0.23125 0.0109375 0.0140625
0 0.7109375 0.22109375 0.0078125 0.0140625
0 0.6453125 0.2078125 0.0078125 0.0125
0 0.52421875 0.1828125 0.0078125 0.0109375
0 0.51875 0.1796875 0.00625 0.0109375
0 0.50625 0.17890625 0.0078125 0.0109375
0 0.50078125 0.1765625 0.00625 0.0109375
4 0.21796875 0.14609375 0.0171875 0.0234375
4 0.3609375 0.1734375 0.0171875 0.025
4 0.51796875 0.20234375 0.0171875 0.025
4 0.63515625 0.225 0.01875 0.0296875
4 0.853125 0.25546875 0.0171875 0.025
4 0.88203125 0.2578125 0.0125 0.0203125
4 0.8890625 0.25625 0.0125 0.0203125
4 0.67734375 0.209375 0.00625 0.0078125
0 0.55859375 0.18671875 0.00625 0.009375
4 0.5671875 0.18984375 0.00625 0.0109375
0 0.57109375 0.18828125 0.0046875 0.0078125
4 0.57890625 0.1921875 0.00625 0.0109375
0 0.5828125 0.19453125 0.0078125 0.0125
4 0.5828125 0.190625 0.0046875 0.0078125
0 0.5890625 0.1921875 0.0046875 0.0078125
0 0.59296875 0.19375 0.0046875 0.0078125
4 0.59140625 0.19609375 0.003125 0.00625
0 0.60390625 0.1953125 0.003125 0.00625
4 0.603125 0.19453125 0.0046875 0.0078125
4 0.61171875 0.196875 0.0046875 0.009375
4 0.6171875 0.1984375 0.0046875 0.0109375
4 0.6234375 0.20078125 0.0046875 0.0125
4 0.63671875 0.20234375 0.0046875 0.009375
4 0.64140625 0.203125 0.00625 0.0078125
4 0.65 0.2046875 0.0046875 0.009375
4 0.6546875 0.20625 0.0046875 0.009375
0 0.68359375 0.2109375 0.0046875 0.0078125
4 0.68515625 0.21171875 0.0046875 0.0078125
4 0.71640625 0.2171875 0.0046875 0.0078125
0 0.72890625 0.2203125 0.0046875 0.0078125
4 0.74765625 0.22421875 0.00625 0.009375
4 0.7515625 0.228125 0.00625 0.0109375
4 0.765625 0.22890625 0.0046875 0.009375
4 0.79296875 0.2515625 0.0125 0.0203125
0 0.78984375 0.234375 0.0046875 0.0078125
0 0.81484375 0.23984375 0.0046875 0.0078125
4 0.803125 0.2359375 0.0046875 0.0078125
4 0.80546875 0.2390625 0.00625 0.0125
4 0.8515625 0.246875 0.00625 0.0078125
4 0.95078125 0.265625 0.00625 0.009375
0 0.92578125 0.2609375 0.00625 0.009375