4 0.69140625 0.21875 0.0125 0.021875
4 0.540625 0.19765625 0.0109375 0.0171875
4 0.459375 0.18671875 0.0109375 0.0171875
4 0.390625 0.17421875 0.0078125 0.0125
4 0.4125 0.17109375 0.00625 0.0125
4 0.446875 0.17109375 0.0046875 0.0125
0 0.7203125 0.2140625 0.009375 0.0171875
0 0.59453125 0.19609375 0.009375 0.0171875
0 0.60625 0.18984375 0.0078125 0.0125
0 0.528125 0.18671875 0.0109375 0.0171875
0 0.51484375 0.1828125 0.009375 0.015625
0 0.66328125 0.196875 0.00625 0.0125
4 0.6546875 0.19375 0.00625 0.0125
4 0.58359375 0.1859375 0.0046875 0.0140625
4 0.2625 0.15390625 0.0078125 0.0125
4 0.30625 0.153125 0.0046875 0.009375
4 0.32890625 0.15703125 0.0078125 0.0125
0 0.29140625 0.15234375 0.00625 0.0109375
0 0.29921875 0.15234375 0.00625 0.0109375
0 0.31640625 0.1546875 0.0046875 0.009375
4 0.35078125 0.1578125 0.0046875 0.0109375
4 0.38125 0.16171875 0.00625 0.0109375
4 0.39375 0.16328125 0.0046875 0.0109375
4 0.4078125 0.16171875 0.0046875 0.0078125
4 0.37578125 0.15859375 0.0046875 0.0078125
4 0.43828125 0.16484375 0.0046875 0.0078125
4 0.46875 0.16875 0.0046875 0.0078125
4 0.48515625 0.17109375 0.0046875 0.0078125
4 0.49296875 0.17109375 0.0046875 0.0078125
0 0.4546875 0.1671875 0.0046875 0.0078125
4 0.52109375 0.17890625 0.00625 0.0125
0 0.5515625 0.18359375 0.0078125 0.015625
0 0.5390625 0.17734375 0.003125 0.0078125
0 0.56328125 0.18046875 0.003125 0.0078125
4 0.54609375 0.178125 0.0046875 0.0078125
4 0.51171875 0.17421875 0.0046875 0.0078125
4 0.71328125 0.20078125 0.0046875 0.0125
0 0.7171875 0.203125 0.00625 0.0140625
0 0.78984375 0.21328125 0.00625 0.0140625
4 0.7828125 0.209375 0.00625 0.0125
0 0.86953125 0.23203125 0.009375 0.021875
4 0.8890625 0.24765625 0.0140625 0.0234375