0 0.340625 0.57421875 0.0421875 0.0640625
0 0.44296875 0.50078125 0.0171875 0.03125
0 0.4765625 0.47734375 0.0109375 0.021875
0 0.521875 0.46953125 0.009375 0.0171875
0 0.590625 0.4671875 0.0078125 0.015625
0 0.66171875 0.46875 0.00625 0.0140625
0 0.72890625 0.4703125 0.00625 0.0140625
0 0.8296875 0.47734375 0.0078125 0.0140625
4 0.875 0.48671875 0.0125 0.0171875
4 0.73984375 0.47734375 0.0109375 0.015625
4 0.66640625 0.47734375 0.0125 0.01875
4 0.62734375 0.484375 0.0125 0.021875
4 0.659375 0.50703125 0.01875 0.0296875
4 0.75234375 0.575 0.0359375 0.05625