4 0.82890625 0.6109375 0.0984375 0.128125
4 0.77734375 0.4671875 0.0421875 0.053125
4 0.7796875 0.4234375 0.0203125 0.0296875
4 0.76015625 0.41171875 0.015625 0.0234375
4 0.89140625 0.34921875 0.0078125 0.0125
4 0.86328125 0.35859375 0.009375 0.0125
4 0.79765625 0.3765625 0.0078125 0.0109375
4 0.7171875 0.3953125 0.009375 0.0125
4 0.6859375 0.4171875 0.0109375 0.0171875
4 0.61875 0.4265625 0.009375 0.0140625
4 0.63203125 0.4140625 0.00625 0.0109375
4 0.6375 0.4125 0.00625 0.009375
4 0.65234375 0.40703125 0.00625 0.0078125
4 0.6640625 0.4078125 0.00625 0.0109375
4 0.67109375 0.4015625 0.00625 0.009375
4 0.6875 0.396875 0.00625 0.0078125
0 0.8828125 0.34609375 0.00625 0.0078125
0 0.86640625 0.3515625 0.0046875 0.0078125
0 0.8375 0.359375 0.00625 0.009375
0 0.80859375 0.36875 0.0078125 0.0109375
0 0.78203125 0.3765625 0.0078125 0.0109375
0 0.74140625 0.38671875 0.00625 0.0109375
0 0.72890625 0.3859375 0.00625 0.009375
0 0.70703125 0.39453125 0.00625 0.009375
0 0.365625 0.60859375 0.0484375 0.0640625
0 0.5015625 0.51640625 0.0265625 0.0390625
0 0.559375 0.47734375 0.01875 0.028125
0 0.5921875 0.4546875 0.015625 0.021875
0 0.5859375 0.446875 0.0109375 0.01875
0 0.55 0.45 0.009375 0.015625
0 0.50546875 0.45625 0.009375 0.0140625
0 0.46171875 0.46640625 0.0078125 0.0140625
0 0.425 0.47578125 0.00625 0.0109375
0 0.38046875 0.48984375 0.0078125 0.0125
0 0.31640625 0.509375 0.009375 0.0140625
0 0.23984375 0.534375 0.009375 0.0140625
0 0.11875 0.5703125 0.0140625 0.0171875
4 0.56015625 0.43828125 0.0078125 0.0140625
4 0.5078125 0.45078125 0.0078125 0.0125
4 0.4546875 0.465625 0.0078125 0.0125
4 0.403125 0.4796875 0.00625 0.0109375
4 0.36015625 0.4921875 0.00625 0.0109375
4 0.303125 0.509375 0.0078125 0.0125
4 0.2328125 0.53125 0.009375 0.0140625
4 0.159375 0.55390625 0.0109375 0.015625
4 0.10625 0.56796875 0.0125 0.0171875
4 0.1265625 0.5578125 0.009375 0.0125
4 0.09765625 0.5671875 0.009375 0.0140625
0 0.70390625 0.39453125 0.0046875 0.0078125
4 0.13046875 0.55546875 0.00625 0.0078125
4 0.1484375 0.55078125 0.0078125 0.0109375
4 0.20390625 0.53203125 0.0046875 0.00625
0 0.20625 0.5296875 0.003125 0.0046875
0 0.23671875 0.521875 0.003125 0.00625
4 0.24609375 0.51875 0.0046875 0.00625
0 0.271875 0.5109375 0.003125 0.00625
4 0.2859375 0.5078125 0.00625 0.0078125
0 0.32265625 0.49609375 0.003125 0.00625
0 0.36953125 0.4828125 0.003125 0.0046875
4 0.35 0.48828125 0.003125 0.00625
4 0.39765625 0.475 0.003125 0.00625
0 0.40859375 0.47109375 0.003125 0.0046875
4 0.43046875 0.46484375 0.003125 0.00625
0 0.46640625 0.45390625 0.003125 0.0046875
0 0.4875 0.4484375 0.003125 0.0046875
4 0.49453125 0.446875 0.003125 0.0046875
0 0.50859375 0.44140625 0.0015625 0.003125
2 0.5140625 0.440625 0.003125 0.0046875
4 0.53203125 0.4359375 0.003125 0.0046875
0 0.5421875 0.43203125 0.003125 0.0046875
4 0.55703125 0.42890625 0.003125 0.0046875
4 0.575 0.4234375 0.003125 0.0046875
4 0.59296875 0.41875 0.003125 0.0046875
0 0.60234375 0.415625 0.003125 0.003125
4 0.6125 0.41328125 0.003125 0.0046875
0 0.6234375 0.409375 0.003125 0.0046875
4 0.63125 0.4078125 0.003125 0.0046875
4 0.70078125 0.39296875 0.003125 0.00625
4 0.7171875 0.3859375 0.003125 0.00625
0 0.71484375 0.39140625 0.003125 0.00625
0 0.690625 0.39140625 0.003125 0.0046875
4 0.70859375 0.38671875 0.003125 0.0046875
4 0.7140625 0.3859375 0.003125 0.0046875
4 0.7015625 0.38828125 0.003125 0.0046875
0 0.74296875 0.3828125 0.003125 0.00625
0 0.7484375 0.3796875 0.0046875 0.00625
0 0.75078125 0.378125 0.003125 0.00625
0 0.75234375 0.37734375 0.003125 0.00625
0 0.75703125 0.37578125 0.003125 0.00625
0 0.7625 0.375 0.003125 0.00625
0 0.73984375 0.37890625 0.003125 0.0046875
1 0.52890625 0.43515625 0.0046875 0.0078125
1 0.54453125 0.43046875 0.0046875 0.0078125
4 0.084375 0.5671875 0.0078125 0.0109375
4 0.07421875 0.56640625 0.0078125 0.0109375