4 0.74453125 0.73046875 0.0765625 0.1265625
4 0.6453125 0.53359375 0.021875 0.0390625
4 0.6578125 0.50234375 0.0171875 0.025
4 0.690625 0.4828125 0.009375 0.01875
4 0.73046875 0.478125 0.009375 0.0140625
4 0.79765625 0.478125 0.009375 0.015625
0 0.66171875 0.46875 0.009375 0.0125
0 0.6171875 0.47109375 0.0078125 0.0140625
0 0.51171875 0.4828125 0.0125 0.021875
0 0.56015625 0.47578125 0.009375 0.0171875
4 0.91171875 0.48359375 0.0109375 0.0171875
0 0.903125 0.47734375 0.009375 0.0125
0 0.8265625 0.47265625 0.0078125 0.0125
0 0.25 0.5703125 0.0453125 0.0640625
0 0.43203125 0.50078125 0.015625 0.0296875
0 0.7328125 0.4703125 0.0078125 0.0125