0 0.61953125 0.621875 0.06640625 0.12109375
0 0.84921875 0.38046875 0.009375 0.015625
0 0.72578125 0.37109375 0.00703125 0.0140625
0 0.64765625 0.36484375 0.00703125 0.01328125
4 0.86953125 0.37734375 0.0078125 0.0140625
4 0.86015625 0.36484375 0.0046875 0.00859375
4 0.77421875 0.37109375 0.00859375 0.01328125
4 0.65625 0.36171875 0.00625 0.01171875
0 0.5796875 0.3578125 0.00703125 0.01171875
4 0.6 0.35703125 0.00703125 0.0109375
0 0.5203125 0.35 0.00546875 0.00859375
0 0.53828125 0.35390625 0.00390625 0.01015625
0 0.5359375 0.3484375 0.003125 0.0078125
0 0.55625 0.34921875 0.0046875 0.0078125
0 0.58046875 0.35 0.00234375 0.00703125
4 0.58515625 0.35390625 0.0046875 0.0109375
4 0.603125 0.35234375 0.00390625 0.009375
0 0.6171875 0.3515625 0.00390625 0.0078125
4 0.64375 0.35546875 0.0046875 0.009375
4 0.68125 0.35703125 0.00390625 0.0078125
0 0.671875 0.3546875 0.0046875 0.0078125
0 0.75 0.35859375 0.00390625 0.00703125
4 0.76875 0.36171875 0.00390625 0.0078125
0 0.83203125 0.36171875 0.0046875 0.0078125
0 0.903125 0.36484375 0.0046875 0.0078125