4 0.18125 0.47109375 0.0109375 0.0171875
0 0.17109375 0.478125 0.0125 0.0203125
0 0.27734375 0.4703125 0.009375 0.0171875
4 0.29453125 0.4625 0.0078125 0.0140625
4 0.375 0.45703125 0.00625 0.009375
0 0.37421875 0.4640625 0.0078125 0.0125
4 0.4203125 0.45546875 0.0046875 0.0109375
4 0.48203125 0.453125 0.0046875 0.009375
0 0.47890625 0.45625 0.0046875 0.0109375
0 0.44140625 0.45859375 0.00625 0.0125
0 0.52109375 0.45546875 0.0046875 0.009375
4 0.540625 0.453125 0.0046875 0.009375
0 0.5578125 0.45625 0.0046875 0.009375
0 0.56875 0.45859375 0.00625 0.0125
0 0.559375 0.4625 0.00625 0.0125
4 0.58828125 0.453125 0.00625 0.009375
0 0.53828125 0.46484375 0.0078125 0.0140625
0 0.5125 0.46953125 0.0078125 0.015625
0 0.48984375 0.48125 0.0109375 0.0203125
0 0.4765625 0.49453125 0.0140625 0.0265625
0 0.44375 0.515625 0.021875 0.0375
0 0.375 0.565625 0.0359375 0.059375
4 0.6296875 0.45 0.0046875 0.0078125
4 0.63671875 0.45625 0.0046875 0.0109375
4 0.6546875 0.459375 0.00625 0.0125
4 0.6625 0.4640625 0.0078125 0.0125
4 0.65234375 0.46796875 0.0078125 0.015625
4 0.63984375 0.47265625 0.00625 0.0171875
4 0.64375 0.4859375 0.0125 0.021875
4 0.7 0.5078125 0.0171875 0.03125
4 0.82109375 0.55625 0.0328125 0.05
4 0.684375 0.4515625 0.0046875 0.009375
4 0.72890625 0.453125 0.0046875 0.009375
0 0.66796875 0.44921875 0.003125 0.0078125
0 0.696875 0.45078125 0.0046875 0.0078125
0 0.7015625 0.44921875 0.0046875 0.0078125
4 0.16015625 0.45625 0.0078125 0.0109375
0 0.1265625 0.4546875 0.0078125 0.009375
4 0.240625 0.453125 0.0046875 0.0078125
0 0.20625 0.453125 0.0046875 0.0078125
0 0.2578125 0.4515625 0.003125 0.0078125
4 0.2828125 0.45078125 0.0046875 0.009375
0 0.3046875 0.45 0.003125 0.00625
0 0.3453125 0.4484375 0.003125 0.00625
4 0.33125 0.45 0.003125 0.0078125
4 0.3703125 0.4484375 0.003125 0.0078125
0 0.3765625 0.446875 0.0015625 0.0046875
0 0.40234375 0.446875 0.003125 0.00625
0 0.42421875 0.44609375 0.003125 0.0046875
4 0.40546875 0.44765625 0.003125 0.00625
4 0.42890625 0.44609375 0.003125 0.00625
4 0.44765625 0.44609375 0.0015625 0.0046875
0 0.44375 0.4453125 0.003125 0.0046875
0 0.46875 0.4453125 0.0015625 0.0046875
4 0.4671875 0.4453125 0.003125 0.0046875
4 0.48984375 0.4453125 0.003125 0.00625
0 0.49296875 0.4453125 0.0015625 0.0046875
0 0.51015625 0.44453125 0.0015625 0.0046875
4 0.50625 0.4453125 0.0015625 0.0046875
4 0.5203125 0.4484375 0.003125 0.0078125
4 0.51796875 0.446875 0.003125 0.0078125
4 0.521875 0.44609375 0.003125 0.00625
0 0.528125 0.4453125 0.0015625 0.0046875
4 0.54453125 0.44921875 0.0046875 0.0078125
0 0.5453125 0.4453125 0.003125 0.00625
0 0.55234375 0.4453125 0.003125 0.00625
0 0.5546875 0.44609375 0.003125 0.00625
0 0.55703125 0.446875 0.003125 0.00625
0 0.559375 0.44765625 0.003125 0.00625
0 0.5703125 0.44765625 0.003125 0.0078125
4 0.5828125 0.44921875 0.003125 0.0078125
0 0.596875 0.4484375 0.003125 0.00625
0 0.7109375 0.44765625 0.003125 0.0046875
4 0.74453125 0.44921875 0.003125 0.0078125
4 0.74921875 0.45 0.003125 0.0078125
4 0.75625 0.45234375 0.0046875 0.0078125
4 0.76953125 0.44921875 0.003125 0.00625
0 0.7546875 0.44765625 0.0015625 0.0046875
0 0.78671875 0.44921875 0.003125 0.00625
4 0.80234375 0.44921875 0.003125 0.0078125
4 0.83515625 0.4515625 0.003125 0.00625
0 0.83046875 0.45078125 0.003125 0.00625
0 0.86640625 0.45078125 0.003125 0.00625
0 0.88828125 0.4515625 0.003125 0.00625
0 0.9078125 0.4515625 0.003125 0.0046875
0 0.93046875 0.4515625 0.0015625 0.0046875
4 0.878125 0.453125 0.0046875 0.0078125
4 0.91953125 0.45390625 0.0046875 0.0078125