0 0.4171875 0.57578125 0.0375 0.0609375
0 0.54609375 0.5234375 0.0203125 0.034375
0 0.66875 0.50390625 0.015625 0.0265625
0 0.81015625 0.49921875 0.0140625 0.0234375
0 0.9140625 0.496875 0.0125 0.0203125
4 0.90625 0.58359375 0.046875 0.05625
4 0.928125 0.54453125 0.0125 0.0328125
0 0.76328125 0.4671875 0.003125 0.0078125
0 0.76640625 0.4671875 0.003125 0.00625
0 0.77890625 0.4671875 0.003125 0.00625
0 0.790625 0.46875 0.003125 0.0078125
0 0.79609375 0.4671875 0.003125 0.00625
4 0.81640625 0.46953125 0.0046875 0.0078125
4 0.825 0.46953125 0.003125 0.0078125
0 0.82734375 0.46875 0.003125 0.00625
0 0.83359375 0.471875 0.0046875 0.0078125
4 0.83828125 0.47109375 0.0046875 0.0078125
4 0.859375 0.47109375 0.0046875 0.0078125
0 0.87890625 0.471875 0.003125 0.00625
0 0.8984375 0.47578125 0.0046875 0.009375
4 0.89453125 0.4734375 0.0046875 0.0109375