0 0.08671875 0.4234375 0.0125 0.01875
0 0.10234375 0.4203125 0.0109375 0.015625
0 0.11328125 0.409375 0.0078125 0.009375
0 0.12265625 0.41796875 0.0078125 0.0125
0 0.12578125 0.41171875 0.00625 0.0109375
0 0.13203125 0.4140625 0.00625 0.0109375
0 0.07578125 0.4046875 0.00625 0.009375
0 0.34921875 0.5328125 0.0328125 0.053125
0 0.421875 0.496875 0.021875 0.03125
0 0.48125 0.47734375 0.0125 0.0203125
0 0.52734375 0.4734375 0.009375 0.015625
0 0.5609375 0.47109375 0.0078125 0.0140625
0 0.60546875 0.471875 0.00625 0.0109375
0 0.640625 0.47421875 0.0046875 0.0109375
0 0.69921875 0.48125 0.0046875 0.009375
0 0.77265625 0.48984375 0.00625 0.009375
0 0.82890625 0.49921875 0.0046875 0.0109375
0 0.8953125 0.51015625 0.0078125 0.0125
4 0.934375 0.52109375 0.009375 0.015625
4 0.83125 0.503125 0.009375 0.0140625
4 0.74765625 0.49140625 0.0078125 0.0125
4 0.69296875 0.4859375 0.0078125 0.0125
4 0.6609375 0.48515625 0.009375 0.0140625
4 0.634375 0.49375 0.0125 0.01875
4 0.6234375 0.50625 0.0171875 0.025
4 0.653125 0.5515625 0.028125 0.0421875