2 0.31640625 0.66875 0.0453125 0.0609375
2 0.35 0.56328125 0.015625 0.021875
1 0.27109375 0.57890625 0.021875 0.0359375
1 0.47421875 0.571875 0.0421875 0.0625
1 0.42578125 0.5359375 0.0171875 0.03125
1 0.50078125 0.528125 0.021875 0.034375
1 0.5828125 0.503125 0.0203125 0.0328125
2 0.4421875 0.52734375 0.0125 0.015625
0 0.890625 0.440625 0.0109375 0.015625
0 0.803125 0.45078125 0.0109375 0.0140625
0 0.75546875 0.45546875 0.0078125 0.0125
0 0.734375 0.4546875 0.0078125 0.0109375
0 0.73671875 0.44921875 0.00625 0.009375
0 0.75390625 0.44453125 0.00625 0.009375
0 0.7671875 0.43828125 0.00625 0.009375
4 0.840625 0.43671875 0.009375 0.0125
4 0.8203125 0.43515625 0.0078125 0.0109375
4 0.8296875 0.43125 0.00625 0.009375
4 0.84453125 0.4265625 0.00625 0.009375
4 0.825 0.425 0.00625 0.0078125
4 0.80625 0.425 0.00625 0.0078125
0 0.7640625 0.4359375 0.0046875 0.0078125
4 0.76796875 0.43125 0.00625 0.0078125
0 0.75 0.4375 0.00625 0.0078125