0 0.809375 0.62890625 0.0515625 0.0625
0 0.9078125 0.53046875 0.028125 0.0359375
0 0.7015625 0.5296875 0.0234375 0.025
0 0.53203125 0.57109375 0.025 0.0328125
0 0.48515625 0.53828125 0.015625 0.0234375
0 0.61171875 0.51328125 0.015625 0.0203125
4 0.303125 0.61640625 0.028125 0.0375
4 0.3328125 0.5625 0.0171875 0.021875
4 0.36171875 0.53828125 0.0109375 0.015625
4 0.71484375 0.49453125 0.0125 0.01875
4 0.46015625 0.8515625 0.084375 0.1125
4 0.4015625 0.5203125 0.009375 0.0125
0 0.47109375 0.52265625 0.0109375 0.015625
0 0.478125 0.5125 0.009375 0.0140625
0 0.5109375 0.5046875 0.0078125 0.0125
0 0.575 0.50390625 0.0109375 0.0140625
0 0.54765625 0.5015625 0.0109375 0.0140625
4 0.4671875 0.50625 0.0078125 0.0109375
4 0.5546875 0.49375 0.00625 0.009375
4 0.609375 0.490625 0.009375 0.0125
4 0.646875 0.4921875 0.0109375 0.0125