4 0.7140625 0.6921875 0.0375 0.05625
4 0.8171875 0.58828125 0.015625 0.0234375
4 0.41796875 0.63984375 0.0375 0.0453125
4 0.32734375 0.5875 0.0234375 0.0296875
4 0.28125 0.5515625 0.0140625 0.021875
4 0.6859375 0.559375 0.009375 0.015625
0 0.69140625 0.59140625 0.0140625 0.025
0 0.684375 0.61171875 0.021875 0.0328125
0 0.57421875 0.60390625 0.0203125 0.03125
0 0.58671875 0.5625 0.0125 0.0203125
0 0.4796875 0.5796875 0.015625 0.025
0 0.409375 0.55078125 0.0109375 0.0171875
0 0.5046875 0.5453125 0.009375 0.015625
4 0.5890625 0.54375 0.009375 0.0140625
4 0.51015625 0.53125 0.0078125 0.0109375
0 0.4421875 0.5328125 0.0078125 0.0125
4 0.42578125 0.52265625 0.00625 0.0109375
0 0.36171875 0.534375 0.009375 0.0140625
0 0.37421875 0.5234375 0.00625 0.0109375
0 0.2953125 0.525 0.0078125 0.0109375
4 0.33671875 0.51484375 0.00625 0.009375
0 0.29765625 0.51640625 0.00625 0.009375
4 0.2734375 0.5109375 0.00625 0.009375
0 0.24296875 0.5125 0.0046875 0.009375