0 0.33203125 0.67890625 0.0546875 0.0703125
4 0.79609375 0.77578125 0.0609375 0.0734375
0 0.09375 0.45078125 0.0078125 0.0109375
0 0.15390625 0.4640625 0.0078125 0.0109375
4 0.1203125 0.45078125 0.00625 0.009375
4 0.19140625 0.465625 0.0078125 0.009375
0 0.215625 0.47578125 0.0078125 0.0109375
0 0.27265625 0.48515625 0.00625 0.009375
4 0.240625 0.471875 0.00625 0.009375
4 0.25859375 0.47421875 0.0046875 0.0078125
0 0.31015625 0.4890625 0.00625 0.009375
0 0.33203125 0.4890625 0.00625 0.009375
0 0.31953125 0.48359375 0.0046875 0.0078125
4 0.20703125 0.459375 0.0046875 0.00625
4 0.171875 0.45078125 0.00625 0.0078125
4 0.13828125 0.4421875 0.0046875 0.00625
0 0.13125 0.4390625 0.0046875 0.00625
0 0.24921875 0.46640625 0.0046875 0.0078125
0 0.2765625 0.47265625 0.0046875 0.0078125
0 0.296875 0.478125 0.0046875 0.00625