4 0.68125 0.7234375 0.0453125 0.0609375
4 0.79921875 0.63671875 0.01875 0.025
4 0.396875 0.625 0.04375 0.05
4 0.31640625 0.559375 0.0265625 0.0328125
4 0.27578125 0.51640625 0.0171875 0.0234375
4 0.67421875 0.5875 0.0125 0.0171875
0 0.67421875 0.6203125 0.01875 0.0265625
0 0.66484375 0.6390625 0.0265625 0.034375
0 0.55703125 0.6140625 0.025 0.034375
0 0.5765625 0.575 0.0140625 0.0203125
0 0.4671875 0.57578125 0.01875 0.0265625
0 0.40234375 0.5359375 0.0140625 0.0171875
0 0.49765625 0.5453125 0.0109375 0.0171875
4 0.58046875 0.55703125 0.0109375 0.015625
4 0.5046875 0.5328125 0.009375 0.0125
0 0.4375 0.5234375 0.009375 0.0125
4 0.4234375 0.5109375 0.0078125 0.0109375
0 0.3578125 0.51171875 0.0109375 0.015625
0 0.371875 0.503125 0.0078125 0.0109375
0 0.29375 0.49296875 0.009375 0.0125
4 0.3359375 0.4890625 0.0078125 0.0109375
0 0.29765625 0.484375 0.0078125 0.0109375
4 0.27421875 0.475 0.0078125 0.009375
0 0.24453125 0.47265625 0.00625 0.009375