1 0.27734375 0.490625 0.0328125 0.046875
1 0.29140625 0.54921875 0.0515625 0.08125
2 0.34765625 0.57265625 0.040625 0.0515625
2 0.53203125 0.5796875 0.0296875 0.0390625
1 0.5703125 0.61796875 0.059375 0.090625
2 0.778125 0.85234375 0.090625 0.121875
0 0.55859375 0.5234375 0.0140625 0.0171875
0 0.66953125 0.553125 0.0109375 0.015625
0 0.784375 0.57734375 0.0125 0.01875
0 0.88125 0.59609375 0.0125 0.0171875
4 0.88203125 0.58515625 0.0078125 0.0125
4 0.8125 0.56953125 0.009375 0.0125
4 0.73046875 0.55390625 0.009375 0.0140625
4 0.65078125 0.5359375 0.0109375 0.0140625
4 0.56640625 0.5140625 0.009375 0.0125
0 0.48515625 0.50234375 0.0109375 0.015625
0 0.4421875 0.4859375 0.0109375 0.0140625
4 0.52421875 0.49765625 0.009375 0.0125