0 0.35390625 0.5875 0.0265625 0.0375
0 0.35234375 0.54921875 0.0171875 0.0265625
4 0.83984375 0.6078125 0.0359375 0.046875
4 0.75078125 0.5640625 0.021875 0.0328125
4 0.6609375 0.53046875 0.0140625 0.021875
0 0.30078125 0.51484375 0.0109375 0.01875
0 0.2609375 0.50703125 0.0078125 0.0140625
0 0.2875 0.5 0.0078125 0.0109375
4 0.49296875 0.49921875 0.0078125 0.0125
4 0.54375 0.50859375 0.009375 0.015625
4 0.71640625 0.5125 0.0109375 0.0171875
4 0.72421875 0.5046875 0.0078125 0.0125
0 0.9 0.5125 0.009375 0.0140625
0 0.86953125 0.50390625 0.0078125 0.0109375
0 0.83984375 0.49921875 0.00625 0.0109375
4 0.69609375 0.49765625 0.00625 0.0109375
4 0.63203125 0.4953125 0.00625 0.0109375
4 0.54140625 0.49296875 0.00625 0.009375
0 0.79921875 0.49453125 0.00625 0.009375
0 0.7546875 0.4921875 0.00625 0.009375
0 0.68515625 0.48828125 0.0046875 0.0078125