0 0.45625 0.66875 0.0484375 0.0578125
0 0.715625 0.63203125 0.025 0.03125
0 0.84765625 0.6265625 0.0171875 0.021875
4 0.82734375 0.6046875 0.0140625 0.01875
4 0.7234375 0.59609375 0.015625 0.0203125
4 0.553125 0.584375 0.0203125 0.025
4 0.29609375 0.57734375 0.03125 0.0375
4 0.12734375 0.56171875 0.0328125 0.040625
4 0.1078125 0.503125 0.0171875 0.021875
4 0.2109375 0.51015625 0.0140625 0.0203125
4 0.3875 0.53671875 0.015625 0.01875
4 0.565625 0.559375 0.0125 0.0171875
0 0.37578125 0.525 0.0109375 0.015625
0 0.221875 0.50078125 0.0109375 0.0171875
0 0.0578125 0.65703125 0.03125 0.0640625
0 0.50703125 0.54296875 0.009375 0.0140625
0 0.59765625 0.5515625 0.0078125 0.0125
4 0.67109375 0.56796875 0.009375 0.0140625
0 0.78515625 0.5640625 0.0078125 0.0125
0 0.79296875 0.565625 0.0078125 0.0125