2 0.275 0.7234375 0.0625 0.0859375
2 0.50703125 0.6109375 0.0359375 0.05
1 0.13515625 0.61484375 0.040625 0.065625
1 0.175 0.72265625 0.0734375 0.1390625
1 0.62265625 0.6578125 0.06875 0.1296875
0 0.30546875 0.52421875 0.009375 0.0140625
0 0.3265625 0.52890625 0.0109375 0.015625
0 0.38046875 0.53046875 0.0125 0.0171875
0 0.46953125 0.52421875 0.0140625 0.01875
0 0.59609375 0.51171875 0.0125 0.01875
0 0.715625 0.49609375 0.0125 0.0171875
0 0.8078125 0.48046875 0.009375 0.015625
0 0.88203125 0.4703125 0.009375 0.0125
4 0.8515625 0.46328125 0.0078125 0.0109375
4 0.79296875 0.4703125 0.0078125 0.0109375
4 0.72734375 0.478125 0.0078125 0.0125
4 0.64609375 0.49140625 0.009375 0.0140625
4 0.56171875 0.503125 0.009375 0.015625
4 0.4671875 0.5109375 0.009375 0.015625
4 0.41484375 0.509375 0.0078125 0.0125
4 0.39921875 0.5078125 0.0078125 0.0109375