2 0.3078125 0.65859375 0.04375 0.059375
2 0.346875 0.55546875 0.0140625 0.021875
1 0.2671875 0.56640625 0.0203125 0.0359375
1 0.4703125 0.5703125 0.0390625 0.0609375
1 0.42421875 0.53203125 0.015625 0.0296875
1 0.49921875 0.528125 0.0203125 0.034375
1 0.58203125 0.50703125 0.01875 0.0328125
2 0.44140625 0.52421875 0.0109375 0.015625
0 0.89296875 0.46171875 0.0109375 0.015625
0 0.80546875 0.46640625 0.009375 0.0140625
0 0.7578125 0.46875 0.0078125 0.0125
0 0.73671875 0.46640625 0.00625 0.0109375
0 0.7390625 0.46171875 0.0046875 0.009375
0 0.75703125 0.4578125 0.00625 0.009375
0 0.7703125 0.45234375 0.00625 0.0078125
4 0.84296875 0.4546875 0.009375 0.0125
4 0.8234375 0.45234375 0.0078125 0.0109375
4 0.8328125 0.4484375 0.00625 0.0078125
4 0.84765625 0.44453125 0.00625 0.009375
4 0.82890625 0.4421875 0.00625 0.0078125
4 0.809375 0.44140625 0.00625 0.0078125
0 0.76640625 0.45 0.0046875 0.0078125
4 0.771875 0.4453125 0.00625 0.0078125
0 0.75234375 0.45 0.00625 0.0078125