0 0.328125 0.60234375 0.025 0.034375
0 0.38046875 0.54609375 0.015625 0.021875
0 0.403125 0.52421875 0.009375 0.015625
4 0.52734375 0.50390625 0.009375 0.015625
4 0.553125 0.51875 0.015625 0.021875
4 0.61171875 0.553125 0.028125 0.0375
4 0.85078125 0.68984375 0.078125 0.096875
0 0.4109375 0.5109375 0.009375 0.0125
4 0.4984375 0.49296875 0.0078125 0.0125
4 0.43359375 0.49921875 0.00625 0.0109375
0 0.37109375 0.51328125 0.0078125 0.0109375
4 0.31640625 0.5171875 0.00625 0.0109375
0 0.3015625 0.5234375 0.00625 0.0109375
0 0.22421875 0.53984375 0.00625 0.0109375
4 0.18984375 0.54296875 0.00625 0.0109375
0 0.134375 0.5625 0.0078125 0.0125