1 0.309375 0.5796875 0.0375 0.071875
0 0.32421875 0.61875 0.0359375 0.05625
1 0.40546875 0.58359375 0.0390625 0.0734375
4 0.4203125 0.6125 0.0390625 0.0515625
0 0.5140625 0.590625 0.0265625 0.0390625
1 0.60859375 0.72578125 0.0875 0.1578125
1 0.68359375 0.6625 0.059375 0.1140625
1 0.609375 0.56328125 0.025 0.0515625
4 0.5921875 0.57890625 0.025 0.034375
0 0.7625 0.740625 0.0625 0.09375
1 0.77890625 0.57578125 0.0265625 0.0515625
0 0.8140625 0.5890625 0.021875 0.0296875
1 0.85546875 0.63125 0.05 0.0828125
4 0.70625 0.66171875 0.025 0.0625