0 0.20859375 0.53203125 0.025 0.0359375
0 0.42734375 0.53671875 0.0203125 0.028125
0 0.4984375 0.521875 0.0140625 0.0203125
4 0.615625 0.64453125 0.04375 0.0625
4 0.74375 0.60234375 0.0265625 0.0359375
4 0.76875 0.578125 0.0171875 0.025
4 0.71171875 0.5578125 0.015625 0.0203125
4 0.8109375 0.8828125 0.0859375 0.1390625
4 0.659375 0.5390625 0.0125 0.0171875
4 0.61953125 0.5265625 0.009375 0.015625
0 0.43359375 0.50546875 0.0109375 0.0171875
0 0.296875 0.48046875 0.009375 0.0140625
0 0.1671875 0.46171875 0.009375 0.0140625