0 0.32109375 0.6390625 0.0359375 0.0515625
1 0.31796875 0.60390625 0.040625 0.0703125
1 0.4109375 0.59453125 0.040625 0.071875
4 0.4171875 0.6203125 0.0375 0.05
0 0.51953125 0.5859375 0.028125 0.0421875
1 0.54453125 0.71875 0.0890625 0.1578125
1 0.62265625 0.54609375 0.0296875 0.0546875
4 0.6046875 0.56328125 0.0296875 0.0375
1 0.653125 0.64375 0.071875 0.121875
4 0.68203125 0.63984375 0.040625 0.0671875
0 0.71953125 0.7203125 0.078125 0.103125
1 0.8046875 0.53125 0.0328125 0.05625
1 0.865625 0.58203125 0.059375 0.09375
0 0.8421875 0.540625 0.0234375 0.0359375
4 0.9125 0.6125 0.0296875 0.065625