0 0.2421875 0.63828125 0.025 0.0359375
0 0.446875 0.5609375 0.0203125 0.028125
0 0.50625 0.52109375 0.0140625 0.0203125
4 0.66171875 0.590625 0.04375 0.0625
4 0.7640625 0.50390625 0.0265625 0.0359375
4 0.77890625 0.47109375 0.0171875 0.025
4 0.71796875 0.47421875 0.015625 0.0203125
4 0.93125 0.73828125 0.0859375 0.1390625
4 0.6625 0.4765625 0.0125 0.0171875
4 0.62109375 0.4796875 0.009375 0.015625
0 0.440625 0.5296875 0.0109375 0.0171875
0 0.3046875 0.5578125 0.009375 0.0140625
0 0.1765625 0.5890625 0.009375 0.0140625