0 0.41484375 0.71796875 0.046875 0.0671875
4 0.86640625 0.64453125 0.053125 0.0671875
0 0.10703125 0.59765625 0.00625 0.009375
0 0.16796875 0.58828125 0.0078125 0.0109375
4 0.13125 0.58828125 0.00625 0.009375
4 0.203125 0.57578125 0.00625 0.0109375
0 0.22890625 0.57734375 0.0078125 0.0109375
0 0.28515625 0.56484375 0.00625 0.009375
4 0.25 0.56484375 0.00625 0.009375
0 0.321875 0.5546875 0.0078125 0.009375
0 0.3421875 0.5484375 0.00625 0.0078125
0 0.328125 0.546875 0.00625 0.009375
0 0.3046875 0.54921875 0.00625 0.0078125
0 0.284375 0.55234375 0.00625 0.0078125
4 0.26796875 0.559375 0.00625 0.0078125
0 0.25546875 0.55625 0.00625 0.0078125
4 0.21484375 0.565625 0.00625 0.0078125
4 0.17890625 0.56953125 0.00625 0.0078125
4 0.11875 0.57890625 0.0046875 0.0078125
4 0.14453125 0.57421875 0.0046875 0.0078125