4 0.2078125 0.69296875 0.034375 0.05546875
4 0.125 0.57421875 0.01171875 0.0171875
4 0.29375 0.56875 0.01015625 0.015625
4 0.45859375 0.5625 0.01015625 0.0171875
4 0.63046875 0.5578125 0.01015625 0.0171875
4 0.78828125 0.559375 0.0125 0.01875
4 0.8765625 0.615625 0.028125 0.03828125
4 0.68046875 0.6546875 0.0359375 0.04765625
0 0.2640625 0.5875 0.0125 0.0203125
0 0.26875 0.61953125 0.01796875 0.03046875
0 0.45625 0.5796875 0.0125 0.0203125
0 0.56875 0.60703125 0.01953125 0.03046875
0 0.63828125 0.57265625 0.0125 0.0203125
0 0.7 0.59140625 0.01640625 0.02578125
0 0.7203125 0.57578125 0.0125 0.02265625