1 0.13359375 0.5703125 0.03046875 0.06171875
1 0.140625 0.68359375 0.0703125 0.13046875
1 0.2125 0.571875 0.0265625 0.0640625
1 0.31484375 0.64609375 0.0578125 0.11171875
1 0.45 0.55390625 0.028125 0.05234375
1 0.59296875 0.625 0.04453125 0.09375
1 0.63515625 0.56328125 0.02421875 0.05390625
1 0.7859375 0.60859375 0.0484375 0.0828125
0 0.10859375 0.60234375 0.028125 0.04453125
4 0.1984375 0.596875 0.0265625 0.04296875
0 0.284375 0.721875 0.0515625 0.0875
0 0.31953125 0.57890625 0.021875 0.03671875
4 0.365625 0.64765625 0.04609375 0.0625
4 0.42109375 0.56875 0.0234375 0.03203125
4 0.6234375 0.665625 0.04140625 0.0671875
0 0.66953125 0.5765625 0.0203125 0.03359375
0 0.83203125 0.65625 0.0359375 0.06171875