1 0.35 0.75625 0.0953125 0.16875
0 0.7140625 0.66328125 0.0640625 0.0828125
1 0.72109375 0.61640625 0.05625 0.1109375
1 0.64609375 0.55234375 0.0421875 0.06875
4 0.60390625 0.56328125 0.0328125 0.0421875
0 0.503125 0.56328125 0.025 0.0359375
1 0.47578125 0.546875 0.0296875 0.0484375
1 0.4640625 0.5390625 0.025 0.0421875
0 0.41640625 0.5578125 0.01875 0.028125
4 0.38671875 0.5734375 0.0234375 0.0296875
4 0.1765625 0.57421875 0.0171875 0.0234375
0 0.3671875 0.67421875 0.04375 0.0671875
1 0.3421875 0.646875 0.0484375 0.1
0 0.31953125 0.621875 0.028125 0.0453125
1 0.31171875 0.59921875 0.0359375 0.065625
4 0.26484375 0.6109375 0.0296875 0.0390625
1 0.2625 0.59609375 0.034375 0.059375
4 0.3640625 0.8484375 0.0890625 0.1328125