1 0.428125 0.38984375 0.0125 0.0140625
4 0.42578125 0.39609375 0.0125 0.01875
4 0.42890625 0.409375 0.015625 0.0234375
4 0.41328125 0.409375 0.0140625 0.021875
4 0.3875 0.446875 0.0234375 0.0328125
4 0.3390625 0.50234375 0.0375 0.040625
4 0.26875 0.58671875 0.05625 0.0734375
1 0.5265625 0.35234375 0.0140625 0.025
0 0.5421875 0.3609375 0.0140625 0.0140625
0 0.54453125 0.365625 0.0140625 0.0203125
0 0.5578125 0.371875 0.01875 0.0265625
0 0.58125 0.3828125 0.021875 0.0328125
0 0.63359375 0.39921875 0.028125 0.034375
0 0.67890625 0.45 0.05 0.071875