4 0.565625 0.37265625 0.0125 0.0171875
4 0.58671875 0.3765625 0.0140625 0.021875
4 0.6015625 0.38515625 0.015625 0.01875
4 0.6125 0.39375 0.021875 0.0296875
4 0.6328125 0.42578125 0.0296875 0.0453125
4 0.6984375 0.4296875 0.0375 0.0515625
4 0.82421875 0.49375 0.0609375 0.0875
0 0.45234375 0.40390625 0.0125 0.0203125
0 0.428125 0.4203125 0.0125 0.01875
0 0.42578125 0.428125 0.01875 0.0296875
0 0.4109375 0.44765625 0.025 0.0359375
0 0.3765625 0.490625 0.03125 0.05
0 0.26015625 0.6109375 0.065625 0.06875