1 0.4234375 0.115625 0.015625 0.0328125
1 0.2953125 0.13359375 0.015625 0.03125
4 0.29609375 0.1453125 0.0140625 0.0234375
4 0.28515625 0.159375 0.015625 0.028125
4 0.275 0.17421875 0.0171875 0.034375
4 0.26953125 0.19375 0.028125 0.040625
4 0.23515625 0.234375 0.0375 0.05625
4 0.17578125 0.31875 0.0625 0.0875
0 0.43359375 0.12734375 0.0140625 0.021875
0 0.453125 0.13515625 0.015625 0.0265625
0 0.47734375 0.14375 0.01875 0.0328125
0 0.5140625 0.159375 0.0234375 0.0390625
0 0.58046875 0.1828125 0.0328125 0.053125
0 0.66328125 0.2390625 0.053125 0.078125
4 0.0546875 0.63046875 0.0453125 0.0671875