0 0.8 0.63515625 0.053125 0.08125
0 0.6328125 0.55234375 0.0265625 0.0375
0 0.47265625 0.54375 0.0203125 0.0296875
0 0.4515625 0.52109375 0.0125 0.01875
0 0.5109375 0.50625 0.009375 0.0140625
4 0.4953125 0.50234375 0.009375 0.0140625
1 0.4875 0.496875 0.009375 0.0171875
4 0.24375 0.71171875 0.059375 0.084375
4 0.2875 0.6078125 0.028125 0.04375
4 0.2234375 0.59296875 0.0234375 0.034375
4 0.2515625 0.5515625 0.0125 0.01875
4 0.125 0.59453125 0.01875 0.028125
4 0.14375 0.58046875 0.0140625 0.01875
4 0.35390625 0.53046875 0.0109375 0.0171875
0 0.3703125 0.5421875 0.0140625 0.0234375
1 0.421875 0.50546875 0.009375 0.01875
4 0.4171875 0.5125 0.0078125 0.0140625
4 0.4125 0.51796875 0.009375 0.015625