2 0.56875 0.69296875 0.0625 0.090625
2 0.56875 0.69296875 0.0609375 0.0890625
2 0.2328125 0.55234375 0.0390625 0.05625
2 0.64921875 0.58671875 0.01875 0.03125
2 0.134375 0.471875 0.021875 0.0328125
2 0.615625 0.5625 0.015625 0.025
2 0.05625 0.4421875 0.01875 0.0265625
2 0.82265625 0.61171875 0.01875 0.0265625
2 0.2453125 0.478125 0.015625 0.0234375
2 0.4453125 0.53984375 0.0203125 0.0296875
2 0.4453125 0.53984375 0.0203125 0.0296875
2 0.42890625 0.5203125 0.015625 0.0234375
2 0.4296875 0.51953125 0.015625 0.0234375
2 0.2328125 0.55234375 0.0390625 0.05625
2 0.64921875 0.58671875 0.01875 0.03125
2 0.134375 0.471875 0.021875 0.03125
2 0.615625 0.5625 0.015625 0.025
2 0.05546875 0.4421875 0.01875 0.0265625
2 0.82265625 0.6109375 0.01875 0.0265625
2 0.2453125 0.47734375 0.015625 0.0234375