4 0.1859375 0.609375 0.059375 0.090625
4 0.18828125 0.51171875 0.034375 0.05
4 0.303125 0.49921875 0.0203125 0.0265625
4 0.49140625 0.5171875 0.01875 0.028125
4 0.65703125 0.54296875 0.0171875 0.025
4 0.75234375 0.55703125 0.0140625 0.021875
4 0.76171875 0.55 0.0125 0.0171875
1 0.77109375 0.540625 0.0125 0.0234375
1 0.8671875 0.5640625 0.0140625 0.0234375
4 0.8828125 0.5796875 0.0140625 0.01875
0 0.89140625 0.74609375 0.0640625 0.0859375
0 0.65703125 0.5859375 0.03125 0.040625
0 0.81484375 0.59453125 0.021875 0.0296875
0 0.91796875 0.60078125 0.01875 0.0234375