2 0.31171875 0.43828125 0.028125 0.0421875
4 0.43828125 0.33984375 0.0046875 0.0109375
4 0.44140625 0.3421875 0.0078125 0.0125
4 0.44921875 0.34375 0.009375 0.0140625
4 0.46796875 0.34765625 0.0109375 0.015625
4 0.4828125 0.353125 0.0125 0.01875
4 0.49375 0.35859375 0.0109375 0.021875
4 0.49921875 0.36328125 0.015625 0.025
4 0.4171875 0.34375 0.0046875 0.0078125
1 0.425 0.3390625 0.00625 0.0125
1 0.37578125 0.3515625 0.00625 0.0125
4 0.371875 0.35546875 0.0046875 0.0078125
0 0.3703125 0.3578125 0.00625 0.009375
0 0.36171875 0.36328125 0.0078125 0.0109375
0 0.35625 0.36796875 0.00625 0.0125
0 0.3546875 0.37578125 0.009375 0.015625
0 0.34375 0.38828125 0.0109375 0.01875
0 0.34140625 0.403125 0.015625 0.025
2 0.56640625 0.37109375 0.021875 0.0375