2 0.346875 0.6671875 0.05 0.0765625
2 0.40859375 0.58203125 0.0296875 0.04375
4 0.4265625 0.5546875 0.01875 0.028125
2 0.8171875 0.55703125 0.0453125 0.075
2 0.68828125 0.51875 0.028125 0.0453125
2 0.64140625 0.50390625 0.01875 0.0328125
0 0.603125 0.49296875 0.0140625 0.021875
0 0.58359375 0.4859375 0.0125 0.0171875
0 0.5671875 0.48203125 0.009375 0.0140625
4 0.4421875 0.5234375 0.0109375 0.0125
4 0.44296875 0.53203125 0.015625 0.021875
4 0.4640625 0.50703125 0.0078125 0.0140625
4 0.46953125 0.49921875 0.0078125 0.0125
4 0.47421875 0.4921875 0.00625 0.009375
4 0.47265625 0.4953125 0.00625 0.009375
4 0.4828125 0.4875 0.00625 0.009375
4 0.5109375 0.47890625 0.0046875 0.0078125
0 0.55625 0.47890625 0.0078125 0.0125
0 0.546875 0.4765625 0.00625 0.009375
0 0.53984375 0.475 0.00625 0.009375
4 0.54765625 0.46875 0.0046875 0.0078125
0 0.565625 0.46640625 0.0046875 0.0078125
4 0.59296875 0.45625 0.0046875 0.0078125
0 0.6109375 0.45390625 0.0046875 0.0078125
4 0.64765625 0.4421875 0.0046875 0.00625
0 0.6640625 0.43984375 0.0046875 0.0078125
4 0.709375 0.428125 0.0046875 0.0078125
0 0.7234375 0.4265625 0.0046875 0.00625
4 0.76640625 0.41484375 0.0046875 0.00625
0 0.7875 0.41171875 0.0046875 0.0078125
4 0.8265625 0.40078125 0.0046875 0.00625
0 0.86953125 0.39296875 0.0046875 0.0078125
4 0.88671875 0.38671875 0.0046875 0.0078125
2 0.9109375 0.3828125 0.0078125 0.0109375