2 0.87421875 0.64375 0.090625 0.128125
0 0.62421875 0.53984375 0.0328125 0.0484375
0 0.5375 0.50703125 0.021875 0.0296875
0 0.440625 0.48046875 0.0078125 0.0125
4 0.42578125 0.47890625 0.0078125 0.0125
1 0.41875 0.475 0.0078125 0.0140625
0 0.4109375 0.5109375 0.015625 0.0234375
0 0.3890625 0.49609375 0.0109375 0.015625
1 0.35859375 0.48515625 0.009375 0.0171875
4 0.35625 0.4921875 0.00625 0.0109375
4 0.35234375 0.49609375 0.009375 0.0140625
0 0.32109375 0.51640625 0.0125 0.01875
4 0.30078125 0.509375 0.009375 0.015625
4 0.2796875 0.6078125 0.0390625 0.053125
4 0.27578125 0.5609375 0.0234375 0.0328125
4 0.209375 0.53203125 0.0109375 0.0171875
4 0.20859375 0.559375 0.0203125 0.028125
4 0.11796875 0.56015625 0.0140625 0.015625
4 0.1125 0.56953125 0.015625 0.0234375
2 0.103125 0.86953125 0.05 0.115625