0 0.0234375 0.575 0.046875 0.115625
0 0.29453125 0.5046875 0.0421875 0.05625
0 0.51171875 0.51640625 0.0265625 0.0390625
4 0.740625 0.67109375 0.0546875 0.0796875
4 0.83671875 0.628125 0.0375 0.05
4 0.83359375 0.55625 0.01875 0.025
0 0.690625 0.53046875 0.0234375 0.03125
4 0.69921875 0.5015625 0.0125 0.01875
0 0.64140625 0.4953125 0.015625 0.0234375
4 0.640625 0.4796875 0.0109375 0.0171875
4 0.575 0.45625 0.009375 0.0140625
0 0.5484375 0.45625 0.0078125 0.0140625
4 0.52109375 0.43671875 0.0078125 0.0125
4 0.4765625 0.4296875 0.0078125 0.0140625
2 0.4890625 0.4234375 0.0078125 0.0125
4 0.45546875 0.41875 0.00625 0.0125