4 0.81328125 0.68359375 0.06875 0.09375
4 0.68359375 0.54453125 0.0296875 0.04375
4 0.64375 0.4984375 0.0203125 0.028125
2 0.28515625 0.5140625 0.0484375 0.0703125
2 0.4234375 0.46484375 0.025 0.0359375
0 0.46796875 0.44921875 0.015625 0.021875
0 0.52421875 0.42734375 0.00625 0.0078125
0 0.53671875 0.43359375 0.00625 0.0109375
0 0.54140625 0.45078125 0.0125 0.0171875
0 0.5625 0.43203125 0.00625 0.0078125
4 0.57421875 0.4375 0.00625 0.009375
4 0.59609375 0.43828125 0.00625 0.0078125
4 0.60859375 0.44609375 0.0078125 0.0109375
0 0.59140625 0.453125 0.009375 0.0140625
4 0.62578125 0.475 0.0140625 0.0203125
0 0.6359375 0.45625 0.0078125 0.0125
0 0.64453125 0.4453125 0.00625 0.0078125
4 0.6546875 0.4484375 0.00625 0.0078125
4 0.67109375 0.4734375 0.0125 0.0171875
4 0.69921875 0.46640625 0.009375 0.0125
4 0.725 0.47734375 0.009375 0.0140625
4 0.725 0.46171875 0.00625 0.009375
0 0.740625 0.4625 0.00625 0.0078125
4 0.79453125 0.47578125 0.00625 0.009375
0 0.8171875 0.47890625 0.00625 0.0078125
4 0.85546875 0.4890625 0.0078125 0.009375
4 0.88125 0.49609375 0.0078125 0.0109375
1 0.8875 0.496875 0.0109375 0.0171875
0 0.8984375 0.49609375 0.00625 0.009375
0 0.95390625 0.50859375 0.0078125 0.0109375
1 0.97109375 0.51171875 0.0125 0.01875