4 0.13828125 0.8421875 0.1125 0.1546875
4 0.3125 0.56171875 0.034375 0.05
4 0.25078125 0.53125 0.0234375 0.0328125
4 0.22109375 0.51796875 0.0171875 0.025
4 0.2 0.5109375 0.015625 0.01875
4 0.18671875 0.50625 0.0109375 0.015625
0 0.721875 0.51171875 0.0546875 0.0734375
0 0.55625 0.46328125 0.0296875 0.0390625
2 0.425 0.4671875 0.01875 0.0296875
2 0.34765625 0.46953125 0.0140625 0.021875
2 0.30703125 0.4734375 0.0125 0.01875
2 0.28671875 0.4734375 0.009375 0.015625
2 0.26171875 0.47421875 0.009375 0.0140625
2 0.2265625 0.48046875 0.0078125 0.0125
2 0.178125 0.5015625 0.009375 0.0140625
2 0.17109375 0.4984375 0.009375 0.0125
2 0.17265625 0.49296875 0.00625 0.0109375
2 0.134375 0.50546875 0.0078125 0.0125
2 0.09609375 0.51328125 0.0078125 0.0109375
2 0.0765625 0.5203125 0.0078125 0.0109375