1 0.784375 0.675 0.0890625 0.1421875
1 0.2125 0.56796875 0.0875 0.1453125
4 0.91875 0.53359375 0.0109375 0.0171875
2 0.8921875 0.5171875 0.009375 0.0140625
4 0.825 0.5078125 0.0109375 0.0140625
2 0.8078125 0.4953125 0.0078125 0.0125
2 0.75703125 0.4828125 0.00625 0.0109375
4 0.76171875 0.49140625 0.0078125 0.0125
2 0.725 0.475 0.0046875 0.009375
4 0.715625 0.47890625 0.0078125 0.0109375
2 0.68828125 0.46484375 0.0046875 0.0078125
4 0.67734375 0.46875 0.00625 0.009375
2 0.64765625 0.45625 0.003125 0.0078125
2 0.6453125 0.459375 0.00625 0.009375
2 0.621875 0.45234375 0.0046875 0.0078125
2 0.6 0.44609375 0.0046875 0.0078125
2 0.5828125 0.44375 0.0046875 0.0078125
2 0.540625 0.434375 0.0046875 0.00625
2 0.53828125 0.43515625 0.0046875 0.0078125
2 0.48046875 0.4234375 0.0046875 0.0078125
2 0.42890625 0.415625 0.0046875 0.0078125
2 0.4203125 0.41328125 0.0046875 0.00625
2 0.39765625 0.4109375 0.0046875 0.0078125
2 0.3703125 0.4046875 0.0046875 0.0078125
2 0.34609375 0.4015625 0.0046875 0.0078125