2 0.1515625 0.69375 0.0875 0.1234375
2 0.34296875 0.59375 0.0390625 0.0546875
2 0.4 0.56015625 0.0234375 0.034375
4 0.4359375 0.53984375 0.015625 0.0203125
2 0.4265625 0.546875 0.01875 0.0265625
4 0.44765625 0.5296875 0.0078125 0.0109375
4 0.44921875 0.5328125 0.0125 0.01875
4 0.465625 0.5265625 0.0078125 0.0125
4 0.47734375 0.5203125 0.0046875 0.0078125
4 0.47578125 0.52109375 0.00625 0.009375
4 0.471875 0.5234375 0.00625 0.009375
4 0.484375 0.51875 0.0046875 0.0078125
4 0.51015625 0.521875 0.0046875 0.0078125
4 0.54375 0.52734375 0.0046875 0.0078125
2 0.8375 0.79921875 0.0828125 0.1140625
2 0.67109375 0.65 0.0375 0.053125
2 0.615625 0.59921875 0.0234375 0.034375
2 0.5890625 0.5765625 0.01875 0.0265625
2 0.5765625 0.56484375 0.0140625 0.021875
0 0.56328125 0.55390625 0.0109375 0.015625
0 0.55546875 0.546875 0.009375 0.0140625
0 0.5578125 0.53125 0.0046875 0.0078125
0 0.5484375 0.540625 0.0078125 0.0125
0 0.54375 0.5359375 0.00625 0.009375
0 0.53828125 0.53203125 0.00625 0.009375
0 0.53359375 0.52890625 0.0046875 0.0078125
4 0.584375 0.53359375 0.0046875 0.00625
0 0.59921875 0.5375 0.0046875 0.00625
4 0.63515625 0.5421875 0.0046875 0.00625
0 0.64765625 0.54609375 0.0046875 0.0078125
0 0.70078125 0.5546875 0.0046875 0.0078125
4 0.68984375 0.5515625 0.0046875 0.00625
4 0.740625 0.56171875 0.0046875 0.00625
0 0.75703125 0.565625 0.0046875 0.0078125
4 0.79375 0.57109375 0.0046875 0.0078125
0 0.8265625 0.578125 0.0046875 0.0078125
4 0.84453125 0.5796875 0.0046875 0.0078125
2 0.86015625 0.584375 0.00625 0.009375
2 0.9078125 0.59140625 0.00625 0.009375