4 0.121875 0.5765625 0.0390625 0.07109375
4 0.20625 0.48828125 0.0234375 0.03671875
4 0.2328125 0.45703125 0.0171875 0.025
4 0.24921875 0.43984375 0.0109375 0.01875
2 0.56015625 0.51484375 0.02421875 0.05234375
2 0.45 0.4578125 0.01484375 0.0296875
2 0.4078125 0.440625 0.0109375 0.021875
2 0.39140625 0.43125 0.01015625 0.01875
2 0.37265625 0.421875 0.00703125 0.01484375
2 0.33828125 0.41640625 0.00625 0.0125
2 0.2609375 0.42734375 0.0078125 0.0171875
2 0.26640625 0.41953125 0.00703125 0.0140625
2 0.2828125 0.4140625 0.00546875 0.01171875
2 0.234375 0.41640625 0.00625 0.0125
2 0.203125 0.4125 0.00546875 0.0109375
2 0.17734375 0.415625 0.00546875 0.01171875
2 0.11015625 0.41328125 0.00625 0.01015625
2 0.08671875 0.41484375 0.00625 0.01171875