4 0.2140625 0.5765625 0.05625 0.078125
4 0.240625 0.51015625 0.0359375 0.05
4 0.3109375 0.4859375 0.0234375 0.034375
4 0.365625 0.46875 0.0171875 0.025
4 0.45078125 0.46796875 0.0125 0.01875
4 0.73671875 0.68203125 0.059375 0.0875
0 0.5546875 0.55 0.0265625 0.04375
0 0.525 0.50390625 0.0203125 0.028125
0 0.575 0.4984375 0.0140625 0.0203125
4 0.596875 0.49296875 0.0109375 0.0171875
0 0.8015625 0.534375 0.0109375 0.01875
0 0.8125 0.52578125 0.0109375 0.015625
1 0.77734375 0.50625 0.0109375 0.021875
1 0.6953125 0.48984375 0.0109375 0.0203125
4 0.7015625 0.50390625 0.0109375 0.015625
0 0.71484375 0.52421875 0.0046875 0.0140625