0 0.0421875 0.7203125 0.0703125 0.11875
0 0.10390625 0.55703125 0.0328125 0.046875
0 0.1234375 0.509375 0.01875 0.03125
0 0.1375 0.4859375 0.0125 0.021875
0 0.1453125 0.471875 0.0109375 0.015625
0 0.15 0.4640625 0.0078125 0.0140625
4 0.55234375 0.5625 0.03125 0.05625
4 0.4390625 0.521875 0.0234375 0.0390625
4 0.35625 0.4921875 0.0140625 0.0265625
4 0.3109375 0.475 0.0109375 0.01875
4 0.29765625 0.465625 0.0078125 0.0109375
4 0.26796875 0.4578125 0.0078125 0.0140625
4 0.2546875 0.45390625 0.00625 0.0125
2 0.24609375 0.45078125 0.00625 0.0125
2 0.2390625 0.4484375 0.00625 0.0109375
2 0.23125 0.44609375 0.0046875 0.009375
2 0.2265625 0.44453125 0.0046875 0.009375
1 0.2109375 0.4375 0.0046875 0.009375
2 0.21328125 0.43984375 0.003125 0.00625
2 0.2140625 0.440625 0.003125 0.0078125
2 0.21796875 0.4421875 0.003125 0.0078125
2 0.2234375 0.4421875 0.003125 0.0078125
2 0.15859375 0.44921875 0.00625 0.009375
2 0.1578125 0.45234375 0.0046875 0.0109375
2 0.15546875 0.45546875 0.00625 0.0109375
2 0.15390625 0.45859375 0.00625 0.0125