0 0.584375 0.603125 0.04375 0.06875
4 0.0796875 0.678125 0.0578125 0.0796875
4 0.0953125 0.553125 0.021875 0.028125
2 0.17734375 0.48515625 0.00625 0.0078125
2 0.21640625 0.47890625 0.0046875 0.0078125
2 0.225 0.4796875 0.0046875 0.0078125
2 0.26953125 0.47265625 0.0046875 0.0078125
2 0.2734375 0.471875 0.0046875 0.00625
4 0.296875 0.50859375 0.0125 0.0203125
0 0.22265625 0.55625 0.025 0.034375
0 0.465625 0.4859375 0.0140625 0.0203125
0 0.38359375 0.509375 0.015625 0.025
4 0.38828125 0.4859375 0.0109375 0.0171875
2 0.321875 0.465625 0.0046875 0.0078125
2 0.33203125 0.46484375 0.0046875 0.0078125
2 0.371875 0.4609375 0.0046875 0.0078125
2 0.3859375 0.45859375 0.0046875 0.0078125
2 0.4046875 0.45703125 0.0046875 0.0078125
4 0.40234375 0.47734375 0.009375 0.0140625
4 0.409375 0.47109375 0.0078125 0.0125
4 0.41328125 0.46640625 0.00625 0.0109375
4 0.4171875 0.46328125 0.00625 0.009375
2 0.42109375 0.459375 0.0046875 0.009375
2 0.42421875 0.45625 0.0046875 0.0078125
2 0.4328125 0.45390625 0.0046875 0.0078125
2 0.4640625 0.45078125 0.0046875 0.0078125
2 0.4796875 0.4515625 0.0046875 0.009375
2 0.484375 0.453125 0.003125 0.009375
2 0.4859375 0.45625 0.0046875 0.0109375
2 0.49296875 0.45859375 0.00625 0.0109375
2 0.5015625 0.4625 0.0078125 0.0140625
0 0.5109375 0.46953125 0.009375 0.015625