0 0.0875 0.79609375 0.078125 0.121875
0 0.11953125 0.625 0.0359375 0.05
0 0.13046875 0.57421875 0.021875 0.03125
0 0.140625 0.54921875 0.0140625 0.021875
0 0.14609375 0.534375 0.0109375 0.0171875
0 0.14921875 0.52578125 0.009375 0.0140625
4 0.5625 0.55234375 0.0359375 0.0578125
4 0.44375 0.53203125 0.0265625 0.040625
4 0.35703125 0.5171875 0.015625 0.0265625
4 0.309375 0.50859375 0.0109375 0.0203125
4 0.29453125 0.5015625 0.009375 0.0109375
4 0.26484375 0.49921875 0.009375 0.0140625
4 0.25 0.49765625 0.0078125 0.0125
2 0.24140625 0.4953125 0.0078125 0.0125
2 0.234375 0.49453125 0.00625 0.0109375
2 0.22578125 0.49375 0.00625 0.009375
2 0.22109375 0.4921875 0.0046875 0.009375
1 0.20390625 0.48828125 0.00625 0.009375
2 0.20703125 0.490625 0.003125 0.00625
2 0.20859375 0.490625 0.0046875 0.0078125
2 0.2125 0.4921875 0.0046875 0.0078125
2 0.21796875 0.49140625 0.0046875 0.0078125
2 0.1546875 0.509375 0.00625 0.009375
2 0.1546875 0.5125 0.00625 0.0109375
2 0.153125 0.515625 0.00625 0.0109375
2 0.15234375 0.51875 0.00625 0.0125