1 0.82109375 0.53359375 0.1109375 0.184375
1 0.0625 0.4484375 0.1046875 0.2046875
4 0.39140625 0.3078125 0.028125 0.040625
4 0.36015625 0.271875 0.0171875 0.0203125
4 0.39453125 0.259375 0.0125 0.021875
4 0.409375 0.253125 0.0109375 0.0171875
4 0.41484375 0.2484375 0.0078125 0.015625
4 0.425 0.246875 0.0078125 0.009375
4 0.43046875 0.24453125 0.00625 0.009375
4 0.65859375 0.38515625 0.0359375 0.05625
0 0.559375 0.30078125 0.01875 0.028125
0 0.5484375 0.28203125 0.0125 0.0203125
0 0.54296875 0.27421875 0.0125 0.0125
0 0.525 0.26484375 0.0109375 0.009375
0 0.5125 0.2578125 0.0078125 0.0125
2 0.5 0.25 0.0046875 0.0109375
0 0.50234375 0.253125 0.00625 0.0109375
2 0.43046875 0.23828125 0.003125 0.0078125