4 0.5828125 0.3828125 0.01015625 0.01640625
4 0.603125 0.38984375 0.0109375 0.0203125
4 0.61640625 0.4 0.0140625 0.0171875
4 0.6265625 0.41015625 0.01875 0.02734375
4 0.6421875 0.4453125 0.02421875 0.0421875
4 0.70625 0.4578125 0.03125 0.04765625
4 0.821875 0.5390625 0.04921875 0.08203125
0 0.46640625 0.3984375 0.01015625 0.01875
0 0.43984375 0.4109375 0.0109375 0.0171875
0 0.43671875 0.41875 0.01484375 0.02734375
0 0.41875 0.4359375 0.0203125 0.03359375
0 0.37890625 0.4734375 0.02421875 0.046875
0 0.246875 0.5765625 0.0578125 0.06171875