0 0.58984375 0.5984375 0.046875 0.0703125
4 0.0890625 0.7 0.0609375 0.0828125
4 0.09921875 0.57421875 0.0234375 0.0296875
2 0.1765625 0.50234375 0.00625 0.0078125
2 0.215625 0.49375 0.0046875 0.0078125
2 0.22421875 0.49375 0.0046875 0.0078125
2 0.26796875 0.484375 0.0046875 0.0078125
2 0.27265625 0.48359375 0.0046875 0.00625
4 0.29765625 0.51875 0.0140625 0.0203125
0 0.22578125 0.5703125 0.0265625 0.0359375
0 0.46484375 0.48828125 0.0140625 0.0203125
0 0.384375 0.515625 0.0171875 0.0265625
4 0.3875 0.4921875 0.0109375 0.0171875
2 0.3203125 0.475 0.0046875 0.0078125
2 0.33046875 0.4734375 0.0046875 0.0078125
2 0.36953125 0.4671875 0.0046875 0.0078125
2 0.38359375 0.46484375 0.0046875 0.0078125
2 0.403125 0.4625 0.0046875 0.0078125
4 0.40078125 0.4828125 0.009375 0.0140625
4 0.4078125 0.47578125 0.0078125 0.0125
4 0.41171875 0.47109375 0.0078125 0.0109375
4 0.415625 0.4671875 0.00625 0.009375
2 0.41875 0.46328125 0.0046875 0.009375
2 0.421875 0.4609375 0.0046875 0.0078125
2 0.43046875 0.4578125 0.0046875 0.0078125
2 0.46171875 0.453125 0.0046875 0.0078125
2 0.47734375 0.45234375 0.0046875 0.009375
2 0.48125 0.45390625 0.003125 0.009375
2 0.48359375 0.45703125 0.00625 0.0109375
2 0.49140625 0.45859375 0.0078125 0.0125
2 0.5 0.4625 0.0078125 0.0140625
0 0.509375 0.46875 0.0109375 0.015625