0 0.1671875 0.60390625 0.0484375 0.0859375
4 0.05546875 0.484375 0.0328125 0.0421875
4 0.0609375 0.4328125 0.0171875 0.021875
0 0.19765625 0.41953125 0.009375 0.0140625
4 0.225 0.42421875 0.0109375 0.0171875
4 0.37578125 0.4234375 0.009375 0.015625
0 0.39296875 0.41796875 0.009375 0.0140625
4 0.51953125 0.42734375 0.009375 0.015625
4 0.4765625 0.5234375 0.0296875 0.05
0 0.53828125 0.4234375 0.009375 0.0140625
4 0.6578125 0.43671875 0.0109375 0.0171875
0 0.703125 0.43203125 0.009375 0.015625
4 0.7671875 0.4515625 0.0140625 0.021875
0 0.84765625 0.4453125 0.0125 0.01875
1 0.86640625 0.46171875 0.0265625 0.04375
4 0.928125 0.68671875 0.084375 0.1109375