4 0.1796875 0.47578125 0.03125 0.0421875
0 0.2859375 0.5265625 0.040625 0.0578125
4 0.5046875 0.49375 0.021875 0.0328125
4 0.653125 0.49921875 0.01875 0.028125
4 0.6984375 0.4828125 0.0140625 0.0203125
4 0.72578125 0.49453125 0.01875 0.0234375
0 0.7546875 0.5375 0.0265625 0.0390625
0 0.8875 0.52734375 0.021875 0.0203125
0 0.8265625 0.49765625 0.015625 0.0203125
0 0.70390625 0.47421875 0.009375 0.015625
0 0.57265625 0.453125 0.009375 0.0140625
4 0.61796875 0.4671875 0.0125 0.0171875
4 0.50234375 0.44921875 0.0109375 0.015625
0 0.49765625 0.4390625 0.0078125 0.0125
0 0.490625 0.43515625 0.00625 0.0109375
4 0.41796875 0.43125 0.009375 0.0125
4 0.42734375 0.4265625 0.0078125 0.0109375
4 0.51171875 0.4328125 0.00625 0.009375
0 0.540625 0.43828125 0.00625 0.009375
4 0.60390625 0.44296875 0.00625 0.0078125
0 0.6171875 0.4453125 0.00625 0.009375
2 0.67109375 0.4515625 0.00625 0.0109375
2 0.6859375 0.45078125 0.00625 0.009375