4 0.81796875 0.578125 0.0453125 0.07109375
4 0.86953125 0.50625 0.03046875 0.04453125
4 0.93359375 0.4625 0.01640625 0.0171875
4 0.94296875 0.4765625 0.0234375 0.03125
4 0.81875 0.44765625 0.0140625 0.01953125
4 0.684375 0.43828125 0.0109375 0.0171875
0 0.6578125 0.45546875 0.01484375 0.02421875
4 0.609375 0.4296875 0.00859375 0.01484375
2 0.5765625 0.41953125 0.00546875 0.01171875
4 0.58125 0.42421875 0.00703125 0.01328125
0 0.571875 0.48359375 0.0203125 0.034375
0 0.325 0.5640625 0.0375 0.0640625
0 0.53515625 0.44140625 0.01171875 0.01875
0 0.46796875 0.43203125 0.01015625 0.01484375
0 0.48203125 0.42421875 0.00703125 0.0125
2 0.49296875 0.41875 0.00546875 0.01171875