0 0.1296875 0.71796875 0.0578125 0.084375
0 0.3609375 0.615625 0.0140625 0.028125
0 0.33828125 0.62734375 0.01875 0.0328125
0 0.29921875 0.646875 0.0234375 0.04375
4 0.63125 0.63984375 0.015625 0.0328125
4 0.6671875 0.65546875 0.0203125 0.0375
4 0.70078125 0.671875 0.0234375 0.04375
4 0.775 0.7015625 0.0328125 0.0578125
4 0.878125 0.75703125 0.040625 0.08125
4 0.31015625 0.62734375 0.0125 0.034375
0 0.24609375 0.665625 0.0296875 0.053125
2 0.38359375 0.60859375 0.0125 0.0234375
2 0.22421875 0.66171875 0.0296875 0.0546875
2 0.60703125 0.62578125 0.0109375 0.025