2 0.47578125 0.53515625 0.00625 0.0125
0 0.46953125 0.5421875 0.0078125 0.015625
0 0.46796875 0.55078125 0.009375 0.0171875
0 0.4640625 0.5609375 0.009375 0.01875
4 0.4546875 0.55546875 0.0078125 0.015625
0 0.45625 0.5703125 0.0109375 0.0203125
2 0.4484375 0.57265625 0.0078125 0.01875
0 0.45 0.584375 0.009375 0.021875
0 0.4484375 0.5953125 0.0125 0.0234375
1 0.44140625 0.5984375 0.0203125 0.04375
2 0.60078125 0.5 0.0078125 0.0140625
4 0.609375 0.50546875 0.009375 0.0171875
4 0.621875 0.50859375 0.0109375 0.01875
4 0.63203125 0.5125 0.0109375 0.021875
4 0.6484375 0.51484375 0.0140625 0.021875
4 0.66328125 0.5234375 0.0140625 0.0265625
1 0.7203125 0.53359375 0.025 0.0484375