4 0.25546875 0.35 0.0421875 0.0609375
4 0.32109375 0.29140625 0.03125 0.0453125
4 0.35625 0.26328125 0.025 0.0390625
4 0.38203125 0.23515625 0.0203125 0.0328125
4 0.40546875 0.22109375 0.01875 0.0296875
1 0.43359375 0.19296875 0.01875 0.034375
1 0.64375 0.23515625 0.0171875 0.0359375
0 0.6484375 0.25 0.0140625 0.0234375
0 0.6609375 0.2625 0.015625 0.0265625
0 0.67734375 0.2859375 0.01875 0.03125
2 0.68984375 0.2890625 0.0140625 0.028125
0 0.68984375 0.309375 0.0234375 0.034375
0 0.7234375 0.3578125 0.0296875 0.0453125
4 0.74921875 0.35546875 0.028125 0.0421875
0 0.78671875 0.4390625 0.0421875 0.059375
2 0.8765625 0.58984375 0.059375 0.0859375