4 0.22890625 0.18359375 0.0265625 0.04375
4 0.2890625 0.234375 0.021875 0.0359375
4 0.4421875 0.31640625 0.0125 0.0234375
4 0.63828125 0.334375 0.0125 0.028125
4 0.71171875 0.340625 0.0140625 0.0359375
2 0.721875 0.34296875 0.025 0.053125
0 0.775 0.38203125 0.040625 0.0765625
0 0.8296875 0.353125 0.015625 0.0296875
0 0.5875 0.33203125 0.009375 0.021875
2 0.59375 0.3296875 0.0171875 0.0390625
0 0.53984375 0.33515625 0.0328125 0.0578125
0 0.44609375 0.39140625 0.0515625 0.1015625
0 0.37578125 0.703125 0.1546875 0.3265625