1 0.134375 0.6765625 0.0734375 0.14375
0 0.2140625 0.6625 0.04375 0.06875
0 0.2671875 0.6328125 0.03125 0.0546875
0 0.32734375 0.603125 0.01875 0.0390625
0 0.36171875 0.59140625 0.015625 0.0328125
0 0.38828125 0.578125 0.0125 0.028125
0 0.40390625 0.56875 0.0125 0.0234375
4 0.8046875 0.6453125 0.0328125 0.053125
4 0.7421875 0.615625 0.025 0.040625
4 0.69140625 0.6 0.0171875 0.0328125
4 0.6671875 0.58984375 0.015625 0.028125
4 0.63984375 0.5796875 0.0109375 0.025
2 0.62109375 0.56953125 0.0078125 0.0203125
2 0.421875 0.5625 0.009375 0.0203125
2 0.31015625 0.6015625 0.0171875 0.0390625
4 0.36484375 0.57734375 0.009375 0.028125