2 0.74765625 0.76328125 0.234375 0.325
0 0.5578125 0.52734375 0.09375 0.1328125
2 0.60546875 0.46015625 0.0484375 0.0671875
0 0.59609375 0.440625 0.028125 0.0484375
0 0.596875 0.42890625 0.01875 0.0375
0 0.6140625 0.421875 0.01875 0.0296875
1 0.65078125 0.41484375 0.025 0.04375
1 0.50859375 0.38671875 0.0203125 0.0375
0 0.4625 0.38984375 0.01875 0.028125
0 0.41328125 0.3890625 0.021875 0.034375
4 0.38359375 0.39375 0.0296875 0.04375
4 0.32265625 0.39921875 0.0453125 0.059375
4 0.24140625 0.4203125 0.0703125 0.09375