1 0.24609375 0.6359375 0.0453125 0.096875
0 0.28828125 0.63203125 0.0296875 0.05
0 0.31875 0.6140625 0.021875 0.040625
2 0.34296875 0.59375 0.0140625 0.0328125
0 0.35703125 0.59453125 0.015625 0.0328125
4 0.37890625 0.57578125 0.0078125 0.0234375
0 0.3828125 0.58515625 0.0125 0.0296875
0 0.40234375 0.57421875 0.0109375 0.0234375
0 0.4140625 0.5671875 0.009375 0.0203125
2 0.42890625 0.56171875 0.0078125 0.0171875
4 0.74453125 0.59921875 0.025 0.040625
4 0.70390625 0.58359375 0.01875 0.0328125
4 0.665625 0.57578125 0.0140625 0.0265625
4 0.6484375 0.56953125 0.0109375 0.025
4 0.62578125 0.56328125 0.009375 0.0203125
2 0.61015625 0.5578125 0.0078125 0.01875