1 0.62265625 0.50703125 0.015625 0.0359375
4 0.3015625 0.53203125 0.00625 0.0140625
4 0.321875 0.525 0.00625 0.0125
2 0.33828125 0.52734375 0.00625 0.0140625
4 0.35859375 0.51875 0.00625 0.0109375
0 0.3671875 0.525 0.00625 0.0140625
2 0.3890625 0.5265625 0.0078125 0.0140625
2 0.39140625 0.515625 0.00625 0.0125
0 0.41328125 0.52734375 0.0078125 0.0171875
4 0.4265625 0.51328125 0.00625 0.0125
0 0.43984375 0.528125 0.0078125 0.01875
4 0.4640625 0.5109375 0.00625 0.0140625
4 0.49453125 0.51015625 0.009375 0.015625
0 0.47421875 0.53046875 0.0109375 0.01875
1 0.4984375 0.5328125 0.0171875 0.0375
0 0.5375 0.509375 0.0078125 0.015625
0 0.58359375 0.51015625 0.009375 0.01875