0 0.42265625 0.44375 0.009375 0.015625
0 0.42734375 0.4390625 0.0078125 0.0140625
4 0.4328125 0.446875 0.0078125 0.015625
4 0.4390625 0.4515625 0.009375 0.01875
4 0.459375 0.45390625 0.0109375 0.021875
1 0.43984375 0.42890625 0.009375 0.021875
2 0.48203125 0.4625 0.0171875 0.0265625
0 0.50703125 0.425 0.0078125 0.0140625
0 0.51171875 0.428125 0.009375 0.015625
1 0.51640625 0.415625 0.009375 0.01875
0 0.52109375 0.43125 0.009375 0.0171875
2 0.53359375 0.43359375 0.0109375 0.01875
0 0.54609375 0.44140625 0.0125 0.021875
4 0.5296875 0.46640625 0.015625 0.028125
2 0.58203125 0.4421875 0.0125 0.0234375
4 0.609375 0.45546875 0.015625 0.0296875
4 0.64453125 0.4359375 0.0140625 0.0234375