1 0.57890625 0.66171875 0.025 0.0421875
1 0.43046875 0.63046875 0.025 0.0421875
0 0.4375 0.6234375 0.0109375 0.021875
0 0.425 0.609375 0.0140625 0.0203125
0 0.41171875 0.6 0.0125 0.01875
2 0.4 0.59140625 0.0109375 0.0171875
0 0.39375 0.58359375 0.0109375 0.015625
2 0.3734375 0.57578125 0.0078125 0.0140625
4 0.34296875 0.56875 0.009375 0.015625
4 0.37109375 0.56953125 0.0078125 0.0125
4 0.4046875 0.57734375 0.0078125 0.0125
2 0.42890625 0.5859375 0.0109375 0.015625
4 0.45234375 0.59609375 0.0109375 0.015625
4 0.48046875 0.60703125 0.0109375 0.01875
4 0.5 0.61796875 0.0125 0.01875
0 0.5328125 0.6328125 0.0140625 0.0203125
0 0.56015625 0.65 0.015625 0.0234375