0 0.43515625 0.43046875 0.0078125 0.015625
0 0.440625 0.4265625 0.00625 0.0140625
4 0.44375 0.43515625 0.00625 0.015625
4 0.44921875 0.440625 0.0078125 0.0171875
4 0.46875 0.446875 0.0078125 0.0203125
1 0.4546875 0.41875 0.00625 0.021875
2 0.48984375 0.46015625 0.0125 0.025
0 0.521875 0.42734375 0.0046875 0.0140625
0 0.52578125 0.43203125 0.00625 0.015625
1 0.53203125 0.4203125 0.00625 0.01875
0 0.53359375 0.43671875 0.0078125 0.015625
2 0.5453125 0.44140625 0.009375 0.0171875
0 0.55625 0.45078125 0.009375 0.0203125
4 0.5359375 0.47265625 0.0109375 0.028125
2 0.59140625 0.45859375 0.009375 0.021875
4 0.61640625 0.47734375 0.0109375 0.028125
4 0.6546875 0.4640625 0.0109375 0.0234375