2 0.18671875 0.55859375 0.084375 0.1125
4 0.403125 0.465625 0.0453125 0.065625
4 0.46875 0.434375 0.0328125 0.046875
2 0.6390625 0.55625 0.103125 0.178125
0 0.603125 0.471875 0.0515625 0.0984375
4 0.5234375 0.41328125 0.025 0.0390625
0 0.55546875 0.4015625 0.0203125 0.03125
0 0.60546875 0.38671875 0.0171875 0.0265625
1 0.65390625 0.3671875 0.01875 0.0375
2 0.703125 0.4078125 0.0375 0.0609375
0 0.71796875 0.390625 0.028125 0.0484375
0 0.73125 0.37890625 0.0234375 0.0390625
0 0.75703125 0.365625 0.021875 0.034375
1 0.80625 0.34375 0.0265625 0.046875