1 0.2703125 0.6734375 0.059375 0.1015625
0 0.31171875 0.66328125 0.0359375 0.053125
0 0.33828125 0.64140625 0.028125 0.0421875
2 0.359375 0.61640625 0.01875 0.034375
0 0.3734375 0.615625 0.0203125 0.034375
4 0.3921875 0.59375 0.0109375 0.0234375
0 0.39765625 0.60234375 0.0171875 0.03125
0 0.41484375 0.5890625 0.0140625 0.0234375
0 0.42578125 0.5796875 0.0125 0.021875
2 0.43984375 0.571875 0.0109375 0.01875
4 0.75703125 0.559375 0.03125 0.04375
4 0.71484375 0.55078125 0.0234375 0.0359375
4 0.675 0.54921875 0.01875 0.028125
4 0.65703125 0.5453125 0.015625 0.025
4 0.634375 0.54296875 0.0125 0.021875
2 0.61796875 0.53984375 0.0109375 0.01875