1 0.765625 0.553125 0.1171875 0.2140625
0 0.71796875 0.496875 0.0421875 0.06875
0 0.65546875 0.4609375 0.028125 0.046875
0 0.61640625 0.44375 0.0203125 0.0375
2 0.5875 0.4328125 0.0203125 0.03125
4 0.58984375 0.41640625 0.0109375 0.01875
0 0.57265625 0.42421875 0.0140625 0.025
2 0.5390625 0.4171875 0.0125 0.0234375
4 0.534375 0.4109375 0.009375 0.01875
4 0.48984375 0.4125 0.0125 0.021875
2 0.634375 0.421875 0.0140625 0.021875
4 0.68515625 0.43125 0.0171875 0.028125
4 0.75390625 0.4453125 0.0203125 0.0328125
4 0.821875 0.459375 0.0265625 0.0421875