4 0.46953125 0.46875 0.146875 0.2265625
0 0.4828125 0.3296875 0.0421875 0.065625
2 0.62578125 0.33671875 0.0640625 0.0890625
2 0.43984375 0.31171875 0.028125 0.0453125
0 0.409375 0.30625 0.0234375 0.0390625
0 0.3828125 0.2984375 0.0140625 0.028125
0 0.390625 0.30234375 0.0203125 0.034375
1 0.39921875 0.28671875 0.01875 0.0375
1 0.26484375 0.29921875 0.01875 0.0375
0 0.2328125 0.3140625 0.015625 0.0265625
2 0.2390625 0.39140625 0.071875 0.115625
4 0.215625 0.34921875 0.03125 0.0625
4 0.1984375 0.3375 0.0328125 0.05
4 0.2078125 0.3265625 0.0171875 0.0375