4 0.7296875 0.47578125 0.0625 0.096875
0 0.52890625 0.44453125 0.0109375 0.025
2 0.45390625 0.45390625 0.01875 0.0359375
1 0.46953125 0.45078125 0.00625 0.021875
2 0.41328125 0.4515625 0.0140625 0.0296875
1 0.353125 0.45390625 0.0125 0.03125
4 0.32578125 0.46484375 0.01875 0.0375
4 0.2890625 0.48046875 0.0296875 0.0546875
0 0.1609375 0.53125 0.059375 0.1
0 0.09609375 0.4890625 0.01875 0.04375
4 0.84609375 0.33046875 0.03125 0.0546875
4 0.79765625 0.31953125 0.025 0.0421875
2 0.3015625 0.39453125 0.009375 0.025