2 0.296875 0.48515625 0.0171875 0.028125
4 0.3921875 0.4703125 0.015625 0.0234375
4 0.43984375 0.46171875 0.0125 0.021875
4 0.47109375 0.45703125 0.0125 0.01875
4 0.5 0.44921875 0.0125 0.01875
4 0.528125 0.44609375 0.0109375 0.01875
2 0.5578125 0.45703125 0.021875 0.0375
1 0.56640625 0.43515625 0.0125 0.021875
0 0.61171875 0.44609375 0.01875 0.03125
0 0.6421875 0.4390625 0.015625 0.0265625
4 0.6671875 0.43515625 0.015625 0.0265625
0 0.6859375 0.4296875 0.0125 0.021875
2 0.69453125 0.428125 0.0125 0.021875
0 0.7015625 0.42578125 0.0109375 0.01875
0 0.70703125 0.425 0.0109375 0.01875
1 0.71171875 0.41875 0.0125 0.0265625