1 0.39140625 0.625 0.15625 0.3296875
0 0.46953125 0.60546875 0.0671875 0.109375
0 0.503125 0.57578125 0.0421875 0.0703125
0 0.5265625 0.55625 0.025 0.0484375
0 0.54453125 0.5484375 0.021875 0.0390625
0 0.553125 0.540625 0.0140625 0.03125
0 0.55546875 0.5375 0.009375 0.025
2 0.5609375 0.53359375 0.0125 0.0234375
2 0.68359375 0.51484375 0.0140625 0.021875
4 0.7078125 0.51484375 0.015625 0.0265625
4 0.73828125 0.5140625 0.01875 0.034375
4 0.7828125 0.5125 0.025 0.040625
4 0.846875 0.5109375 0.0390625 0.05625