1 0.74375 0.528125 0.0203125 0.040625
1 0.65234375 0.5296875 0.0234375 0.046875
0 0.67109375 0.51328125 0.0140625 0.021875
4 0.29140625 0.43125 0.0109375 0.015625
4 0.33828125 0.4359375 0.0125 0.0171875
2 0.33046875 0.44375 0.0109375 0.01875
0 0.3734375 0.45234375 0.0109375 0.01875
2 0.384375 0.44453125 0.009375 0.015625
2 0.42109375 0.46640625 0.0125 0.0203125
4 0.43828125 0.45703125 0.0125 0.0171875
0 0.4625 0.47734375 0.0125 0.021875
4 0.49296875 0.46875 0.0109375 0.01875
0 0.51171875 0.490625 0.015625 0.0234375
4 0.27890625 0.434375 0.0078125 0.0140625