1 0.24375 0.67265625 0.0640625 0.1109375
0 0.2890625 0.6609375 0.0390625 0.0578125
0 0.31953125 0.634375 0.0296875 0.046875
0 0.359375 0.60625 0.0203125 0.0359375
2 0.34453125 0.6078125 0.0203125 0.0359375
0 0.38359375 0.59140625 0.0171875 0.0296875
0 0.40390625 0.5765625 0.0140625 0.025
0 0.415625 0.5671875 0.0109375 0.021875
2 0.4296875 0.559375 0.0109375 0.0171875
2 0.6109375 0.52578125 0.0109375 0.01875
4 0.62734375 0.53125 0.0125 0.0234375
4 0.6515625 0.534375 0.015625 0.028125
4 0.671875 0.53828125 0.0171875 0.03125
4 0.7125 0.53984375 0.025 0.0375
4 0.759375 0.55078125 0.03125 0.046875
4 0.37890625 0.58125 0.0125 0.0265625