0 0.10390625 0.46875 0.021875 0.0390625
4 0.21875 0.41875 0.090625 0.1578125
4 0.275 0.43671875 0.01875 0.0390625
0 0.37578125 0.390625 0.0125 0.028125
4 0.41640625 0.409375 0.0125 0.0328125
2 0.415625 0.4390625 0.0203125 0.04375
2 0.5453125 0.403125 0.01875 0.0390625
1 0.61875 0.371875 0.0203125 0.053125
2 0.59453125 0.2984375 0.0140625 0.0296875
0 0.67265625 0.4078125 0.0203125 0.040625
0 0.61171875 0.4453125 0.03125 0.053125
0 0.84375 0.46875 0.0359375 0.0578125
1 0.8546875 0.396875 0.0296875 0.0640625