1 0.20546875 0.5953125 0.0609375 0.109375
0 0.253125 0.59609375 0.0375 0.05625
0 0.28984375 0.5796875 0.028125 0.046875
0 0.3359375 0.56328125 0.0203125 0.0359375
2 0.32109375 0.5609375 0.01875 0.0359375
0 0.36328125 0.55546875 0.0171875 0.0296875
0 0.38671875 0.54765625 0.0140625 0.025
0 0.40078125 0.54140625 0.0109375 0.021875
2 0.415625 0.5375 0.009375 0.0171875
2 0.59921875 0.55546875 0.009375 0.01875
4 0.6140625 0.56484375 0.0125 0.0234375
4 0.63671875 0.575 0.015625 0.0265625
4 0.6546875 0.584375 0.0171875 0.0296875
4 0.69375 0.596875 0.0234375 0.0359375
4 0.73515625 0.6203125 0.0296875 0.0453125
4 0.36171875 0.5453125 0.0109375 0.0265625