1 0.74921875 0.58984375 0.0671875 0.1484375
2 0.7296875 0.38359375 0.01875 0.0390625
1 0.68828125 0.48203125 0.0328125 0.071875
0 0.6046875 0.4671875 0.0109375 0.0234375
0 0.559375 0.5109375 0.025 0.053125
4 0.51484375 0.471875 0.009375 0.0296875
2 0.5234375 0.478125 0.01875 0.040625
4 0.45546875 0.4671875 0.0109375 0.025
2 0.42109375 0.4734375 0.015625 0.03125
0 0.4109375 0.46484375 0.009375 0.021875
0 0.3859375 0.49453125 0.021875 0.046875
0 0.3203125 0.56171875 0.0375 0.075
4 0.26953125 0.465625 0.0125 0.025
4 0.10859375 0.40390625 0.01875 0.0359375
0 0.34921875 0.765625 0.090625 0.171875