1 0.2125 0.69765625 0.2171875 0.3703125
0 0.328125 0.6296875 0.08125 0.1171875
0 0.37265625 0.584375 0.05 0.0765625
0 0.403125 0.55390625 0.0328125 0.0515625
0 0.42265625 0.54140625 0.0265625 0.0421875
0 0.43203125 0.53046875 0.021875 0.034375
0 0.43671875 0.52421875 0.015625 0.028125
2 0.44453125 0.51953125 0.015625 0.025
2 0.4484375 0.515625 0.0125 0.021875
2 0.559375 0.48515625 0.0140625 0.0234375
4 0.58046875 0.48359375 0.0171875 0.0265625
4 0.6046875 0.48125 0.0203125 0.0328125
4 0.640625 0.47734375 0.028125 0.0421875
4 0.6921875 0.47265625 0.0359375 0.0515625
4 0.76484375 0.465625 0.053125 0.071875