4 0.0953125 0.509375 0.01015625 0.02890625
4 0.19609375 0.5 0.0140625 0.02578125
4 0.25703125 0.49453125 0.01171875 0.02265625
4 0.3140625 0.4875 0.01015625 0.02109375
4 0.36015625 0.484375 0.01015625 0.0203125
1 0.428125 0.47421875 0.00859375 0.02265625
0 0.42265625 0.496875 0.015625 0.034375
4 0.45703125 0.49609375 0.015625 0.034375
0 0.48671875 0.48828125 0.01171875 0.02890625
0 0.521875 0.48359375 0.00859375 0.025
2 0.5328125 0.48359375 0.0109375 0.02734375
2 0.15625 0.5359375 0.034375 0.06015625
0 0.32890625 0.51171875 0.0203125 0.04296875
0 0.55625 0.4796875 0.009375 0.021875
0 0.56953125 0.478125 0.009375 0.0203125
1 0.58125 0.4703125 0.0109375 0.03203125